0	1	57
0.817713471350	-0.313932764423	0.482484091132	-0.259012985349
0.224373109904	0.945724775036	0.235077343517	0.042112187004
-0.530095638848	-0.083969454597	0.843769959390	-0.023563474201
0.000000000000	0.000000000000	0.000000000000	1.000000000000
0	14	57
0.951741174283	0.064644395646	-0.300016398361	0.725454466490
-0.045698913639	0.996517307035	0.069748591903	-0.083140345273
0.303480388932	-0.052672183283	0.951380730645	0.137677350228
0.000000000000	0.000000000000	0.000000000000	1.000000000000
0	24	57
0.482780571461	-0.341525422890	0.806401454202	-1.326920904706
0.289417441091	0.931304649002	0.221154234730	-0.294427242323
-0.826535216801	0.126617677543	0.548459204610	1.138553326434
0.000000000000	0.000000000000	0.000000000000	1.000000000000
0	25	57
0.597699237165	-0.391396255659	0.699688925844	-1.275987455397
0.332663213881	0.915133633075	0.227740246213	-0.100798779201
-0.729445548360	0.096640595354	0.677177810702	0.397863805731
0.000000000000	0.000000000000	0.000000000000	1.000000000000
0	26	57
0.843614031632	-0.307418100647	0.440237977721	-1.880957993077
0.256797634677	0.951034271330	0.172013922632	0.070506292225
-0.471561597735	-0.032061287395	0.881250096960	-0.059444263607
0.000000000000	0.000000000000	0.000000000000	1.000000000000
1	2	57
0.700495835556	-0.059207102019	0.711196248190	-0.479639702275
0.440926864059	0.819497728846	-0.366069628579	-0.055880243352
-0.561149788310	0.570015781788	0.600160748127	-0.134572064645
0.000000000000	0.000000000000	0.000000000000	1.000000000000
1	14	57
0.618157155849	0.316483394454	-0.719527617057	0.648826375090
-0.369474925434	0.924929487172	0.089407624034	-0.451528824864
0.693808338195	0.210579450076	0.688684459718	0.562036296046
0.000000000000	0.000000000000	0.000000000000	1.000000000000
1	15	57
0.897019399181	-0.272935231958	0.347652925557	0.080848432550
0.281887581168	0.959104703490	0.025642919612	-0.327513765876
-0.340434412296	0.074996845928	0.937272577229	0.467550674689
0.000000000000	0.000000000000	0.000000000000	1.000000000000
1	16	57
0.531290511782	-0.287866283075	0.796783154415	-0.582234474833
0.418254894105	0.907017731303	0.048802445225	-0.127590447149
-0.736745027569	0.307330177775	0.602291396403	0.091225947848
0.000000000000	0.000000000000	0.000000000000	1.000000000000
1	23	57
0.186843128232	-0.401009343610	0.896817234318	-1.804154852290
0.566843434257	0.789604984813	0.234973379338	-0.327167641360
-0.802357879298	0.464451799755	0.374841778931	0.771789234179
0.000000000000	0.000000000000	0.000000000000	1.000000000000
1	24	57
0.894985556744	-0.131335785619	0.426323544548	-1.586431822360
0.185701271012	0.978625013690	-0.088363570127	-0.075003432767
-0.405605585717	0.158252943091	0.900244475039	0.397292983047
0.000000000000	0.000000000000	0.000000000000	1.000000000000
1	25	57
0.948388192826	-0.161305508514	0.273020820876	-1.091010474502
0.194966350545	0.975612037738	-0.100842818168	0.235912905566
-0.250095897335	0.148868011151	0.956708083687	-0.142042114010
0.000000000000	0.000000000000	0.000000000000	1.000000000000
2	15	57
0.947884163141	0.186509882174	-0.258320880144	-0.101675207478
-0.018042194019	0.840881047002	0.540919165891	0.077208545427
0.318103902054	-0.508068035449	0.800422875019	0.855979041760
0.000000000000	0.000000000000	0.000000000000	1.000000000000
2	16	57
0.969682717007	0.010406343321	0.244145727707	-0.242522981679
-0.094322327075	0.937606717405	0.334659441959	0.086702574962
-0.225430093275	-0.347541870134	0.910162579735	0.071967699725
0.000000000000	0.000000000000	0.000000000000	1.000000000000
2	23	57
0.844469820176	-0.204717912612	0.494935651440	-1.517324780319
0.023509092536	0.937348410370	0.347599309758	0.391851059821
-0.535086951232	-0.281901638576	0.796375175900	-0.349574253595
0.000000000000	0.000000000000	0.000000000000	1.000000000000
3	4	57
0.959663774432	0.035746609258	0.278868463563	0.020048087506
0.160062720962	0.745982908714	-0.646443675245	0.267020064257
-0.231139277064	0.665005022412	0.710171074295	-0.503731415659
0.000000000000	0.000000000000	0.000000000000	1.000000000000
3	12	57
0.739502555202	-0.181028190622	0.648355431110	-1.607719959635
0.366214032438	0.916348382393	-0.161842282891	-0.284830795802
-0.564821434875	0.357119638617	0.743937033908	0.661919533669
0.000000000000	0.000000000000	0.000000000000	1.000000000000
3	16	57
0.808546634373	0.289638787973	-0.512212565783	-0.030671393897
-0.382839599608	0.919977871911	-0.084110380852	-0.044947334772
0.446862597469	0.264102418952	0.854730209649	0.062976066593
0.000000000000	0.000000000000	0.000000000000	1.000000000000
3	17	57
0.964256750728	-0.058313003373	0.258473426706	-0.258403807098
0.095187286328	0.986598840935	-0.132522102261	0.409373048509
-0.247281821404	0.152388715802	0.956885249181	-0.565555813931
0.000000000000	0.000000000000	0.000000000000	1.000000000000
4	17	57
0.998028276860	0.062765277596	-0.000280206042	-0.207625402739
-0.051953182575	0.828594146887	0.557433948163	0.031899866589
0.035219673584	-0.556320285153	0.830221244561	-0.201545999820
0.000000000000	0.000000000000	0.000000000000	1.000000000000
5	6	57
0.863528171157	0.000448360292	0.504300403125	-0.073484167858
0.282291879948	0.828218566310	-0.484112901020	-0.026184989419
-0.417888013868	0.560405036908	0.715063495414	-0.089711821285
0.000000000000	0.000000000000	0.000000000000	1.000000000000
5	11	57
0.663684508426	-0.160538725314	0.730582090494	-1.694190656992
0.448095609301	0.867382939185	-0.216465151321	0.435760432702
-0.598943401500	0.471035194530	0.647605317546	-0.340626111919
0.000000000000	0.000000000000	0.000000000000	1.000000000000
5	13	57
0.554987612410	-0.363495572900	0.748237742000	-1.700637823950
0.504141794171	0.862445479301	0.045042719765	0.200541489036
-0.661687087256	0.352219766220	0.661899867686	-0.058853452100
0.000000000000	0.000000000000	0.000000000000	1.000000000000
5	17	57
0.568043516744	0.475298584812	-0.671876341569	0.198493859482
-0.468117047086	0.858049681890	0.211227776669	-0.023266760972
0.676899544477	0.194530199929	0.709904928848	-0.049788327530
0.000000000000	0.000000000000	0.000000000000	1.000000000000
5	18	57
0.887445529463	-0.229502109179	0.399711413545	0.123564768771
0.260419712251	0.965197139808	-0.024001141165	0.156879097285
-0.380292000583	0.125392436728	0.916326760007	-0.261507847794
0.000000000000	0.000000000000	0.000000000000	1.000000000000
5	22	57
0.983711869049	-0.093582054278	0.153471032476	0.363631101353
0.099230744723	0.994625529703	-0.029551902908	0.420996624282
-0.149880679189	0.044299602490	0.987711155766	-0.649536796160
0.000000000000	0.000000000000	0.000000000000	1.000000000000
5	32	57
-0.277134241805	0.780664084096	-0.560143017292	1.753579175824
-0.304351474011	0.481633837879	0.821826640160	-0.882270104010
0.911354372506	0.398236655786	0.104119036214	1.050445678843
0.000000000000	0.000000000000	0.000000000000	1.000000000000
6	18	57
0.999549062500	0.012477140181	-0.027312865631	0.250538947919
0.002378948376	0.873820957406	0.486241992225	0.062550853112
0.029933463894	-0.486087703374	0.873397236295	-0.131495228209
0.000000000000	0.000000000000	0.000000000000	1.000000000000
7	8	57
0.757998281389	0.023125723770	0.651846459154	-0.304764461167
0.350325456228	0.828555347729	-0.436770088798	0.235640549845
-0.550191494054	0.559429384865	0.619941999884	-0.325408319403
0.000000000000	0.000000000000	0.000000000000	1.000000000000
7	19	57
0.871526046406	0.096479679626	-0.480763998086	1.254960585748
-0.305563371422	0.873668298037	-0.378595735647	-0.480579642185
0.383501468683	0.476859912788	0.790905333838	0.272561609707
0.000000000000	0.000000000000	0.000000000000	1.000000000000
8	9	57
0.961387279578	-0.165502702734	0.219871221522	0.367855919194
0.087719157710	0.941570690961	0.325192225144	-0.034801082501
-0.260844490141	-0.293348750315	0.919731842795	0.197085229737
0.000000000000	0.000000000000	0.000000000000	1.000000000000
9	10	57
0.816863865665	0.267931840701	-0.510828693115	1.151391248003
-0.308396476976	0.951240385552	0.005774243205	-0.189104646802
0.487467986600	0.152820998669	0.859663134260	-0.004570382573
0.000000000000	0.000000000000	0.000000000000	1.000000000000
9	25	57
0.213206426817	-0.363209967997	0.906984861347	-0.856418726801
0.444246105043	0.862851624449	0.241106765436	-0.266793551639
-0.870165741522	0.351518980047	0.345320125317	0.732380213724
0.000000000000	0.000000000000	0.000000000000	1.000000000000
9	26	57
0.567812433807	-0.326324424509	0.755712518080	-1.584210875364
0.380850896324	0.918038582130	0.110262216965	-0.057086327036
-0.729754503093	0.225205532102	0.645554671214	0.576021634523
0.000000000000	0.000000000000	0.000000000000	1.000000000000
10	26	57
-0.021753371318	-0.522672557816	0.852255940515	-1.903840005745
0.419858625817	0.768866435677	0.482248005094	-0.704683141289
-0.907328785592	0.368317527951	0.202723144807	1.820084032172
0.000000000000	0.000000000000	0.000000000000	1.000000000000
10	29	57
-0.921665034259	0.346013460344	-0.175522790216	-1.233848504844
-0.097108587651	-0.643721463165	-0.759073514269	2.083507950604
-0.375637440665	-0.682566746276	0.626896442844	0.727405397077
0.000000000000	0.000000000000	0.000000000000	1.000000000000
11	13	57
0.988720838720	-0.092558922035	0.117745271804	-0.287951698798
0.064940480822	0.973370175028	0.219848211992	-0.014844276777
-0.134958649338	-0.209722073986	0.968402196740	0.228814364809
0.000000000000	0.000000000000	0.000000000000	1.000000000000
12	16	57
0.201117689039	0.411845919079	-0.888782658524	1.597027736228
-0.321378698515	0.884842564743	0.337297150535	-0.309913533331
0.925347182033	0.217799390625	0.310315997247	0.550836352680
0.000000000000	0.000000000000	0.000000000000	1.000000000000
12	17	57
0.887972206477	0.204260630669	-0.412047273117	1.958894402079
-0.150383094661	0.975663764222	0.159578018609	0.007318447718
0.434615100249	-0.079735901212	0.897079651254	-0.149177735698
0.000000000000	0.000000000000	0.000000000000	1.000000000000
13	18	57
0.874748058350	0.279095107081	-0.396133507314	1.133059962530
-0.229757556161	0.958630122153	0.168046881220	-0.767736754905
0.426646574814	-0.055984016505	0.902684047768	1.258071387002
0.000000000000	0.000000000000	0.000000000000	1.000000000000
13	22	57
0.695183185444	0.438801248832	-0.569362628471	1.624108266290
-0.338022388728	0.898581784167	0.279806436455	-0.792228498234
0.634398300277	-0.002059414075	0.773003593406	1.154501542678
0.000000000000	0.000000000000	0.000000000000	1.000000000000
13	27	57
-0.933481729037	-0.162983536490	0.319449884000	-0.118102017145
-0.221338370577	-0.439034163514	-0.870780298914	2.222635267721
0.282172265230	-0.883564015847	0.373755859666	2.259103037688
0.000000000000	0.000000000000	0.000000000000	1.000000000000
13	29	57
-0.801662282679	-0.246628462761	0.544529141447	-0.421855137512
-0.308192623439	-0.610004224045	-0.730008324271	1.314545566290
0.512205907216	-0.753040004251	0.413008305739	1.471481226789
0.000000000000	0.000000000000	0.000000000000	1.000000000000
13	32	57
-0.911865491854	-0.234630807199	0.336822964002	-0.223675184896
-0.258548811102	-0.309035958360	-0.915231822392	2.511056935519
0.318831988740	-0.921653492780	0.221135709921	1.634711304852
0.000000000000	0.000000000000	0.000000000000	1.000000000000
14	15	57
0.217012574371	-0.494362563517	0.841731072467	-0.438206286598
0.475063764123	0.806765005188	0.351346903247	-0.110100879496
-0.852771928819	0.323629235695	0.409931890955	0.349456937964
0.000000000000	0.000000000000	0.000000000000	1.000000000000
14	23	57
-0.661927939969	-0.208934793033	0.719859468611	-1.371385333622
0.393919237702	0.720093346782	0.571220803270	-0.600076596907
-0.637713914272	0.661673502704	-0.394346471220	1.932748760051
0.000000000000	0.000000000000	0.000000000000	1.000000000000
14	24	57
0.195471142271	-0.346261496678	0.917547823526	-1.628880850212
0.381724617310	0.888677314696	0.254045167015	-0.429013992838
-0.903369995671	0.300592092814	0.305887307123	1.533150951267
0.000000000000	0.000000000000	0.000000000000	1.000000000000
14	25	57
0.356230037778	-0.369990232847	0.858025283883	-1.796097233973
0.401532522388	0.889771894674	0.216973751670	-0.118149836423
-0.843724951421	0.267232488756	0.465526587107	0.790556272343
0.000000000000	0.000000000000	0.000000000000	1.000000000000
14	26	57
0.644768229416	-0.353255668612	0.677852759033	-2.560426782811
0.319889827610	0.930113539396	0.180441963034	-0.068387739091
-0.694222175191	0.100494957214	0.712710554887	0.609695425222
0.000000000000	0.000000000000	0.000000000000	1.000000000000
15	16	57
0.847015729075	-0.121453204886	0.517506979395	-0.397433333819
0.212836794785	0.969591280509	-0.120802514654	0.340876995409
-0.487098402261	0.212466156797	0.847108776209	-0.586859045072
0.000000000000	0.000000000000	0.000000000000	1.000000000000
15	23	57
0.617709963947	-0.288711951053	0.731491496710	-1.776738746158
0.440859867356	0.897393559336	-0.018093562880	0.591597802414
-0.651211930016	0.333661818286	0.681610455629	-0.390883240957
0.000000000000	0.000000000000	0.000000000000	1.000000000000
16	17	57
0.659849586737	-0.304423941057	0.686967675364	-0.590646922198
0.274047510647	0.948779070294	0.157213986913	0.302037344857
-0.699640253839	0.084524197034	0.709478100665	-0.471946957050
0.000000000000	0.000000000000	0.000000000000	1.000000000000
16	23	57
0.937932904490	-0.231647439493	0.258111081614	-1.141364022927
0.226975420368	0.972707663847	0.048186712304	0.425181246483
-0.262228955732	0.013388968222	0.964912799327	-0.618899633030
0.000000000000	0.000000000000	0.000000000000	1.000000000000
18	22	57
0.948153086828	0.164210485443	-0.272104098480	0.539551674447
-0.147470077722	0.985742767316	0.081017114622	0.064157512227
0.281528506755	-0.036689414763	0.958851180699	-0.213622633645
0.000000000000	0.000000000000	0.000000000000	1.000000000000
19	21	57
0.896034968085	-0.125134023954	0.425984520866	0.300190110728
0.067351638091	0.986666508227	0.148165307648	-0.072134121736
-0.438845180918	-0.104070541428	0.892515674704	0.060688907870
0.000000000000	0.000000000000	0.000000000000	1.000000000000
19	31	57
0.039599625937	0.143603273357	0.988842742557	-1.598567966835
0.214630762082	0.965297063387	-0.148779082483	-0.029313229017
-0.975892158793	0.218127667428	0.007403722630	2.326073255002
0.000000000000	0.000000000000	0.000000000000	1.000000000000
20	21	57
0.970005846481	0.061043991282	-0.235291922770	0.102204533101
-0.144520041859	0.923128550091	-0.356297119703	0.053732072166
0.195454893246	0.379614687724	0.904262170817	-0.187024424959
0.000000000000	0.000000000000	0.000000000000	1.000000000000
20	30	57
0.532217763438	-0.274866079249	0.800745209639	-2.589128127639
0.539821799865	0.838790845324	-0.070868485170	0.644640174325
-0.652178408621	0.469977186976	0.594798089313	0.980940168021
0.000000000000	0.000000000000	0.000000000000	1.000000000000
20	31	57
0.756112455631	0.066989737528	0.651004093309	-2.593921830341
0.428902672905	0.700615190357	-0.570246308376	0.197408115399
-0.494304007282	0.710387732233	0.501011794550	0.237222868198
0.000000000000	0.000000000000	0.000000000000	1.000000000000
21	30	57
0.287448191806	-0.605773426203	0.741897629821	-2.461528507417
0.389848101547	0.781519484527	0.487078795500	0.086260275931
-0.874866844010	0.149217463494	0.460805982861	1.232441765856
0.000000000000	0.000000000000	0.000000000000	1.000000000000
21	31	57
0.520669901420	0.065903303969	0.851210672091	-2.631995029695
0.316520315145	0.911065959476	-0.264147132454	0.010071839593
-0.792917236448	0.406958931600	0.453504888767	1.107758791816
0.000000000000	0.000000000000	0.000000000000	1.000000000000
24	25	57
0.990750561944	0.027254918487	-0.132930408206	0.664625286103
-0.021216788756	0.998686869683	0.046630292713	0.088066411246
0.134026758084	-0.043378632319	0.990027839192	-0.327163494205
0.000000000000	0.000000000000	0.000000000000	1.000000000000
24	26	57
0.878058174396	0.176309456742	-0.444891917032	0.775940250850
-0.145215615568	0.983987638463	0.103347725409	0.440507048519
0.455989328134	-0.026140061507	0.889601275748	-1.031512020794
0.000000000000	0.000000000000	0.000000000000	1.000000000000
25	26	57
0.932583092077	0.169111824837	-0.318888643688	0.020284981374
-0.153293032071	0.985386263942	0.074264104072	0.333579808530
0.326787427377	-0.020374040722	0.944878233305	-0.699687954183
0.000000000000	0.000000000000	0.000000000000	1.000000000000
25	29	57
0.966140480257	-0.141645130351	0.215659985758	0.005235799888
0.160946348024	0.984136105475	-0.074648502718	0.780328998141
-0.201665181593	0.106830627389	0.973610996027	-1.506121957495
0.000000000000	0.000000000000	0.000000000000	1.000000000000
26	29	57
0.823570348980	-0.204083886015	0.529227406461	-0.330958859095
0.280899452832	0.957328164609	-0.067957947629	0.415395228918
-0.492775179650	0.204627839543	0.845754142529	-0.716637511476
0.000000000000	0.000000000000	0.000000000000	1.000000000000
27	28	57
0.947364519917	-0.018968122996	0.319594550504	-0.021538687506
0.148341777234	0.910629830636	-0.385678659875	0.069924559185
-0.283716731140	0.412787502071	0.865512157399	-0.272394057522
0.000000000000	0.000000000000	0.000000000000	1.000000000000
27	29	57
0.942378661016	0.111720423989	-0.315342680470	0.285636425103
-0.162585626177	0.976735430199	-0.139834951121	0.103147903878
0.292383948641	0.183047661166	0.938618761968	-0.233176567706
0.000000000000	0.000000000000	0.000000000000	1.000000000000
27	32	57
0.993504806061	0.025401777666	-0.110918664005	0.005571340067
-0.008740881265	0.988921339989	0.148182928532	0.420498663815
0.113453943642	-0.146250924801	0.982720138018	-0.551402709391
0.000000000000	0.000000000000	0.000000000000	1.000000000000
28	29	57
0.804624670742	0.146338331269	-0.575468706390	0.222780242048
-0.011814249069	0.972909007462	0.230886306910	0.095648678103
0.593666204825	-0.178978088048	0.784555467285	0.164333657212
0.000000000000	0.000000000000	0.000000000000	1.000000000000
28	32	57
0.918130534944	0.185199903386	-0.350338859660	0.096105649812
0.041336683316	0.834491246655	0.549468504892	0.182601993749
0.394116225770	-0.518965658827	0.758516344942	-0.329422327535
0.000000000000	0.000000000000	0.000000000000	1.000000000000
29	32	57
0.963466471963	-0.217518780322	0.156262399861	-0.404656604754
0.159004834731	0.934041324473	0.319819115609	0.217084015233
-0.215522202883	-0.283288517917	0.934504037274	-0.265061159852
0.000000000000	0.000000000000	0.000000000000	1.000000000000
30	31	57
0.974624292335	0.046579364436	-0.218947143393	-0.052289606009
-0.183422560149	0.726841051322	-0.661859690978	0.069502771467
0.128310768137	0.685224378523	0.716940651559	-0.219700993620
0.000000000000	0.000000000000	0.000000000000	1.000000000000
33	35	57
0.947624564600	-0.215061622738	0.236127471915	-0.059647497055
0.268510114026	0.936780636107	-0.224375485471	-0.039005653651
-0.172945087335	0.276026336134	0.945462563260	-0.013690113107
0.000000000000	0.000000000000	0.000000000000	1.000000000000
36	37	57
0.939945992680	-0.141194448999	0.310750154331	-0.229850620723
0.191243509260	0.971956894834	-0.136841933448	0.167085330086
-0.282714433680	0.188052976992	0.940589510272	-0.217423519699
0.000000000000	0.000000000000	0.000000000000	1.000000000000
38	39	57
0.755177079588	0.448446109292	-0.478125156758	0.547550093035
-0.396090073321	0.893336905369	0.212277712730	-0.305571332295
0.522321962281	0.029073365236	0.852252607595	0.333086988159
0.000000000000	0.000000000000	0.000000000000	1.000000000000
38	40	57
0.701502064932	-0.031898732059	-0.711953175278	0.757698041164
-0.402428832032	0.806752637456	-0.432667559575	-0.244009471414
0.588171648454	0.590027671259	0.553101671579	0.074099168275
0.000000000000	0.000000000000	0.000000000000	1.000000000000
38	41	57
0.957918906055	-0.284950270940	0.034564613608	0.256001070506
0.271796164701	0.939168637647	0.209974081528	-0.375705843985
-0.092294172495	-0.191743613064	0.977095784748	0.560491322364
0.000000000000	0.000000000000	0.000000000000	1.000000000000
38	56	57
0.279378796158	0.180897476955	-0.942986527522	2.179364042967
-0.564580204387	0.825329778546	-0.008941446134	0.018656628846
0.776657376886	0.534889576900	0.332710774476	-0.449854777764
0.000000000000	0.000000000000	0.000000000000	1.000000000000
39	40	57
0.993256938410	-0.038874133924	-0.109222049111	0.044289546469
-0.051006816501	0.699494759380	-0.712815113666	0.195411580984
0.104110321154	0.713579626469	0.692795177320	-0.280020818569
0.000000000000	0.000000000000	0.000000000000	1.000000000000
39	41	57
0.593008742145	-0.649911058718	0.475348553689	-0.099695778776
0.661591511164	0.729773283964	0.172417012989	-0.140840317364
-0.458952398506	0.212241771968	0.862737576635	0.304668333503
0.000000000000	0.000000000000	0.000000000000	1.000000000000
39	56	57
0.841529903665	0.102941353593	-0.530311699813	0.670541381653
-0.363211341421	0.834486395082	-0.414379026842	0.975221407717
0.399881160723	0.541327566399	0.739634722789	-1.389297673411
0.000000000000	0.000000000000	0.000000000000	1.000000000000
40	56	57
0.873509445634	0.117481513452	-0.472418609270	0.601065349057
-0.004656696212	0.972415053228	0.233210804716	-0.208254357042
0.486784925371	-0.201511930795	0.849960809790	-1.402635975151
0.000000000000	0.000000000000	0.000000000000	1.000000000000
41	56	57
-0.002660962856	0.353717471129	-0.935348528568	2.093363477638
-0.729923700766	0.638650152400	0.243592639256	-0.153186570765
0.683523452660	0.683381250444	0.256487341218	-0.776070855123
0.000000000000	0.000000000000	0.000000000000	1.000000000000
42	43	57
0.771006732724	-0.447849965133	0.452746095317	-0.083559391943
0.503266615216	0.864128241054	-0.002257658479	-0.299362500887
-0.390219594720	0.229592664830	0.891636627867	0.242232104561
0.000000000000	0.000000000000	0.000000000000	1.000000000000
43	44	57
0.935399758799	0.106181879787	-0.337272441275	-0.071776120894
-0.330348845353	0.602551706062	-0.726499196073	-0.311528735959
0.126083034595	0.790984734319	0.598703781900	0.022954071331
0.000000000000	0.000000000000	0.000000000000	1.000000000000
44	48	57
0.993379621337	-0.035340407013	0.109306832103	0.263686331143
0.034044990479	0.999326460080	0.013695430181	-0.019096404857
-0.109717211665	-0.009883411189	0.993913704326	0.421842880845
0.000000000000	0.000000000000	0.000000000000	1.000000000000
45	47	57
0.679196059771	-0.387065188246	0.623597027285	-0.067586075849
0.475510814314	0.879268818508	0.027853370901	-0.017862737717
-0.559090491657	0.277609230481	0.781249599866	0.078201442188
0.000000000000	0.000000000000	0.000000000000	1.000000000000
46	47	57
0.949054583888	0.161165580980	-0.270778603860	-0.015966130916
-0.143941607183	0.986145853630	0.082444945811	-0.033653815558
0.280314485039	-0.039268446310	0.959104675519	0.088045554750
0.000000000000	0.000000000000	0.000000000000	1.000000000000
46	56	57
0.734680658724	-0.050107044518	0.676560133164	-0.892865159395
0.417903342984	0.819019588134	-0.393145914612	0.394065499067
-0.534416621766	0.571573440900	0.622657751929	-0.555553196597
0.000000000000	0.000000000000	0.000000000000	1.000000000000
49	50	57
-0.414730824129	-0.277320389973	0.866655493736	-2.179495398500
0.699245761619	0.512339611397	0.498561417933	-1.050213435861
-0.582283185722	0.812773968517	-0.018567921969	1.795831039148
0.000000000000	0.000000000000	0.000000000000	1.000000000000
49	51	57
0.709025456903	0.250083919518	-0.659348871738	0.236961931460
-0.500750319078	0.836889457250	-0.221054640955	-0.247690078415
0.496519908369	0.486902525710	0.718605532298	0.141484931259
0.000000000000	0.000000000000	0.000000000000	1.000000000000
49	52	57
0.954054330240	0.206974884452	-0.216660407449	0.214031375117
-0.280849195125	0.869702635866	-0.405883055528	-0.187644190416
0.104422528927	0.448083387745	0.887872295479	0.005548221115
0.000000000000	0.000000000000	0.000000000000	1.000000000000
49	53	57
0.505291341135	0.676372997580	-0.535910653672	-0.018169550664
-0.471659695394	0.736518211131	0.484848488100	-0.295766589702
0.722646381237	0.007777712871	0.691174156684	0.415800523954
0.000000000000	0.000000000000	0.000000000000	1.000000000000
49	55	57
0.162374492740	0.839283029042	-0.518881991660	0.021704278992
-0.642866291448	0.488918845637	0.589645057386	-0.167735195289
0.748570274207	0.237828424588	0.618934717907	0.286262523197
0.000000000000	0.000000000000	0.000000000000	1.000000000000
50	51	57
0.946828705153	-0.071979315522	0.313583132892	-0.065003350774
0.179990568699	0.926368613825	-0.330824102052	-0.008227983795
-0.266681079713	0.369675762603	0.890067993058	-0.100884244217
0.000000000000	0.000000000000	0.000000000000	1.000000000000
50	52	57
-0.619997594782	0.276882151511	-0.734124823610	0.696944920465
-0.307617278933	0.774969096526	0.552081976822	-1.649387287945
0.721785696843	0.568118978388	-0.395305241843	2.557958486956
0.000000000000	0.000000000000	0.000000000000	1.000000000000
50	53	57
0.997000388519	-0.060105295253	-0.048760422219	0.041060705167
0.069700501695	0.971149557792	0.228057835789	-0.020832189129
0.033646178921	-0.230772376778	0.972425855662	0.219793563961
0.000000000000	0.000000000000	0.000000000000	1.000000000000
50	54	57
0.919901019336	0.158314883347	-0.358773622686	0.198833616082
-0.204502556180	0.974301505297	-0.094420767270	-0.122570916531
0.334605467888	0.160227882987	0.928636746189	0.088435091252
0.000000000000	0.000000000000	0.000000000000	1.000000000000
51	52	57
0.852331422765	-0.056267666627	0.519966436859	-0.167695151571
0.067989517146	0.997679946186	-0.003485762044	0.052787298287
-0.518563951047	0.038323291497	0.854179579481	-0.117550751584
0.000000000000	0.000000000000	0.000000000000	1.000000000000
51	53	57
0.926634539868	0.206660799004	-0.314069647816	0.063010436668
0.029513207041	0.792810663551	0.608753006046	0.046950643105
0.374803148512	-0.573360764192	0.728546521474	0.384219271035
0.000000000000	0.000000000000	0.000000000000	1.000000000000
51	54	57
0.741903890190	0.254763001293	-0.620221275750	0.172938540270
-0.111728126929	0.959044256891	0.260290105415	0.008592473710
0.661131940972	-0.123814080364	0.739982857997	0.298417715664
0.000000000000	0.000000000000	0.000000000000	1.000000000000
53	54	57
0.927300522476	0.227303931801	-0.297399837935	0.104303811256
-0.321822719586	0.889889802811	-0.323305236599	-0.005980826264
0.191164531685	0.395511139466	0.898346848597	-0.160477288813
0.000000000000	0.000000000000	0.000000000000	1.000000000000
53	55	57
0.943551105492	0.295194776730	-0.150237662111	-0.082287475568
-0.283618099632	0.954330278925	0.093885527577	0.080826403650
0.171090867339	-0.045975673114	0.984181971281	-0.041466445788
0.000000000000	0.000000000000	0.000000000000	1.000000000000
