0	1	60
0.822511405841	-0.071502450464	0.564236109123	-0.058963555964
0.019248224689	0.994997161866	0.098031391530	-0.030523785691
-0.568422811917	-0.069771394257	0.819772809647	0.109372255999
0.000000000000	0.000000000000	0.000000000000	1.000000000000
0	51	60
-0.272907417339	0.442404454641	-0.854283231765	1.434255786201
-0.051890006932	0.879929354843	0.472262382226	-0.548232494240
0.960639874637	0.173212669858	-0.217182877453	2.133703506581
0.000000000000	0.000000000000	0.000000000000	1.000000000000
0	52	60
0.247578686132	0.406938587898	-0.879264340146	0.986477545407
-0.102166619461	0.913422983633	0.393980246762	-0.360792733666
0.963466022256	-0.007709646610	0.267719602024	1.761360088148
0.000000000000	0.000000000000	0.000000000000	1.000000000000
0	53	60
0.539571422520	0.469383337353	-0.698957768835	0.561335610272
-0.121605292238	0.864918219281	0.486958547369	-0.236515227787
0.833111536890	-0.177751952371	0.523764651852	1.727801110843
0.000000000000	0.000000000000	0.000000000000	1.000000000000
0	54	60
0.739865692698	0.346959169201	-0.576383632380	0.414969345479
-0.087351412032	0.899042706788	0.429059369072	-0.236994269348
0.667059583234	-0.267098383147	0.695478228370	1.535218083671
0.000000000000	0.000000000000	0.000000000000	1.000000000000
0	55	60
0.778762052128	0.177453948714	-0.601697400901	0.429508221231
-0.123708227402	0.983763561942	0.130021262372	-0.376130122141
0.615000764746	-0.026820706207	0.788070243748	1.445244917559
0.000000000000	0.000000000000	0.000000000000	1.000000000000
0	56	60
0.704080995604	0.031067208813	-0.709439765002	0.592887976971
-0.132781539261	0.987181943765	-0.088548702620	-0.497580401658
0.697595165165	0.156545962710	0.699181197615	1.479434827650
0.000000000000	0.000000000000	0.000000000000	1.000000000000
0	57	60
0.697356549482	0.018289956876	-0.716490977174	0.560638952863
-0.129060530619	0.986537944409	-0.100430392202	-0.362715442183
0.705008668267	0.162506497467	0.690329208385	0.917550234006
0.000000000000	0.000000000000	0.000000000000	1.000000000000
0	58	60
0.914471402609	0.046740651329	-0.401941992486	0.313412749319
-0.088849007274	0.992259639463	-0.086756335785	-0.383128740984
0.394775768907	0.115048335084	0.911545924722	0.610537078418
0.000000000000	0.000000000000	0.000000000000	1.000000000000
0	59	60
0.502342097136	0.299225431678	-0.811243834172	0.562941096650
-0.214172926189	0.952035900013	0.218535129384	-0.344448747030
0.837724522222	0.063967070624	0.542333696854	1.011222899060
0.000000000000	0.000000000000	0.000000000000	1.000000000000
1	3	60
0.476716470207	-0.219696843615	0.851160797933	-0.585236077306
0.161286415632	0.973688307183	0.160989976669	-0.082650784902
-0.864134306208	0.060534100809	0.499607369315	0.653377919376
0.000000000000	0.000000000000	0.000000000000	1.000000000000
1	4	60
0.187650619493	-0.351477602738	0.917197219674	-1.074250462896
0.133294789822	0.934259216364	0.330744940468	-0.204091481167
-0.973149394497	0.060193117649	0.222164453902	0.826511765774
0.000000000000	0.000000000000	0.000000000000	1.000000000000
1	5	60
0.269460398455	-0.234960347731	0.933908308486	-0.989370197764
0.070915753560	0.971987362137	0.224079280038	-0.218456179590
-0.960396818800	0.005848319368	0.278574492010	1.019236483041
0.000000000000	0.000000000000	0.000000000000	1.000000000000
1	6	60
0.237643164916	0.007726686274	0.971321792450	-0.926990903902
0.126005008978	0.991273920092	-0.038713732167	-0.232402967308
-0.963145089735	0.131591465016	0.234595870496	1.229915674734
0.000000000000	0.000000000000	0.000000000000	1.000000000000
1	7	60
0.493719663358	-0.173288697620	0.852180685824	-0.785926933622
0.145356774182	0.982603182265	0.115595823462	-0.192342503554
-0.857386903453	0.066798304466	0.510319198450	0.969466222782
0.000000000000	0.000000000000	0.000000000000	1.000000000000
1	8	60
0.816602384712	-0.160402588118	0.554465107116	-0.255813784841
0.088384772927	0.984031141558	0.154501923477	-0.204194401925
-0.570393440704	-0.077160366566	0.817739323155	1.449689575061
0.000000000000	0.000000000000	0.000000000000	1.000000000000
1	37	60
-0.680719358445	0.105049036536	-0.724973002919	1.900889109406
-0.529545337388	0.613260700113	0.586082800761	0.062066166010
0.506164884883	0.782863981557	-0.361830202846	2.619414069525
0.000000000000	0.000000000000	0.000000000000	1.000000000000
1	38	60
-0.645190911658	-0.321552588877	0.693060329337	-0.151786640149
0.248973895551	0.769117377187	0.588617413473	-0.728979357154
-0.722316195892	0.552324535663	-0.416169341082	3.252157623072
0.000000000000	0.000000000000	0.000000000000	1.000000000000
1	46	60
-0.854513745302	-0.140887417815	0.499956992742	-0.152925121350
0.080699923143	0.914816626757	0.395724729848	-0.958980303954
-0.513121604978	0.378498711900	-0.770353778205	3.452241123271
0.000000000000	0.000000000000	0.000000000000	1.000000000000
2	3	60
0.845679103823	-0.148618046663	0.512581241914	-0.529699480227
0.144516920808	0.988331253158	0.048126849380	-0.006308205642
-0.513752579513	0.033376791892	0.857288910932	0.128663756843
0.000000000000	0.000000000000	0.000000000000	1.000000000000
2	4	60
0.642599102932	-0.181513046704	0.744391971200	-1.115158095577
0.080363002224	0.982142298197	0.170112592026	-0.004002527177
-0.761976496215	-0.049492625396	0.645710693149	0.056710105987
0.000000000000	0.000000000000	0.000000000000	1.000000000000
2	6	60
0.696771089254	0.022744207669	0.716932877052	-1.114211629831
0.130693949043	0.978740755153	-0.158068421536	-0.143897015955
-0.705286566485	0.203836295151	0.678985731747	0.466210273625
0.000000000000	0.000000000000	0.000000000000	1.000000000000
2	9	60
-0.966547546801	0.236049453245	-0.100331926105	-0.901204087184
-0.223978145718	-0.586174092016	0.778610123290	-1.896237753641
0.124978518209	0.775035863346	0.619435049472	1.543798027516
0.000000000000	0.000000000000	0.000000000000	1.000000000000
2	36	60
-0.870090671827	0.051581392063	-0.490185253544	0.280233294366
-0.230756038348	0.836158301063	0.497585114658	-1.107359340392
0.435538601694	0.546057373868	-0.715630820241	4.449698923956
0.000000000000	0.000000000000	0.000000000000	1.000000000000
2	37	60
0.783264510067	-0.361755279058	0.505598482338	-1.950155040152
0.166696710987	0.905695037423	0.389780330101	-0.652242094506
-0.598923128469	-0.221019495205	0.769702194959	2.138807343757
0.000000000000	0.000000000000	0.000000000000	1.000000000000
2	38	60
-0.088195194182	-0.467139772848	0.879773857504	-1.638855744821
0.349555287454	0.812532550359	0.466478247745	-0.665635410899
-0.932755438867	0.348670743296	0.091629711521	2.369690029287
0.000000000000	0.000000000000	0.000000000000	1.000000000000
2	39	60
-0.473322504900	-0.282800564204	0.834259939851	-1.475598430261
0.238139357562	0.870722095857	0.430270470944	-0.872077937957
-0.848089295260	0.402326823208	-0.344786418805	2.560270667368
0.000000000000	0.000000000000	0.000000000000	1.000000000000
2	40	60
-0.470441852630	-0.407026630476	0.782951968755	-1.170535675301
0.222558443707	0.803855611398	0.551619339000	-0.797154095112
-0.853904094397	0.433757395449	-0.287580109647	2.516487733185
0.000000000000	0.000000000000	0.000000000000	1.000000000000
2	41	60
-0.638752038223	-0.425507062765	0.641045687298	-0.913685760962
0.160043331483	0.741460770185	0.651630308016	-0.947061773033
-0.752583527400	0.518825274841	-0.405510010323	2.417426736295
0.000000000000	0.000000000000	0.000000000000	1.000000000000
2	45	60
-0.675737511682	-0.053661022059	0.735186581772	-1.191600621353
0.166276557013	0.960546422867	0.222940970002	-1.035251927176
-0.718144081570	0.272893869901	-0.640154679649	2.575782940170
0.000000000000	0.000000000000	0.000000000000	1.000000000000
2	46	60
-0.513515757452	-0.204229921190	0.833421685666	-1.573410096671
0.209347714678	0.912095295859	0.352499227843	-1.018722227626
-0.832150888486	0.355488833245	-0.425620239452	2.779275601496
0.000000000000	0.000000000000	0.000000000000	1.000000000000
2	47	60
-0.604486888533	-0.419006721492	0.677516766535	-1.028350195574
0.154715461873	0.772548980983	0.615817503680	-0.862489780243
-0.781446560840	0.477075926165	-0.402168911310	2.386308899595
0.000000000000	0.000000000000	0.000000000000	1.000000000000
2	49	60
-0.736373574110	-0.464585780415	0.491847549540	-0.538664232042
0.267949483121	0.467269817197	0.842533080913	-0.756879333976
-0.621254403483	0.752209392772	-0.219599625635	1.862209104040
0.000000000000	0.000000000000	0.000000000000	1.000000000000
3	8	60
0.863991982489	0.179373218020	-0.470471149861	-0.421872224986
-0.137303957928	0.982912721271	0.122597738567	-0.210349023219
0.484422829078	-0.041325912226	0.873857363445	0.676053475011
0.000000000000	0.000000000000	0.000000000000	1.000000000000
3	45	60
-0.180001320618	-0.005290092412	0.983652143544	-2.055987604604
0.229715873456	0.972109405273	0.047264380485	-0.747263205308
-0.956467533196	0.234468162236	-0.173765758535	1.778428962667
0.000000000000	0.000000000000	0.000000000000	1.000000000000
3	48	60
-0.324641102449	-0.665387013046	0.672211482697	-1.168973418710
0.153263769360	0.664305580166	0.731579328003	-0.631280220426
-0.933337222874	0.340526385217	-0.113681174206	1.498552849216
0.000000000000	0.000000000000	0.000000000000	1.000000000000
3	49	60
-0.256390868341	-0.705495086486	0.660712044370	-1.055556393350
0.339122018811	0.574451216027	0.744984601695	-0.670012318510
-0.905129813335	0.415069251269	0.091964871894	1.441243084183
0.000000000000	0.000000000000	0.000000000000	1.000000000000
4	8	60
0.760282043162	0.187453606927	-0.621958487438	-0.520974922164
-0.200244089783	0.978463073362	0.050123034358	-0.364377534082
0.617959156703	0.086435868228	0.781444381470	0.869513288349
0.000000000000	0.000000000000	0.000000000000	1.000000000000
4	30	60
0.851754749205	-0.217800795303	0.476525613972	-1.616943688215
0.298145070618	0.949373543056	-0.098991881549	-0.417149450497
-0.430840299964	0.226390568071	0.873569657564	-0.366701069149
0.000000000000	0.000000000000	0.000000000000	1.000000000000
4	41	60
0.141462989930	-0.544892219363	0.826486958008	-1.879524989420
0.302887467286	0.818668362360	0.487894757741	-0.961280126442
-0.942468781786	0.181313490255	0.280852298567	1.611899011975
0.000000000000	0.000000000000	0.000000000000	1.000000000000
4	45	60
0.131073698342	-0.063934984620	0.989308851342	-2.194956860293
0.347011435868	0.937746826294	0.014627137552	-0.871595465155
-0.928656421385	0.341384252006	0.145100115446	1.421725637110
0.000000000000	0.000000000000	0.000000000000	1.000000000000
4	47	60
0.164900345069	-0.513563246526	0.842057401852	-1.928520536822
0.287992257697	0.841610920102	0.456893334019	-0.876656115886
-0.943328328687	0.167164143830	0.286684169976	1.562504546198
0.000000000000	0.000000000000	0.000000000000	1.000000000000
4	48	60
-0.086442937308	-0.720409264588	0.688141053916	-1.352384043583
0.217432147975	0.660432924425	0.718715251933	-0.850665428226
-0.972240134749	0.211751844928	0.099550371938	1.603805603813
0.000000000000	0.000000000000	0.000000000000	1.000000000000
4	49	60
-0.036129813965	-0.805530682373	0.591451567162	-1.163049343548
0.417783803138	0.525463057001	0.741178298092	-0.930597384157
-0.907827808771	0.273877519126	0.317552789531	1.554799658547
0.000000000000	0.000000000000	0.000000000000	1.000000000000
5	8	60
0.686483818725	0.189361875227	-0.702055586716	-0.035425665248
-0.213448796734	0.975439282624	0.054385816971	-0.158822453991
0.695111198156	0.112517936906	0.710042348084	0.881102058818
0.000000000000	0.000000000000	0.000000000000	1.000000000000
5	37	60
0.974747418692	-0.066970551129	-0.213031488363	-1.923948909539
0.126855841778	0.951160814103	0.281426191250	-0.429614472281
0.183779936771	-0.301343742255	0.935637153946	0.572771900218
0.000000000000	0.000000000000	0.000000000000	1.000000000000
5	41	60
0.075020031354	-0.543658009861	0.835947344759	-1.602273544506
0.252945388050	0.821266240508	0.511410200198	-0.783987398188
-0.964567584755	0.173083016256	0.199127205383	1.588855782725
0.000000000000	0.000000000000	0.000000000000	1.000000000000
5	45	60
0.031699057124	-0.016915739494	0.999354305307	-1.995193884250
0.243181074009	0.969941854196	0.008704293289	-0.690409229617
-0.969462807446	0.242748135390	0.034859829941	1.543370106957
0.000000000000	0.000000000000	0.000000000000	1.000000000000
5	47	60
0.115470091709	-0.527769607073	0.841502168607	-1.637948524400
0.247129954117	0.835794881017	0.490279208864	-0.730051189114
-0.962077670305	0.151347807107	0.226936990341	1.525088148805
0.000000000000	0.000000000000	0.000000000000	1.000000000000
5	48	60
-0.108769834125	-0.751346006245	0.650882709929	-1.038276499625
0.185512311603	0.627922407579	0.755842994479	-0.716032632463
-0.976603453520	0.202959673236	0.071084918317	1.478358425132
0.000000000000	0.000000000000	0.000000000000	1.000000000000
5	49	60
-0.027513859597	-0.785092441842	0.618767197977	-0.912695828538
0.361299921020	0.569344623211	0.738450449991	-0.707903446445
-0.932043644150	0.243878161759	0.267988969206	1.439051442107
0.000000000000	0.000000000000	0.000000000000	1.000000000000
6	8	60
0.744785466187	0.157171940824	-0.648530331113	-0.019135406920
0.043166735059	0.958483156032	0.281862861313	0.020771694990
0.665906331507	-0.237922299545	0.707079724670	0.730924959227
0.000000000000	0.000000000000	0.000000000000	1.000000000000
6	40	60
0.273087296882	-0.449928613444	0.850286758151	-1.691637287664
0.002442246208	0.884205252846	0.467092181773	-0.154692820915
-0.961986155678	-0.125480331704	0.242564058839	1.493005006273
0.000000000000	0.000000000000	0.000000000000	1.000000000000
6	41	60
-0.001044001316	-0.539178436875	0.842190906666	-1.495959483952
-0.021524258793	0.842008367919	0.539034891855	-0.318563636669
-0.999767781210	-0.017564781892	-0.012484474055	1.773558098500
0.000000000000	0.000000000000	0.000000000000	1.000000000000
6	45	60
-0.031819354326	-0.077553271207	0.996480315318	-1.803829566456
0.038264516092	0.996159744606	0.078750174818	-0.357160939014
-0.998760910077	0.040635616776	-0.028729621485	1.616274281964
0.000000000000	0.000000000000	0.000000000000	1.000000000000
6	47	60
0.006473939910	-0.495391388655	0.868645762177	-1.588634239813
0.007711443922	0.868662869105	0.495343672081	-0.189843771434
-0.999949309583	0.003491687915	0.009443854129	1.700248826389
0.000000000000	0.000000000000	0.000000000000	1.000000000000
7	8	60
0.869076022383	0.197586486808	-0.453504627925	-0.055056025278
-0.157513340056	0.979581285450	0.124940197295	-0.074624308949
0.468931141025	-0.037149501025	0.882453114647	0.703099877785
0.000000000000	0.000000000000	0.000000000000	1.000000000000
7	37	60
0.994085713125	-0.099203415738	-0.044184581777	-1.725996905313
0.108379192611	0.932087749879	0.345639085079	-0.320401588932
0.006895329555	-0.348383565673	0.937326701636	0.836436071458
0.000000000000	0.000000000000	0.000000000000	1.000000000000
7	40	60
0.056223551218	-0.472215537180	0.879688239511	-1.476065767661
0.203102423732	0.868068517056	0.452997191128	-0.550592221555
-0.977541977494	0.153197702796	0.144714014855	1.768895358293
0.000000000000	0.000000000000	0.000000000000	1.000000000000
7	41	60
-0.146214744676	-0.506203587775	0.849928924183	-1.240959468228
0.169887359009	0.833549524622	0.525674305299	-0.635630483894
-0.974556070059	0.221253514607	-0.035879640269	1.829153819344
0.000000000000	0.000000000000	0.000000000000	1.000000000000
7	45	60
-0.116462502801	-0.017119786734	0.993047530757	-1.590170429065
0.183543729315	0.982258913410	0.038459413091	-0.616705908253
-0.976088205477	0.186746726687	-0.111254101953	1.657599059426
0.000000000000	0.000000000000	0.000000000000	1.000000000000
7	47	60
-0.086560066093	-0.496455809119	0.863735482975	-1.281636976008
0.148161872417	0.850933049254	0.503945438763	-0.588508424188
-0.985167708829	0.171594216917	-0.000100998733	1.721554956021
0.000000000000	0.000000000000	0.000000000000	1.000000000000
7	49	60
-0.242957329281	-0.751923642503	0.612847919140	-0.558087862819
0.322461087216	0.533244940048	0.782092501655	-0.597745999361
-0.914871894519	0.387634711757	0.112910348778	1.456427639437
0.000000000000	0.000000000000	0.000000000000	1.000000000000
8	10	60
-0.614925980590	-0.140549160308	0.775958743705	-1.578079161867
-0.245626887468	-0.900901385167	-0.357832539544	1.781177489838
0.749355370000	-0.410636856286	0.519465014907	1.199649894503
0.000000000000	0.000000000000	0.000000000000	1.000000000000
8	32	60
-0.104167718453	-0.960502447786	-0.258039016874	-0.091853102593
-0.978442620255	0.052451289472	0.199747092846	-1.478503857884
-0.178323092448	0.273283570728	-0.945260262928	4.693248457231
0.000000000000	0.000000000000	0.000000000000	1.000000000000
8	33	60
-0.926493423325	0.117618940044	0.357457300217	-0.307717998057
0.282926963734	-0.408586758764	0.867761023413	-1.780734246675
0.248117451478	0.905109189825	0.345275375268	0.238236908184
0.000000000000	0.000000000000	0.000000000000	1.000000000000
8	39	60
-0.465306585863	-0.342927505725	0.816021143703	-0.853195270871
0.256832858908	0.829933842835	0.495223887855	-0.842324541009
-0.847069456265	0.440011979762	-0.298098631208	1.568435062817
0.000000000000	0.000000000000	0.000000000000	1.000000000000
8	40	60
-0.418377576283	-0.520449889941	0.744373639863	-0.548614945664
0.246188352192	0.723888061139	0.644497765849	-0.825932357259
-0.874271982228	0.452899533009	-0.174729831717	1.456612262591
0.000000000000	0.000000000000	0.000000000000	1.000000000000
8	46	60
-0.483468408030	-0.306267050845	0.820035847999	-1.020467680471
0.240994200482	0.854025637149	0.461044473372	-1.061206302186
-0.841534368740	0.420524321127	-0.339085832157	1.648380384382
0.000000000000	0.000000000000	0.000000000000	1.000000000000
9	12	60
0.893492375560	0.061108473089	0.444901257959	-2.249567911818
-0.102870004693	-0.936505229035	0.335224876949	-1.538818282004
0.437137434854	-0.345287866146	-0.830474052901	3.515519947457
0.000000000000	0.000000000000	0.000000000000	1.000000000000
9	32	60
0.622744109359	-0.137340424140	0.770277470887	-2.067225370431
0.383971485864	0.911419147795	-0.147922395451	-0.277798888598
-0.681729911550	0.387882385434	0.620315712172	-0.386636064866
0.000000000000	0.000000000000	0.000000000000	1.000000000000
9	33	60
-0.210082139185	-0.611097415390	-0.763168031104	2.004457648695
-0.768849704326	-0.378920765330	0.515062312502	-1.016468848102
-0.603933462356	0.694966907489	-0.390237582175	3.278913608171
0.000000000000	0.000000000000	0.000000000000	1.000000000000
10	32	60
0.150516871688	-0.090414620396	0.984464254179	-2.341792921176
0.213007356307	0.975385721947	0.057013678895	-0.590481738858
-0.965387247428	0.201116607571	0.166070986818	0.457287367224
0.000000000000	0.000000000000	0.000000000000	1.000000000000
10	33	60
0.644970287892	-0.205049960806	0.736184651640	-2.130273413279
0.375005133596	0.924292302491	-0.071097744921	-0.331395415561
-0.665871216913	0.321928956650	0.673035860380	0.253260623929
0.000000000000	0.000000000000	0.000000000000	1.000000000000
10	35	60
0.430460640479	-0.499284387431	0.751943307348	-1.800238007791
0.314858170705	0.863808937694	0.393317240278	-0.574767024719
-0.845912506905	0.067447903064	0.529039517460	0.678232345799
0.000000000000	0.000000000000	0.000000000000	1.000000000000
10	36	60
0.001512403848	-0.450130838119	0.892961332426	-1.352951711244
0.293318983074	0.853884668952	0.429935979300	-0.665253013465
-0.956013434426	0.261272273122	0.133323338147	1.038467167902
0.000000000000	0.000000000000	0.000000000000	1.000000000000
11	32	60
0.115037757479	-0.178481170884	-0.977195367362	3.168763529795
-0.857653397617	0.478488721155	-0.188359213429	0.259138642962
0.501195534608	0.859763348467	-0.098030713158	1.697178107088
0.000000000000	0.000000000000	0.000000000000	1.000000000000
11	33	60
-0.437242452295	-0.096752638459	-0.894124132804	2.995049747134
-0.771053960926	0.552072555066	0.317319528682	0.064987921686
0.462919892909	0.828163523040	-0.315991062936	1.847980188472
0.000000000000	0.000000000000	0.000000000000	1.000000000000
11	35	60
-0.199754608270	0.283327383569	-0.937989173815	2.617979154270
-0.893049797732	0.341259401874	0.293264521214	0.185507295268
0.403187493910	0.896251981505	0.184857324449	1.382413241900
0.000000000000	0.000000000000	0.000000000000	1.000000000000
11	36	60
0.242498682651	0.153382219433	-0.957950042369	2.116107960119
-0.942563340072	0.271053059847	-0.195203966918	0.564297196477
0.229714472477	0.950265296383	0.210302466998	1.227003543701
0.000000000000	0.000000000000	0.000000000000	1.000000000000
12	13	60
0.745060191776	0.046935769144	-0.665343778963	0.038381742246
-0.004610570309	0.997859625649	0.065229672240	-0.058702029029
0.666981299042	-0.045532417836	0.743681884716	0.643610045245
0.000000000000	0.000000000000	0.000000000000	1.000000000000
12	14	60
-0.373778390364	0.612202027368	-0.696777147001	-0.832560228908
0.099607838130	-0.720388456196	-0.686380907924	0.475881419335
-0.922153996619	-0.325958816212	0.208285517149	1.035485221041
0.000000000000	0.000000000000	0.000000000000	1.000000000000
12	32	60
-0.050606116876	-0.229816186449	0.971917456053	-2.117831196201
-0.053118111548	0.972406329179	0.227166012417	-0.635115880896
-0.997305112370	-0.040130430072	-0.061417110172	0.953309873987
0.000000000000	0.000000000000	0.000000000000	1.000000000000
12	33	60
-0.453823988389	0.072251460686	-0.888157370060	2.390470197740
0.025605139436	-0.995238525879	-0.094046017680	0.253158209738
-0.890723393875	-0.065421732138	0.449813108487	1.636232695682
0.000000000000	0.000000000000	0.000000000000	1.000000000000
12	35	60
0.073411476787	0.859214794891	0.506320739567	-0.870340694851
-0.952170149604	-0.090613328757	0.291823972378	-0.230432177162
0.296618882202	-0.503526723116	0.811466621513	-0.218559141325
0.000000000000	0.000000000000	0.000000000000	1.000000000000
13	17	60
0.998036864401	-0.056548518944	-0.026919923876	-0.479140511005
0.061195173537	0.971957656847	0.227053879141	-0.155849244145
0.013325465547	-0.228255511001	0.973510068600	1.429539969608
0.000000000000	0.000000000000	0.000000000000	1.000000000000
13	18	60
0.993484033738	0.004742092880	-0.113872680051	-0.755608350723
0.015977624886	0.983472247378	0.180352582849	-0.213935921572
0.112845869264	-0.180996826471	0.976988208014	1.755290758168
0.000000000000	0.000000000000	0.000000000000	1.000000000000
13	19	60
0.999112112052	-0.024463735580	-0.034300338091	-1.050364918438
0.030237058030	0.983303723114	0.179442214741	-0.296602206718
0.029337823256	-0.180320031474	0.983170370981	1.944505683641
0.000000000000	0.000000000000	0.000000000000	1.000000000000
13	23	60
0.121067494649	0.181483515137	-0.975913108567	-0.358059851408
-0.437718253602	0.892158416591	0.111606855386	-0.239110587484
0.890923898099	0.413663019182	0.187450031630	2.629300139518
0.000000000000	0.000000000000	0.000000000000	1.000000000000
13	54	60
0.968766106786	-0.109936237744	0.222275176243	-1.875757865668
-0.008238144390	0.881593672018	0.471937210268	-0.142061958102
-0.247839390171	-0.459027908835	0.853152398807	0.346197211031
0.000000000000	0.000000000000	0.000000000000	1.000000000000
13	55	60
0.938672643291	-0.085411059747	0.334063795719	-2.035639092865
0.029738272800	0.985278818981	0.168348697644	-0.269819788619
-0.343524822783	-0.148089836722	0.927394250786	0.353806032019
0.000000000000	0.000000000000	0.000000000000	1.000000000000
13	56	60
0.984522645873	-0.023772455937	0.173637640221	-1.729551847930
0.048247875044	0.989238266893	-0.138129627047	-0.173357008163
-0.168485317807	0.144369393063	0.975074446404	0.182988427814
0.000000000000	0.000000000000	0.000000000000	1.000000000000
13	57	60
0.988960532728	-0.032044114638	0.144672870377	-2.185126596129
0.035117607819	0.999207463768	-0.018740276691	-0.418999257152
-0.143957696311	0.023613959144	0.989302058325	-0.121740395693
0.000000000000	0.000000000000	0.000000000000	1.000000000000
13	58	60
0.789941738864	-0.491618422718	0.366474249635	-1.912284339409
-0.065529968771	0.526553441378	0.847612704344	-3.043850586278
-0.609670298107	-0.693579699686	0.383730801199	1.659028641525
0.000000000000	0.000000000000	0.000000000000	1.000000000000
14	17	60
0.926564485472	-0.186740255672	0.326506249823	0.014039270741
0.120700551679	0.969762190167	0.212114759851	-0.153072051550
-0.356243780419	-0.157128518842	0.921086856643	1.067482298208
0.000000000000	0.000000000000	0.000000000000	1.000000000000
14	18	60
0.929840245862	-0.089061752997	0.357022578177	-0.243514714466
0.023422155474	0.982624454808	0.184121110809	-0.274007953741
-0.367217265128	-0.162840980609	0.915769782875	1.499354664399
0.000000000000	0.000000000000	0.000000000000	1.000000000000
14	19	60
0.906237514064	-0.157735283122	0.392241186721	-0.380573059472
0.106743359433	0.983101027704	0.148721970621	-0.324774237846
-0.409071415916	-0.092908286963	0.907760225442	1.813462168781
0.000000000000	0.000000000000	0.000000000000	1.000000000000
14	23	60
0.745123880648	-0.483212928732	0.459669085315	-0.380474847638
0.201062232425	0.819925806880	0.535999673418	-0.400459854971
-0.635896517667	-0.306964064213	0.708102169253	2.055781967806
0.000000000000	0.000000000000	0.000000000000	1.000000000000
14	24	60
0.971509189562	0.188108556320	-0.144170266126	-0.381705101101
-0.061520034335	0.787613221289	0.613091101735	-0.331397645782
0.228878089758	-0.586754279652	0.776745927146	1.973592078779
0.000000000000	0.000000000000	0.000000000000	1.000000000000
14	25	60
0.815836096591	0.219619597296	-0.534956723468	-0.505882943176
-0.050523356760	0.948609815919	0.312388872344	-0.356841437620
0.576071917317	-0.227830308841	0.785006048672	1.842409922819
0.000000000000	0.000000000000	0.000000000000	1.000000000000
14	54	60
0.714023704281	-0.360483860060	0.600184585241	-1.939954739123
0.016924049031	0.865894239097	0.499940739751	-0.285540694070
-0.699916942422	-0.346811985570	0.624369858639	0.861760675756
0.000000000000	0.000000000000	0.000000000000	1.000000000000
14	55	60
0.714049875110	-0.179711601095	0.676636177194	-1.912680293951
0.077464256940	0.980838691779	0.178758914760	-0.353548785877
-0.695795993631	-0.075227662074	0.714288971010	0.698860614195
0.000000000000	0.000000000000	0.000000000000	1.000000000000
14	56	60
0.772789433826	-0.015994144467	0.634460935212	-1.877906170197
0.069030691030	0.995869755478	-0.058976214014	-0.464188581024
-0.630897182323	0.089373471827	0.770701711345	0.619642256249
0.000000000000	0.000000000000	0.000000000000	1.000000000000
14	57	60
0.838318495974	-0.071588552756	0.540460154334	-2.223188340332
0.114884511071	0.992277518586	-0.046764037721	-0.459823842645
-0.532938691056	0.101293658352	0.840069012852	0.371589203282
0.000000000000	0.000000000000	0.000000000000	1.000000000000
14	58	60
0.542277621092	-0.825649076728	0.155687455374	-0.148979074578
0.604310255517	0.512013633501	0.610451598561	-2.117287042922
-0.583732898456	-0.236950714722	0.776601739666	0.041513347619
0.000000000000	0.000000000000	0.000000000000	1.000000000000
15	17	60
0.914261644685	-0.164021996981	0.370435459377	-0.003225384187
0.170093754809	0.985290327666	0.016464652540	-0.351683903152
-0.367687040338	0.047955757889	0.928712272802	0.898737126557
0.000000000000	0.000000000000	0.000000000000	1.000000000000
15	18	60
0.929867648067	-0.157746407460	0.332358583479	-0.180154083014
0.155265583532	0.987280909565	0.034190703109	-0.557262067659
-0.333524745183	0.019811020720	0.942533165363	1.297250179531
0.000000000000	0.000000000000	0.000000000000	1.000000000000
15	19	60
0.876091719879	-0.196821905976	0.440141381477	-0.366498299756
0.203541848926	0.978528941985	0.032431858313	-0.715741916113
-0.437074380508	0.061173908046	0.897342598386	1.599587374900
0.000000000000	0.000000000000	0.000000000000	1.000000000000
15	23	60
0.779454305064	-0.470090343444	0.414084599227	-0.337691606078
0.298693618746	0.859898056990	0.413953443887	-0.843858776438
-0.550666058912	-0.198973366523	0.810664228258	1.857740806530
0.000000000000	0.000000000000	0.000000000000	1.000000000000
15	24	60
0.973136842944	0.091678652800	-0.211186433099	-0.295045327266
0.005505686749	0.907765369210	0.419442155580	-0.690957495900
0.230161622165	-0.409337341425	0.882875171583	1.744619868765
0.000000000000	0.000000000000	0.000000000000	1.000000000000
15	25	60
0.842856443994	0.130809690346	-0.521997930771	-0.451870422573
-0.056371578746	0.986131782148	0.156097256055	-0.755008720560
0.535177783477	-0.102141730696	0.838541475971	1.610686319667
0.000000000000	0.000000000000	0.000000000000	1.000000000000
15	54	60
0.655444649047	-0.423719068428	0.625183543518	-1.997984203107
0.251609474955	0.903011232878	0.348228926726	-0.452866747383
-0.712098998840	-0.070942683531	0.698485612955	0.820684748314
0.000000000000	0.000000000000	0.000000000000	1.000000000000
15	55	60
0.692475526137	-0.226939888588	0.684818174896	-1.887122693465
0.267085299480	0.962433135905	0.048866161240	-0.538701841423
-0.670181384778	0.149066246617	0.727073700265	0.542792870864
0.000000000000	0.000000000000	0.000000000000	1.000000000000
15	56	60
0.802459129054	-0.049570194622	0.594644550975	-1.726702091038
0.207308627976	0.957628002112	-0.199929343363	-0.592406395836
-0.559537736856	0.283710072743	0.778733661568	0.308299541980
0.000000000000	0.000000000000	0.000000000000	1.000000000000
15	57	60
0.822094185511	-0.098253716515	0.560809555322	-2.226502238499
0.289181251343	0.920542062732	-0.262633803255	-0.408861572604
-0.490444037603	0.378085331548	0.785185409981	0.205551511039
0.000000000000	0.000000000000	0.000000000000	1.000000000000
15	58	60
0.577357402482	-0.143747365488	0.803738219020	-2.491547977426
0.273178669672	0.961657753625	-0.024244160711	-0.830128289851
-0.769436055975	0.233561683090	0.594488936783	0.192743253133
0.000000000000	0.000000000000	0.000000000000	1.000000000000
16	17	60
0.900926210015	-0.172864375138	0.398057623864	0.046152128759
0.158560841266	0.984945046541	0.068860111182	-0.164079060722
-0.403968344954	0.001078472724	0.914772328600	0.503911581014
0.000000000000	0.000000000000	0.000000000000	1.000000000000
16	19	60
0.886289401217	-0.166734416853	0.432077228660	-0.266776088165
0.183274060444	0.983055928633	0.003414666654	-0.444839942921
-0.425325423715	0.076162165258	0.901830143943	1.221934890236
0.000000000000	0.000000000000	0.000000000000	1.000000000000
16	20	60
0.532250508080	-0.352922192983	0.769516291152	-0.257461176429
0.328646461870	0.923812443853	0.196372278297	-0.307270451214
-0.780192860611	0.148379561542	0.607686272651	1.182121116725
0.000000000000	0.000000000000	0.000000000000	1.000000000000
16	21	60
0.435140863339	-0.620820589278	0.652099858135	-0.169953962863
0.351151991776	0.783928220668	0.512004710439	-0.485238944298
-0.829062547534	0.006191992287	0.559121589198	1.180881065064
0.000000000000	0.000000000000	0.000000000000	1.000000000000
16	22	60
0.434017043513	-0.607145982778	0.665584676458	-0.192957757945
0.334635871199	0.794585190808	0.506609522468	-0.486698507932
-0.836449663546	0.002851340906	0.548036340226	1.337169808577
0.000000000000	0.000000000000	0.000000000000	1.000000000000
16	23	60
0.776804275272	-0.463298836060	0.426531717958	-0.206160860670
0.236517370516	0.842366108468	0.484230185706	-0.629798731198
-0.583639144817	-0.275269918099	0.763931816870	1.516378772269
0.000000000000	0.000000000000	0.000000000000	1.000000000000
16	25	60
0.766673553149	0.253825796998	-0.589732250840	-0.314137796491
-0.049111681364	0.939026918289	0.340318217969	-0.583342115063
0.640156001031	-0.231950234978	0.732392915611	1.347995124617
0.000000000000	0.000000000000	0.000000000000	1.000000000000
16	54	60
0.711014365798	-0.357377895084	0.605590300231	-1.783228994083
0.198877388572	0.928259485304	0.314296217377	-0.094691125529
-0.674467460997	-0.103030908216	0.731080211747	0.316747608192
0.000000000000	0.000000000000	0.000000000000	1.000000000000
16	58	60
0.648166919061	-0.732007874550	0.209866902181	-0.144606330089
0.593333819472	0.658220790114	0.463357712930	-1.910892543998
-0.477320252771	-0.175812010562	0.860961969681	-0.776715382429
0.000000000000	0.000000000000	0.000000000000	1.000000000000
17	23	60
0.949640966082	-0.312859917688	-0.017340918176	-0.636329863136
0.295805056852	0.876869601237	0.378944680353	-0.435957445428
-0.103350877497	-0.364990923629	0.925256840985	0.735372824722
0.000000000000	0.000000000000	0.000000000000	1.000000000000
17	34	60
0.676964083382	0.665963585565	0.313388149923	-1.582289921269
0.244811969709	0.197807094597	-0.949178304016	0.972451015587
-0.694108586100	0.719280790811	-0.029127558656	1.347549050435
0.000000000000	0.000000000000	0.000000000000	1.000000000000
18	24	60
0.683203109602	0.723873944376	0.096125041915	0.518394466210
0.710995305050	-0.629406946247	-0.313580248441	0.223847363767
-0.166490802227	0.282583454344	-0.944683758781	1.790501965010
0.000000000000	0.000000000000	0.000000000000	1.000000000000
18	59	60
0.999081902763	-0.010279875960	0.041589370300	-1.519887668047
0.009608502865	0.999820802513	0.016310718391	0.138194956790
-0.041749589751	-0.015896131981	0.999001644014	-1.557637255810
0.000000000000	0.000000000000	0.000000000000	1.000000000000
19	21	60
0.838497298343	-0.341858354290	0.424329054242	0.141695177327
0.176620619219	0.907187491382	0.381858628745	-0.019567253706
-0.515487572632	-0.245242168239	0.821053494834	-0.000866889501
0.000000000000	0.000000000000	0.000000000000	1.000000000000
19	24	60
0.834226559679	0.287439499157	-0.470578985347	-0.060143530458
-0.162351013138	0.943597400239	0.288558650531	0.133919957983
0.526980261166	-0.164324315266	0.833840106827	0.127532953968
0.000000000000	0.000000000000	0.000000000000	1.000000000000
19	59	60
0.979585758828	-0.199559103007	0.024246762840	-1.384357905415
0.199122204468	0.946658047479	-0.253355262092	0.866199461280
0.027605955678	0.253011275538	0.967069390303	-1.599463792471
0.000000000000	0.000000000000	0.000000000000	1.000000000000
20	23	60
0.946185280404	0.052565916985	-0.319327793213	-0.269002456405
0.018183719067	0.976526256152	0.214629502648	-0.152684032648
0.323114171010	-0.208885843028	0.923018925632	0.136787721966
0.000000000000	0.000000000000	0.000000000000	1.000000000000
21	23	60
0.886337771555	-0.426898440426	-0.179340671008	0.284793879294
0.456626430195	0.741604123623	0.491442394460	-0.243484116949
-0.076796210602	-0.517475647145	0.852244857215	0.226899965283
0.000000000000	0.000000000000	0.000000000000	1.000000000000
21	34	60
0.952761088982	0.203036431958	-0.225881638517	-0.519713967601
-0.242300376773	0.956544510667	-0.162213213173	0.506820275470
0.183130649365	0.209281643749	0.960554193605	-1.861613455570
0.000000000000	0.000000000000	0.000000000000	1.000000000000
22	59	60
-0.964553876115	0.260795780842	-0.040266372652	-0.921501134622
-0.249805691157	-0.853217431785	0.457839634331	-0.680272879776
0.085046673875	0.451669762983	0.888122451281	-1.292795862012
0.000000000000	0.000000000000	0.000000000000	1.000000000000
23	25	60
-0.422346923676	-0.561614297858	0.711486090169	-1.036952031991
0.461883762224	0.542037299915	0.702039141141	-0.638122344718
-0.779927218563	0.625127943658	0.030472738676	1.002144393275
0.000000000000	0.000000000000	0.000000000000	1.000000000000
23	59	60
-0.369851131574	-0.908275475264	-0.195565338203	0.180944224949
0.909062115281	-0.397240985067	0.125720604296	1.544063703265
-0.191875509210	-0.131283132262	0.972598852636	-0.728782605050
0.000000000000	0.000000000000	0.000000000000	1.000000000000
24	26	60
0.922121193288	-0.289694961201	-0.256455326214	1.439104076231
-0.069247661841	0.528565424795	-0.846063445045	2.970914323652
0.380653735327	0.797931965249	0.467340681533	0.485172750950
0.000000000000	0.000000000000	0.000000000000	1.000000000000
24	52	60
0.900263366702	0.433278004566	0.042379727854	0.201974799699
-0.383247921577	0.834942631496	-0.394958013866	0.997543714928
-0.206511261632	0.339324288652	0.917721159149	-0.590723294460
0.000000000000	0.000000000000	0.000000000000	1.000000000000
24	54	60
-0.745423917457	-0.642406373145	0.177924801606	-0.833009828593
-0.255123208654	0.028349486265	-0.966492863416	2.115509914272
0.615837098338	-0.765839642726	-0.185025160286	0.021528060879
0.000000000000	0.000000000000	0.000000000000	1.000000000000
24	55	60
0.787255917688	-0.365062323429	0.496948307249	-1.845735561140
0.287212023318	-0.496063797902	-0.819408299978	1.519204399698
0.545653162482	0.787813561970	-0.285678871900	1.303841238883
0.000000000000	0.000000000000	0.000000000000	1.000000000000
24	56	60
0.746612666948	-0.528964095819	0.403443318060	-1.196859225712
-0.664127173806	-0.557280245889	0.498371171471	-1.242808292973
-0.038789464609	-0.640027900076	-0.767371920622	2.950476114234
0.000000000000	0.000000000000	0.000000000000	1.000000000000
24	57	60
0.143343808247	0.471125631185	-0.870340848334	1.627987477112
-0.983484678871	-0.030380026389	-0.178423486186	0.031166089357
-0.110500855487	0.881542791722	0.458990051417	-0.267978073503
0.000000000000	0.000000000000	0.000000000000	1.000000000000
25	27	60
0.775697848334	0.349094556731	-0.525762150169	-0.105985917005
-0.392293350030	0.919296800794	0.031612016266	0.168939363917
0.494367045435	0.181731622210	0.850044023494	-0.240975664610
0.000000000000	0.000000000000	0.000000000000	1.000000000000
25	52	60
-0.422303395465	-0.878811904647	0.222147424992	-1.323318384133
-0.903064335928	0.429069832959	-0.019336070432	0.376156283721
-0.078323989649	-0.208779105026	-0.974821336425	2.262236603693
0.000000000000	0.000000000000	0.000000000000	1.000000000000
25	54	60
0.808149170825	-0.528025412922	0.260929264368	-1.074740999733
0.198880578639	0.661646886393	0.722959136582	-0.884772100678
-0.554383831957	-0.532365063687	0.639723382275	-1.243029839689
0.000000000000	0.000000000000	0.000000000000	1.000000000000
25	55	60
0.212857956606	0.976977237532	0.014386370404	-0.252464833291
0.578943555507	-0.137970224975	0.803609716565	-2.173995174112
0.787093291705	-0.162725825744	-0.594982735707	2.322845882523
0.000000000000	0.000000000000	0.000000000000	1.000000000000
25	56	60
0.661809645063	-0.717814450003	0.216218429068	-0.341967689850
-0.743811703647	-0.592740226198	0.308874041908	-0.594392180044
-0.093552889958	-0.365241618129	-0.926199987674	3.350666101723
0.000000000000	0.000000000000	0.000000000000	1.000000000000
25	57	60
-0.528464543645	-0.487921421315	0.694735858245	-1.684939529801
-0.838212607976	0.170108012994	-0.518134044188	1.822314358117
0.134628562870	-0.856151826803	-0.498877940504	2.550913933291
0.000000000000	0.000000000000	0.000000000000	1.000000000000
25	58	60
-0.850833496915	0.516561921392	0.096156860881	-0.216374528141
-0.017828608701	-0.211280955953	0.977262758097	-1.589180372434
0.525132841516	0.829773546830	0.188974494952	-0.144750525631
0.000000000000	0.000000000000	0.000000000000	1.000000000000
25	59	60
-0.894762262204	0.139110378729	0.424321572238	-1.581173311784
0.274503401814	-0.578135742828	0.768379427924	-0.207404511040
0.352205020590	0.803994630202	0.479107772925	0.093581840425
0.000000000000	0.000000000000	0.000000000000	1.000000000000
26	42	60
0.996318029909	-0.018671416848	-0.083676528790	-1.708435521986
0.013089564514	0.997682769865	-0.066766413832	0.361709934318
0.084729254559	0.065425292571	0.994253732462	-0.787134985983
0.000000000000	0.000000000000	0.000000000000	1.000000000000
26	43	60
0.966451724412	-0.024337150180	-0.255692720862	-1.107330297179
-0.059501212780	0.947206288259	-0.315055317621	0.417049813828
0.249861301643	0.319699781990	0.913981060710	-0.933712941911
0.000000000000	0.000000000000	0.000000000000	1.000000000000
26	59	60
0.469980222369	-0.221856671547	0.854340803118	-1.489033518901
0.272492158745	0.957088578414	0.098638108720	-0.457313047504
-0.839563347225	0.186443209476	0.510266906272	0.788854900159
0.000000000000	0.000000000000	0.000000000000	1.000000000000
27	29	60
0.798111987124	0.065185263498	-0.598972568179	-0.048758633607
-0.213698171269	0.960125237169	-0.180257095693	0.107577947223
0.563338572800	0.271864691297	0.780217432528	0.058224358477
0.000000000000	0.000000000000	0.000000000000	1.000000000000
27	42	60
0.988734080696	-0.022993712055	0.147906074504	-1.757145223392
0.051731456359	0.979733999476	-0.193507484851	0.674626109075
-0.140459154534	0.198978841780	0.969885893511	-0.178912496533
0.000000000000	0.000000000000	0.000000000000	1.000000000000
27	43	60
0.994969066518	-0.096735197852	0.026054906828	-1.359134650045
0.100158270451	0.954764062813	-0.279989116256	0.128587094606
0.002208513858	0.281190124041	0.959649538430	-0.546623194136
