0	7	60
0.976012471052	-0.140610868603	0.166217447887	0.816269414958
0.151676023710	0.986853832642	-0.055802301303	0.177367143500
-0.156185915443	0.079674943552	0.984508945204	0.100769431937
0.000000000000	0.000000000000	0.000000000000	1.000000000000
0	8	60
0.241029654770	-0.329696733519	0.912800509108	-0.770578532366
-0.118623853691	-0.943485524551	-0.309456695352	0.110673209799
0.963240928770	-0.033691673595	-0.266517887342	2.369986299202
0.000000000000	0.000000000000	0.000000000000	1.000000000000
0	9	60
0.956445649416	0.043994392495	0.288576182563	1.162616619117
-0.030265232018	0.998195221343	-0.051868254441	-0.117883776504
-0.290337278772	0.040875341183	0.956050977217	0.035039052155
0.000000000000	0.000000000000	0.000000000000	1.000000000000
0	16	60
0.037495218987	0.466417793442	-0.883769512098	1.110285423067
-0.397466757627	0.818385886131	0.415047850209	-0.326057521465
0.916850197761	0.335706692429	0.216071126076	0.693391545056
0.000000000000	0.000000000000	0.000000000000	1.000000000000
0	17	60
0.419704717058	-0.393836654408	0.817765638875	-0.021610468403
0.382620027819	0.893764901765	0.234064552388	-0.570395776255
-0.823073426123	0.214655514762	0.525807136878	0.874519974482
0.000000000000	0.000000000000	0.000000000000	1.000000000000
0	18	60
0.601447051037	-0.422904404260	0.677800346457	0.005560809995
0.435250540232	0.884892775454	0.165896784710	-0.486606111001
-0.669939110686	0.195234835024	0.716285520701	0.651197529393
0.000000000000	0.000000000000	0.000000000000	1.000000000000
0	20	60
0.837462989841	-0.361498683060	0.409846852851	0.286871353287
0.332006720562	0.932242211637	0.143861031361	-0.173274590146
-0.434082109915	0.015593620103	0.900738342064	-0.424477603213
0.000000000000	0.000000000000	0.000000000000	1.000000000000
0	25	60
0.923689788145	0.056178986444	-0.379000127650	1.289706887253
-0.047744054503	0.998358817899	0.031625559026	-0.197343054616
0.380154811276	-0.011117203166	0.924856057588	0.124082984078
0.000000000000	0.000000000000	0.000000000000	1.000000000000
0	30	60
-0.869200534292	0.177677134814	0.461433924794	-0.182006674673
0.376507079738	-0.367098196447	0.850577058868	-2.376136439411
0.320519656329	0.913055173541	0.252185249325	2.584916217926
0.000000000000	0.000000000000	0.000000000000	1.000000000000
0	31	60
-0.886202368953	0.387844527655	-0.253420566705	-0.939877495915
0.062492027053	-0.441925694222	-0.894872296666	2.111611272330
-0.459064383084	-0.808874714127	0.367398406406	2.051828202571
0.000000000000	0.000000000000	0.000000000000	1.000000000000
0	32	60
-0.657817219530	0.546805491693	-0.517957778149	0.083148623322
-0.399173263557	0.330064060785	0.855405413497	-1.331740048662
0.638699625295	0.769455307365	0.001148309917	1.883774210540
0.000000000000	0.000000000000	0.000000000000	1.000000000000
0	33	60
-0.972348322952	0.169282262365	-0.160879627365	-0.052086764544
-0.143352684849	0.111183101967	0.983406490513	-1.230313442258
0.184360371552	0.979276178351	-0.083841635931	1.708244142375
0.000000000000	0.000000000000	0.000000000000	1.000000000000
0	34	60
0.820208408607	-0.546938329936	0.167680141034	0.330453967125
0.459197856206	0.804272669226	0.377203926799	-0.349865306885
-0.341167840374	-0.232387471228	0.910824114695	0.136611042693
0.000000000000	0.000000000000	0.000000000000	1.000000000000
0	36	60
0.961439034170	-0.111376766733	-0.251456158021	-0.715004468439
0.142480334692	0.983774133630	0.109031225927	-0.524288636673
0.235232518587	-0.140654434105	0.961707851879	0.013388368304
0.000000000000	0.000000000000	0.000000000000	1.000000000000
0	37	60
0.395626894676	-0.666479973185	0.631889076937	-0.263922260767
0.507314996706	0.732120301162	0.454567221369	-1.072266245315
-0.765578770817	0.140727786773	0.627761766679	1.150263681642
0.000000000000	0.000000000000	0.000000000000	1.000000000000
0	38	60
0.614267045850	-0.631637257688	0.472980307289	-0.444241177896
0.443421110436	0.772106450319	0.455224503071	-0.881334114231
-0.652727902883	-0.069899957627	0.754360842516	0.729733766016
0.000000000000	0.000000000000	0.000000000000	1.000000000000
0	41	60
0.956883140837	-0.124061162323	-0.262647068867	-0.446436438487
0.007168636723	0.914014878949	-0.405617321755	-0.174490176229
0.290384685252	0.386245555396	0.875494777545	0.033942180962
0.000000000000	0.000000000000	0.000000000000	1.000000000000
0	42	60
0.979100061092	-0.123905894110	-0.161277400071	-0.500285587462
0.057526425598	0.929328588490	-0.364745232968	-0.451613839486
0.195073782777	0.347844367526	0.917033540964	0.470004251156
0.000000000000	0.000000000000	0.000000000000	1.000000000000
0	43	60
0.958849372430	-0.131679580215	-0.251532043971	-0.510319749155
0.033885079670	0.932684316316	-0.359098548414	-0.656655410856
0.281885938574	0.335798234438	0.898765744442	0.867729159991
0.000000000000	0.000000000000	0.000000000000	1.000000000000
0	44	60
0.997700943621	-0.067766941169	0.000684676818	-0.615856816452
0.064711558939	0.949619764579	-0.306650806066	-0.784168163126
0.020130604495	0.305990105079	0.951821839609	1.193356613308
0.000000000000	0.000000000000	0.000000000000	1.000000000000
0	45	60
0.980815493320	-0.102415175047	0.165867718328	-0.531603601998
0.132245367722	0.974705891879	-0.180165443560	-1.030971917813
-0.143220566887	0.198644295808	0.969550572669	1.446531736937
0.000000000000	0.000000000000	0.000000000000	1.000000000000
0	46	60
0.925275209050	-0.066257216979	0.373464548138	-0.410459591527
0.138996321429	0.975359658820	-0.171328802531	-0.912573226915
-0.352910484609	0.210436491953	0.911685621641	1.589184387842
0.000000000000	0.000000000000	0.000000000000	1.000000000000
0	47	60
0.739829307933	-0.328773137193	0.586993031801	-0.271522070640
0.467650186887	0.878536772182	-0.097347021675	-1.086199143705
-0.483689877739	0.346527580699	0.803718071209	1.720429245724
0.000000000000	0.000000000000	0.000000000000	1.000000000000
0	48	60
0.637189435439	-0.203618573808	0.743323011728	-0.186707642094
0.344535492650	0.937987649660	-0.038398742036	-1.038824677498
-0.689409107620	0.280568432803	0.667829646576	1.911465859452
0.000000000000	0.000000000000	0.000000000000	1.000000000000
0	49	60
0.541227373224	-0.297597425193	0.786453242724	0.024319595769
0.384690199033	0.919295089241	0.083126347597	-1.125076922971
-0.747720790965	0.257550599718	0.612030479097	1.916092323175
0.000000000000	0.000000000000	0.000000000000	1.000000000000
0	50	60
0.592573684118	-0.357647511121	0.721764980225	0.089758062376
0.304760243864	0.928964780387	0.210108616101	-1.127757553694
-0.745639069960	0.095460434679	0.659476825037	2.050892541136
0.000000000000	0.000000000000	0.000000000000	1.000000000000
0	51	60
0.751068947488	-0.319836301061	0.577581316044	-0.007253925572
0.285535827624	0.946137224019	0.152622555567	-1.010012825815
-0.595285416638	0.050290096924	0.801939011951	2.120597302971
0.000000000000	0.000000000000	0.000000000000	1.000000000000
0	52	60
0.697065892197	-0.342513074670	0.629907878674	-0.012453506672
0.270771340033	0.939220698912	0.211062455570	-1.067610584824
-0.663914168664	0.023436561504	0.747441438664	2.099983766412
0.000000000000	0.000000000000	0.000000000000	1.000000000000
0	53	60
0.416957120311	-0.480969249373	0.771242725074	0.026778542652
0.440749584782	0.849074686011	0.291224966461	-1.104616850037
-0.794912928148	0.218496587464	0.566014732962	1.972170674756
0.000000000000	0.000000000000	0.000000000000	1.000000000000
0	59	60
0.983373796468	-0.015365735513	-0.180941622055	0.303703696437
0.019382751659	0.999602906556	0.020453316177	-0.378690181684
0.180555491076	-0.023620401704	0.983281135416	1.218942135540
0.000000000000	0.000000000000	0.000000000000	1.000000000000
1	6	60
0.936700475280	-0.221296484987	0.271330214578	0.569810134382
0.249491619739	0.965560846706	-0.073798258708	0.087226899551
-0.245654536474	0.136821478726	0.959652922503	0.178334506310
0.000000000000	0.000000000000	0.000000000000	1.000000000000
1	7	60
-0.827125648544	0.130459679613	-0.546665742036	1.052942782231
-0.403933032281	0.538314136471	0.739632338333	-1.059010622718
0.390770094753	0.832585228353	-0.392556455272	1.964223015919
0.000000000000	0.000000000000	0.000000000000	1.000000000000
1	9	60
0.956231594167	0.024415546683	0.291590499496	1.330894394839
-0.002226998233	0.997091166057	-0.076185609200	0.000587900235
-0.292602424452	0.072201715010	0.953504448629	-0.107459061398
0.000000000000	0.000000000000	0.000000000000	1.000000000000
1	18	60
0.539689027228	-0.477455297477	0.693377381229	0.163734832384
0.478126758994	0.851733127703	0.214348971323	-0.474586471852
-0.692914537460	0.215840492226	0.687955177095	0.523474816591
0.000000000000	0.000000000000	0.000000000000	1.000000000000
1	19	60
0.790846481500	-0.419320511930	0.445793843580	0.329300246183
0.464996907235	0.885278004852	0.007792970337	-0.104029376344
-0.397919236731	0.201129715358	0.895101736474	0.159876931911
0.000000000000	0.000000000000	0.000000000000	1.000000000000
1	20	60
-0.883804338958	-0.131435254879	0.449015216016	-0.504038747317
-0.327277442181	-0.512146099753	-0.794100653788	1.463237494673
0.334334213442	-0.848782154786	0.409621151113	0.858658622986
0.000000000000	0.000000000000	0.000000000000	1.000000000000
1	25	60
0.786822289412	0.177095731942	-0.591225664710	1.837710174166
-0.145313186369	0.984174604901	0.101412153788	-0.462271666216
0.599828944576	0.006119542184	0.800104860910	0.510369774317
0.000000000000	0.000000000000	0.000000000000	1.000000000000
1	30	60
0.122655890080	0.397164516401	-0.909514089798	0.692341206805
-0.584254467136	0.769697476527	0.257317920596	-1.232765109065
0.802248247278	0.499826111304	0.326453071971	1.523840808493
0.000000000000	0.000000000000	0.000000000000	1.000000000000
1	33	60
-0.956342233630	0.131602346455	-0.260941285700	0.259381958071
-0.247564657528	0.109696648135	0.962641358830	-1.218578278199
0.155310246019	0.985214427318	-0.072327447669	1.558053464908
0.000000000000	0.000000000000	0.000000000000	1.000000000000
1	36	60
0.952984016702	-0.205607297484	-0.222591785857	-0.557842332452
0.227892691084	0.970453799618	0.079273855441	-0.556547291752
0.199715761171	-0.126273758270	0.971683360315	-0.086652356464
0.000000000000	0.000000000000	0.000000000000	1.000000000000
1	37	60
0.271226787336	-0.706845816671	0.653303161852	-0.027810090921
0.553611006230	0.669800018321	0.494856331916	-1.075081542423
-0.787369597846	0.227457527708	0.572985330944	1.040997006370
0.000000000000	0.000000000000	0.000000000000	1.000000000000
1	38	60
0.542283580527	-0.685792918385	0.485403534581	-0.238483548372
0.476032374878	0.726834825093	0.495080109780	-0.892297393101
-0.692330626477	-0.037406017239	0.720610223017	0.634316771884
0.000000000000	0.000000000000	0.000000000000	1.000000000000
1	39	60
0.646123609285	-0.556709444614	0.522110022698	-0.143688022134
0.397001226480	0.829394359389	0.393058548803	-0.643540993085
-0.651854514211	-0.046686088844	0.756905609314	0.255250252322
0.000000000000	0.000000000000	0.000000000000	1.000000000000
1	41	60
0.969019670997	-0.140540455645	-0.203099132318	-0.343314413179
0.036583717343	0.894921865372	-0.444720683693	-0.134987949432
0.244259101870	0.423512969349	0.872338383855	-0.080565897591
0.000000000000	0.000000000000	0.000000000000	1.000000000000
1	42	60
0.985852951020	-0.116125041655	-0.120867421853	-0.337607819228
0.050855963802	0.894354911350	-0.444458055940	-0.310171789463
0.159711082617	0.432023456823	0.887608079529	0.359455123265
0.000000000000	0.000000000000	0.000000000000	1.000000000000
1	43	60
0.976412990353	-0.141051830103	-0.163468815051	-0.403087160914
0.071334556822	0.925342736964	-0.372360309582	-0.660432397075
0.203786783851	0.351916467892	0.913578538690	0.744341805963
0.000000000000	0.000000000000	0.000000000000	1.000000000000
1	44	60
0.996929260699	-0.047487049201	0.062265795744	-0.447090599149
0.064293093863	0.950293089628	-0.304646421097	-0.823976707280
-0.044703995828	0.307714192010	0.950428076602	1.064750674329
0.000000000000	0.000000000000	0.000000000000	1.000000000000
1	45	60
0.955885212140	-0.176044622269	0.235141983027	-0.307496662674
0.220347354439	0.959100299664	-0.177689781858	-1.057443838635
-0.194243415856	0.221663948704	0.955580760188	1.326093964832
0.000000000000	0.000000000000	0.000000000000	1.000000000000
1	46	60
0.858561993619	-0.188647366588	0.476742565954	-0.172743115234
0.284527014408	0.948836014121	-0.136947421949	-0.987467755918
-0.426515745530	0.253223990542	0.868309811892	1.503505390324
0.000000000000	0.000000000000	0.000000000000	1.000000000000
1	59	60
0.974539065420	-0.023726934844	-0.222958835962	0.530682183978
-0.002818924423	0.993010076428	-0.117995939662	-0.198774752643
0.224200052711	0.115620156869	0.967660227399	1.036522644784
0.000000000000	0.000000000000	0.000000000000	1.000000000000
2	5	60
0.670934955012	-0.157379455181	0.724622655752	-0.798226461902
0.147925915571	0.985982516669	0.077177719104	-0.848519765811
-0.726611457139	0.055409240300	0.684810635464	0.378896767030
0.000000000000	0.000000000000	0.000000000000	1.000000000000
2	10	60
0.953601981346	-0.145204606537	0.263740181644	0.933798226884
0.164442785581	0.985000589948	-0.052272440854	0.070052380493
-0.252194035305	0.093217273308	0.963176364179	-0.488163021424
0.000000000000	0.000000000000	0.000000000000	1.000000000000
2	15	60
0.653888960498	0.366547797173	-0.661870032353	1.488058367708
-0.341521557955	0.923608819919	0.174097022436	-0.593114818460
0.675123879589	0.112202763586	0.729121585919	0.901826514289
0.000000000000	0.000000000000	0.000000000000	1.000000000000
2	26	60
-0.850458861340	0.293318232060	-0.436673951489	0.745661209630
-0.260871963984	0.485677300111	0.834304128339	-1.800528558567
0.456799237713	0.823457330344	-0.336530060361	2.187408155569
0.000000000000	0.000000000000	0.000000000000	1.000000000000
2	32	60
-0.471218340843	0.706782782059	-0.527647016706	0.931972482941
-0.494521937730	0.283646108311	0.821579538659	-1.195328113857
0.730343294867	0.648076372216	0.215860342393	1.344077936928
0.000000000000	0.000000000000	0.000000000000	1.000000000000
2	44	60
0.935501295317	-0.159894377258	0.315073189247	0.032777057494
0.262278096865	0.911774423655	-0.316034175800	-0.699028770585
-0.236743587803	0.378287177274	0.894902947332	0.826010273686
0.000000000000	0.000000000000	0.000000000000	1.000000000000
2	45	60
0.881941314144	-0.133803518741	0.451969176801	0.194570669644
0.281725684914	0.918382391715	-0.277856835525	-0.770280112955
-0.377902311273	0.372384748561	0.847655261397	1.041423753128
0.000000000000	0.000000000000	0.000000000000	1.000000000000
3	6	60
0.787856044644	-0.173536818496	0.590904243973	0.453758813714
0.226437836949	0.973895882664	-0.015897035176	0.646948508204
-0.572720489346	0.146327654104	0.806585059822	-0.511647794832
0.000000000000	0.000000000000	0.000000000000	1.000000000000
3	7	60
0.547925297556	0.049565600714	-0.835057554618	1.742643936012
-0.255606146991	0.960421154130	-0.110710000996	0.615279668951
0.796519532666	0.274106654289	0.538908318877	0.120400233623
0.000000000000	0.000000000000	0.000000000000	1.000000000000
3	15	60
0.682814621962	-0.526203223755	0.506827741294	0.391661686668
0.422981728985	0.850358598167	0.313012318396	-0.030274537910
-0.595693418614	0.000649486455	0.803211634121	0.337643632363
0.000000000000	0.000000000000	0.000000000000	1.000000000000
3	19	60
0.505798405471	-0.407226012802	0.760483364394	0.174432864333
0.439412469982	0.880248936838	0.179104691224	0.287578922874
-0.742350762273	0.243575006295	0.624168696797	-0.366840860465
0.000000000000	0.000000000000	0.000000000000	1.000000000000
3	25	60
0.959834947267	-0.279814474608	0.020511796717	1.435605065167
0.269053024440	0.938714997880	0.215463738931	0.066277976269
-0.079544604117	-0.201290865551	0.976296391165	-0.364874653270
0.000000000000	0.000000000000	0.000000000000	1.000000000000
3	31	60
0.079644059484	0.567734913541	-0.819349676106	0.838000063423
-0.407279920323	0.768756296467	0.493089062081	-0.607708540957
0.909824098543	0.294433056210	0.292453902557	1.176340597342
0.000000000000	0.000000000000	0.000000000000	1.000000000000
3	32	60
-0.404991182978	0.718227806335	-0.565801166415	0.801976449456
-0.375335277878	0.433680748170	0.819173020702	-0.652249764148
0.833729914835	0.544122988738	0.093939354034	1.133228650487
0.000000000000	0.000000000000	0.000000000000	1.000000000000
3	36	60
-0.307943572374	-0.528192400531	0.791317600117	0.846690171743
0.552273948958	0.578019777757	0.600738397161	-0.562491822755
-0.774702679442	0.622017623981	0.113709427586	0.751382129652
0.000000000000	0.000000000000	0.000000000000	1.000000000000
3	37	60
0.015295732328	-0.633368482146	0.773699170477	0.268253685238
0.425868104657	0.704222061639	0.568073626687	-0.500156066924
-0.904655955603	0.320804697169	0.280503027195	0.629643428683
0.000000000000	0.000000000000	0.000000000000	1.000000000000
3	38	60
0.322580933129	-0.707031855275	0.629323046780	-0.044240621079
0.407682706835	0.703817094380	0.581752789599	-0.370475684918
-0.854246072352	0.068901765465	0.515282635634	0.206392086896
0.000000000000	0.000000000000	0.000000000000	1.000000000000
3	39	60
0.433944108093	-0.596659972403	0.675047693414	-0.052894433593
0.317117085712	0.802476904015	0.505438000621	-0.191024716082
-0.843284806575	-0.005262685124	0.537441195988	-0.225208833421
0.000000000000	0.000000000000	0.000000000000	1.000000000000
3	46	60
0.698505570969	-0.098351632506	0.708813744018	0.233681615489
0.233843373436	0.967503762745	-0.096196391694	-0.357689833568
-0.676318892259	0.232945112544	0.698805645738	1.029122850950
0.000000000000	0.000000000000	0.000000000000	1.000000000000
3	59	60
-0.966855979275	-0.094346350398	-0.237251515288	-0.651507186949
-0.250779296678	0.525426085100	0.813041926012	-0.962672390838
0.047950596422	0.845592215706	-0.531671463444	2.405475955537
0.000000000000	0.000000000000	0.000000000000	1.000000000000
4	8	60
0.995019622631	-0.082384747874	0.056113313009	1.388695656543
0.073877040458	0.987431226333	0.139720278255	0.602704056706
-0.066918857375	-0.134878933047	0.988599787552	-0.282096717863
0.000000000000	0.000000000000	0.000000000000	1.000000000000
4	16	60
0.779412118261	-0.432154697402	0.453606732116	-0.071617673017
0.318476519841	0.896788419493	0.307153442067	-0.075936472804
-0.539527067178	-0.094936021492	0.836598885730	0.469160379512
0.000000000000	0.000000000000	0.000000000000	1.000000000000
4	17	60
0.523853055845	-0.441816784802	0.728269115471	-0.045042551004
0.359033150513	0.889836686430	0.281577464148	-0.114380631741
-0.772446226423	0.113967539898	0.624770539586	0.371187565805
0.000000000000	0.000000000000	0.000000000000	1.000000000000
4	20	60
0.925544972988	-0.211286856147	0.314204340193	0.441045823133
0.159881838845	0.970303136747	0.181520303071	0.165442438809
-0.343226311031	-0.117769636319	0.931840121575	-0.894115115054
0.000000000000	0.000000000000	0.000000000000	1.000000000000
4	21	60
-0.234863874656	-0.426832627268	0.873299987794	-1.428929797816
-0.295749821874	-0.824455923000	-0.482498159469	1.197982097178
0.925943304551	-0.371599703081	0.067399239075	1.551267519137
0.000000000000	0.000000000000	0.000000000000	1.000000000000
4	24	60
-0.945840298160	-0.087928741169	0.312497466954	-0.804657056310
-0.125961480772	-0.787798550256	-0.602915540997	1.374168030257
0.299198655977	-0.609624458737	0.734055981224	0.646477167656
0.000000000000	0.000000000000	0.000000000000	1.000000000000
4	28	60
-0.019023612648	0.415160521620	-0.909549252900	1.321687876480
-0.272116595793	0.873222591125	0.404270781338	-0.572015012727
0.962076223828	0.255194137154	0.096360219522	1.436434726438
0.000000000000	0.000000000000	0.000000000000	1.000000000000
4	29	60
0.055713371885	0.306433167543	-0.950260350653	0.855713201229
-0.232070096868	0.929647527236	0.286179917611	-0.522989674569
0.971102203855	0.204582963450	0.122907773282	1.590421091843
0.000000000000	0.000000000000	0.000000000000	1.000000000000
4	35	60
-0.363586411330	-0.646683741173	0.670525958035	-0.029401925216
0.540483162945	0.439813109447	0.717246386767	-0.783941667376
-0.758737683306	0.623189030439	0.189611603735	1.335501443738
0.000000000000	0.000000000000	0.000000000000	1.000000000000
4	36	60
0.383847290244	-0.630109030254	0.674999161307	-0.034186792876
0.505429730269	0.755138880528	0.417499771108	-0.640691890481
-0.772788486931	0.180908488213	0.608333850249	1.073341508101
0.000000000000	0.000000000000	0.000000000000	1.000000000000
4	40	60
0.910379999912	-0.052394930437	-0.410442477121	-0.103664800932
-0.077440599296	0.952847352522	-0.293402243298	0.503608144467
0.406461817815	0.298892445632	0.863395677892	-0.802107444585
0.000000000000	0.000000000000	0.000000000000	1.000000000000
4	41	60
0.879376231572	-0.103500183321	-0.464742031022	-0.161192950241
-0.069525579304	0.937711290390	-0.340387616838	0.403787268152
0.471024030351	0.331640238703	0.817405110643	-0.526124534910
0.000000000000	0.000000000000	0.000000000000	1.000000000000
4	43	60
0.891540477092	-0.102447904037	-0.441202906456	-0.454345356532
-0.027351629098	0.960129897591	-0.278212990599	-0.062852526956
0.452114439155	0.260105760626	0.853192549895	0.273286482820
0.000000000000	0.000000000000	0.000000000000	1.000000000000
4	48	60
0.804335163826	-0.228979732443	0.548282068249	-0.303436153295
0.254415375651	0.966615265590	0.030458906105	-0.495336983547
-0.536952289189	0.114992219125	0.835738612651	1.330871046942
0.000000000000	0.000000000000	0.000000000000	1.000000000000
4	49	60
0.745730671454	-0.227904649154	0.626055298314	-0.125342763016
0.246719249010	0.967334177007	0.058259781682	-0.544706928777
-0.618882361860	0.111013786926	0.777599229225	1.405681173791
0.000000000000	0.000000000000	0.000000000000	1.000000000000
4	50	60
0.791610777360	-0.168435504381	0.587351562551	-0.099962708148
0.107866124320	0.984680602205	0.137000039658	-0.428847592533
-0.601429361099	-0.045095371226	0.797652262018	1.533238735045
0.000000000000	0.000000000000	0.000000000000	1.000000000000
4	51	60
0.898794632948	-0.325039541637	0.294138579851	-0.014896250986
0.247215563562	0.929936249569	0.272218729830	-0.547574176266
-0.362011978969	-0.171953098575	0.916176543562	1.534902495817
0.000000000000	0.000000000000	0.000000000000	1.000000000000
4	52	60
0.881184032422	-0.201732127137	0.427573209972	-0.130715325098
0.139744511838	0.975122116344	0.172070711126	-0.412931969440
-0.451648283973	-0.091874953589	0.887452996213	1.526035201823
0.000000000000	0.000000000000	0.000000000000	1.000000000000
4	53	60
0.660031685483	-0.372802775587	0.652208758507	-0.163851389796
0.313128541102	0.925691220931	0.212241089892	-0.485842743549
-0.682867989369	0.064139332755	0.727720726027	1.473307542314
0.000000000000	0.000000000000	0.000000000000	1.000000000000
4	54	60
0.416437244708	-0.335108179111	0.845152370589	-0.062326937919
0.276567020123	0.932230408443	0.233360555695	-0.329499271429
-0.866077770526	0.136561245847	0.480895333241	1.270808043931
0.000000000000	0.000000000000	0.000000000000	1.000000000000
4	58	60
-0.708382555469	0.412829837015	-0.572508236428	1.405821678247
0.255365567662	-0.606267701210	-0.753145338777	1.338505841925
-0.658014119879	-0.679713910509	0.324046937804	0.728925762441
0.000000000000	0.000000000000	0.000000000000	1.000000000000
4	59	60
0.379234510244	-0.577624204892	0.722863378629	-0.326898103589
0.340504129086	0.813519131423	0.471427153316	-0.077914817131
-0.860370922519	0.067356519585	0.505197956205	0.782573939973
0.000000000000	0.000000000000	0.000000000000	1.000000000000
5	13	60
0.892594453948	0.139504953873	-0.428734776553	-0.232538857888
-0.075213576363	0.983674326001	0.163486202159	-0.094935372747
0.444542527450	-0.113680201489	0.888514914381	0.348897774103
0.000000000000	0.000000000000	0.000000000000	1.000000000000
5	14	60
0.960251585414	0.063191066767	-0.271889282227	-0.559556197047
-0.001610569856	0.975276891913	0.220980519877	-0.156380041943
0.279131328901	-0.211758997875	0.936612955305	0.514889986002
0.000000000000	0.000000000000	0.000000000000	1.000000000000
5	21	60
0.865406639137	-0.219631687536	0.450370148618	0.430758671832
0.124794314329	0.964968161691	0.230787404411	-0.086522871328
-0.485281081486	-0.143521318115	0.862498639534	-0.591107875328
0.000000000000	0.000000000000	0.000000000000	1.000000000000
5	24	60
0.992709747821	0.021199003004	0.118650574597	1.689529434053
-0.038465961931	0.988655590856	0.145191227155	-0.226548999829
-0.114226644673	-0.148696754980	0.982263482323	-0.140372395701
0.000000000000	0.000000000000	0.000000000000	1.000000000000
5	27	60
-0.032693301693	0.486355906090	-0.873148945276	1.524642903947
-0.220745934048	0.848527927170	0.480907048622	-0.762908446788
0.974783248023	0.208466518715	0.079619909251	1.588026503206
0.000000000000	0.000000000000	0.000000000000	1.000000000000
5	28	60
-0.040745018349	0.561712797341	-0.826328371038	0.839237919973
-0.135851436536	0.816220856515	0.561540649091	-0.861323158936
0.989891019593	0.135137880307	0.043052556664	1.679495946273
0.000000000000	0.000000000000	0.000000000000	1.000000000000
5	34	60
0.983430339366	-0.004755879669	-0.181224030479	0.619895450396
0.089670556007	0.881563125666	0.463471301002	-0.225264939528
0.157556209017	-0.472042198405	0.867382386220	-0.002401033022
0.000000000000	0.000000000000	0.000000000000	1.000000000000
5	35	60
-0.150688094409	-0.560233694529	0.814512925446	-0.513119308484
0.591841985463	0.608827750429	0.528253570316	-0.706760871556
-0.791843521440	0.561664470856	0.239826728558	1.493749410815
0.000000000000	0.000000000000	0.000000000000	1.000000000000
5	40	60
0.795031729483	-0.041148470875	-0.605170515194	0.136104392125
-0.130482934716	0.962736589339	-0.236880694223	0.372310300507
0.592367076114	0.267292092836	0.760036962420	-0.553450544308
0.000000000000	0.000000000000	0.000000000000	1.000000000000
5	41	60
0.796297706679	-0.048612829541	-0.602948385139	-0.182703055717
-0.103444385814	0.971139033247	-0.214914487989	0.092098755680
0.595994313212	0.233507539296	0.768287060747	-0.382669714115
0.000000000000	0.000000000000	0.000000000000	1.000000000000
5	42	60
0.859279832875	0.071326427691	-0.506508350895	-0.443508160122
-0.221514025902	0.944447666007	-0.242796504305	0.168098943202
0.461052822508	0.320828843602	0.827344636757	0.079993504570
0.000000000000	0.000000000000	0.000000000000	1.000000000000
5	43	60
0.687011242960	0.108240605872	-0.718539855044	-0.232821278452
-0.250080524968	0.963656870614	-0.093942358655	-0.201101940004
0.682257490306	0.244232280746	0.689111972007	0.506715773301
0.000000000000	0.000000000000	0.000000000000	1.000000000000
5	44	60
-0.610667674933	0.774188946507	0.166482629418	0.532546192451
-0.791355268419	-0.604321784378	-0.092477132699	0.090576289888
0.029014305738	-0.188219701500	0.981698280548	0.648071720003
0.000000000000	0.000000000000	0.000000000000	1.000000000000
5	45	60
0.995684609077	0.080419308945	-0.046313000295	-1.082665408165
-0.086535144577	0.984844910845	-0.150306920449	-0.340567826636
0.033523543974	0.153665989505	0.987554016583	1.026682319288
0.000000000000	0.000000000000	0.000000000000	1.000000000000
5	50	60
0.846950666283	-0.078522432565	0.525841037260	-0.514635287765
0.018441389854	0.992777299176	0.118545980030	-0.548847405100
-0.531351563490	-0.090705357203	0.842281457799	1.664159258614
0.000000000000	0.000000000000	0.000000000000	1.000000000000
5	51	60
0.907243484567	0.210263823184	0.364277894431	-0.551482327827
-0.286759472307	0.942800151484	0.169990821526	-0.471854890090
-0.307698334011	-0.258683202046	0.915644437664	1.713583827825
0.000000000000	0.000000000000	0.000000000000	1.000000000000
5	52	60
0.924718020859	-0.020118230833	0.380120821169	-0.591607666823
-0.044092207874	0.986219331166	0.159459424429	-0.467696214420
-0.378090543525	-0.164215369630	0.911087730833	1.661255862683
0.000000000000	0.000000000000	0.000000000000	1.000000000000
5	53	60
0.779430261544	-0.192815832776	0.596079291722	-0.558967773409
0.115603379941	0.979386640057	0.165643194321	-0.581294826720
-0.615730725184	-0.060198537437	0.785653746987	1.583920872149
0.000000000000	0.000000000000	0.000000000000	1.000000000000
5	54	60
0.493669861878	-0.262770831981	0.829000336148	-0.469781268796
0.212571498125	0.960803171805	0.177962420850	-0.481762449235
-0.843269485786	0.088367159681	0.530177158534	1.421334191888
0.000000000000	0.000000000000	0.000000000000	1.000000000000
5	55	60
0.014869297626	-0.410231279034	0.911860297244	-0.463225598895
0.268106408237	0.880201835353	0.391616755137	-0.387776854663
-0.963274549571	0.238652523020	0.123073617829	1.451699327618
0.000000000000	0.000000000000	0.000000000000	1.000000000000
5	57	60
-0.122945277016	-0.524751672984	0.842330184999	-0.714593046874
0.262001074817	0.801493817133	0.537552879159	-0.281696013578
-0.957204207917	0.286781001459	0.038945622960	1.242962405210
0.000000000000	0.000000000000	0.000000000000	1.000000000000
5	58	60
0.136943930484	-0.520364450854	0.842892162848	-0.793734004236
0.275756570264	0.837299560164	0.472109902994	-0.251542760750
-0.951422447633	0.167780466193	0.258157009016	1.086247418858
0.000000000000	0.000000000000	0.000000000000	1.000000000000
5	59	60
0.436301898397	-0.441822850092	0.783857909695	-0.712612721440
0.240394007820	0.896716969506	0.371630727477	-0.140948591825
-0.867093636500	0.026291552572	0.497450881800	0.955741933193
0.000000000000	0.000000000000	0.000000000000	1.000000000000
6	13	60
0.868729473312	0.091648598173	-0.486733640354	-0.411708397272
-0.105489448558	0.994419881871	-0.001036716747	-0.030506709186
0.483922595507	0.052245889709	0.873549820311	0.426017931150
0.000000000000	0.000000000000	0.000000000000	1.000000000000
6	14	60
0.980579177865	0.165787196358	-0.104781112136	-1.123770970868
-0.140238472447	0.966194812728	0.216334820829	-0.340038329892
0.137104510437	-0.197439077645	0.970680258291	0.525927902833
0.000000000000	0.000000000000	0.000000000000	1.000000000000
6	22	60
0.646144200697	-0.462243055840	0.607312958229	0.360867273899
0.341738081257	0.886730316477	0.311326885540	-0.224162788285
-0.682431502588	0.006379903455	0.730921706551	-0.427017295365
0.000000000000	0.000000000000	0.000000000000	1.000000000000
6	27	60
0.014025142812	0.409296083502	-0.912293818569	1.291578896009
-0.212609314146	0.892740553752	0.397255060666	-0.833989501534
0.977036629256	0.188390604107	0.099540973357	1.499823226561
0.000000000000	0.000000000000	0.000000000000	1.000000000000
6	34	60
-0.878839393938	-0.315373554878	0.358023519544	-0.704368564517
0.246709032991	0.341905717041	0.906771820082	-1.004606099840
-0.408382140530	0.885234433096	-0.222674708393	1.348566252755
0.000000000000	0.000000000000	0.000000000000	1.000000000000
6	42	60
-0.676074876423	-0.442348282275	0.589279864442	-1.248000954140
-0.391443143192	0.893177598599	0.221373085555	-1.222717608140
-0.624255578363	-0.081004780897	-0.777009136597	5.203374023239
0.000000000000	0.000000000000	0.000000000000	1.000000000000
6	44	60
0.030940458043	-0.988617618451	0.147234141910	-0.274696425913
0.940301322910	-0.021160680301	-0.339684629831	-0.383341484930
0.338933784375	0.148954456452	0.928943733341	0.664521561256
0.000000000000	0.000000000000	0.000000000000	1.000000000000
6	45	60
0.987577545592	-0.153691406493	-0.032703868468	-0.161160780082
0.146580292772	0.976067201701	-0.160645683213	-0.554742090751
0.056611034381	0.153856326922	0.986470182749	0.848874977614
0.000000000000	0.000000000000	0.000000000000	1.000000000000
6	46	60
0.981878166639	0.001752213215	0.189505133508	-1.336665347625
0.043069881232	0.971727945463	-0.232141735449	-0.545220403430
-0.184554195856	0.236096865196	0.954042985948	1.183987267951
0.000000000000	0.000000000000	0.000000000000	1.000000000000
6	47	60
0.942163995546	-0.051731979748	0.331135633491	-1.086476071078
0.064311392926	0.997560834769	-0.027137164073	-0.862112482622
-0.328924079745	0.046863452768	0.943192857563	1.291899731396
0.000000000000	0.000000000000	0.000000000000	1.000000000000
6	48	60
0.830647498714	-0.112130915670	0.545391043775	-1.124064695845
0.150444690222	0.988277930921	-0.025944680351	-0.806400413321
-0.536088731521	0.103602070469	0.837780092226	1.488565983682
0.000000000000	0.000000000000	0.000000000000	1.000000000000
6	50	60
0.824569304477	-0.274469539810	0.494724098696	-0.768907685434
0.200484515582	0.959450356983	0.198143815185	-0.941654440343
-0.529047654872	-0.064198786600	0.846160206269	1.618910135732
0.000000000000	0.000000000000	0.000000000000	1.000000000000
6	51	60
0.937133676489	-0.224191285698	0.267429878299	-0.850296998789
0.180419436340	0.967234957606	0.178620726054	-0.864352832803
-0.298712737225	-0.119141949801	0.946876917248	1.650633982579
0.000000000000	0.000000000000	0.000000000000	1.000000000000
6	52	60
0.914202558074	-0.088235624880	0.395535279481	-0.899259514025
0.032205509337	0.988740940295	0.146130620176	-0.730952984275
-0.403975850739	-0.120854571642	0.906751170131	1.641113066697
0.000000000000	0.000000000000	0.000000000000	1.000000000000
6	55	60
0.066620193481	-0.489344494971	0.869542244553	-0.770883389473
0.324557413421	0.834713157105	0.444877995353	-0.636443247132
-0.943516950147	0.252578523626	0.214429135587	1.283425647549
0.000000000000	0.000000000000	0.000000000000	1.000000000000
6	56	60
-0.046148991180	-0.544737095479	0.837336113769	-0.947798301963
0.316873885149	0.786955678279	0.529425822316	-0.546428281317
-0.947344294079	0.289762415150	0.136295749173	1.214915724447
0.000000000000	0.000000000000	0.000000000000	1.000000000000
6	57	60
-0.145782300927	-0.572994194658	0.806489413213	-1.019204588142
0.280974806235	0.757649740943	0.589084058781	-0.548175667285
-0.948578240841	0.312481236137	0.050545010287	1.214574667348
0.000000000000	0.000000000000	0.000000000000	1.000000000000
6	58	60
0.148323385530	-0.558202738304	0.816339314412	-1.117305551484
0.283964641015	0.814747639461	0.505519897379	-0.479718398582
-0.947293120400	0.156831077731	0.279355968434	1.035469352632
0.000000000000	0.000000000000	0.000000000000	1.000000000000
7	12	60
0.969315614828	0.056342982232	-0.239275379436	-0.725255057582
-0.038843481506	0.996255958920	0.077235019654	-0.360752401981
0.242731173925	-0.065570821787	0.967875014935	0.488598642115
0.000000000000	0.000000000000	0.000000000000	1.000000000000
7	13	60
0.822355154532	0.389913265945	-0.414366558561	-0.507425099399
-0.341787398659	0.920758886060	0.188107543333	-0.485540141236
0.454877317452	-0.013065939724	0.890458256903	0.601190612425
0.000000000000	0.000000000000	0.000000000000	1.000000000000
7	14	60
0.845838772344	-0.531217851030	0.048624746230	-1.261778646826
0.410273222110	0.706092722081	0.577155915715	-1.449699973480
-0.340929104681	-0.468231419889	0.815185060590	0.565802583119
0.000000000000	0.000000000000	0.000000000000	1.000000000000
7	22	60
0.688313001667	-0.375562377489	0.620627192726	0.070985481938
0.251280451415	0.926020504241	0.281680955092	-0.361490746683
-0.680502275142	-0.037933182564	0.731763436630	-0.318331441253
0.000000000000	0.000000000000	0.000000000000	1.000000000000
7	23	60
0.957980637775	0.182719473990	-0.221103350207	0.653936697014
-0.182752426607	0.982945465157	0.020488120846	-0.298449508068
0.221076114081	0.020779950707	0.975035150870	-1.552980498175
0.000000000000	0.000000000000	0.000000000000	1.000000000000
7	27	60
0.849284341921	-0.366600206827	0.379895242037	-0.345677796794
0.340695062703	0.930275227572	0.136069376479	-0.040327015610
-0.403290194299	0.013866842448	0.914967064906	-0.762634579938
0.000000000000	0.000000000000	0.000000000000	1.000000000000
7	34	60
-0.991396661062	-0.016471372940	0.129851277652	-0.661680317204
0.117342208014	0.327714322194	0.937461534810	-1.250435668356
-0.057995401999	0.944633271118	-0.322962097535	1.882228773300
0.000000000000	0.000000000000	0.000000000000	1.000000000000
7	46	60
0.962625524646	0.043000806753	0.267400504710	-1.675863083471
0.017284464701	0.975548957175	-0.219101527689	-0.717171716001
-0.270283825970	0.215534597627	0.938345080791	1.410940023233
0.000000000000	0.000000000000	0.000000000000	1.000000000000
7	47	60
0.876319435829	-0.093853751348	0.472499438885	-1.595946188381
0.240468600482	0.935120618664	-0.260238891659	-0.744741541680
-0.417419571379	0.341673677516	0.842033253216	1.551470964656
0.000000000000	0.000000000000	0.000000000000	1.000000000000
7	48	60
0.730088737577	-0.289661356717	0.618923851283	-1.468345741651
0.286958623516	0.951946229960	0.107019267678	-1.104319877511
-0.620181573132	0.099471974390	0.778126045483	1.693551337483
0.000000000000	0.000000000000	0.000000000000	1.000000000000
7	49	60
0.005586810325	-0.846504431410	0.532352359958	-1.736730544964
0.964901888885	0.144337527425	0.219387836955	-1.456622019185
-0.262551199535	0.512442119443	0.817600111205	1.863061163656
0.000000000000	0.000000000000	0.000000000000	1.000000000000
7	50	60
-0.830255456850	-0.225541621579	-0.509712520257	-0.423472734477
0.336136451865	0.526867816744	-0.780655230821	-0.119925548487
0.444621369368	-0.819476223337	-0.361622119465	3.160321278239
0.000000000000	0.000000000000	0.000000000000	1.000000000000
7	51	60
-0.981616623592	-0.028661579836	-0.188699014649	-0.348001519902
0.172905587937	0.285123238252	-0.942766353170	-0.104848987854
0.080823647209	-0.958062238505	-0.274925963128	2.676656118205
0.000000000000	0.000000000000	0.000000000000	1.000000000000
7	52	60
0.899854697268	-0.149909628190	0.409620101045	-1.124687905462
0.130329547118	0.988592728409	0.075489247478	-0.870221513737
-0.416264018325	-0.014543751677	0.909127464295	1.773393537649
0.000000000000	0.000000000000	0.000000000000	1.000000000000
7	56	60
-0.130421953152	-0.517275702798	0.845822653652	-1.297038510791
0.354147800297	0.772522713224	0.527055967709	-0.678758197847
-0.926050457416	0.368285900961	0.082438131180	1.434375105412
0.000000000000	0.000000000000	0.000000000000	1.000000000000
7	57	60
-0.220756179242	-0.563679275351	0.795947475570	-1.375764056325
0.330906298415	0.724390481271	0.604780499283	-0.700179082806
-0.917479008477	0.396893065175	0.026611347575	1.400720913518
0.000000000000	0.000000000000	0.000000000000	1.000000000000
8	10	60
0.939799035890	0.090979288398	-0.329394203384	-0.407670244244
-0.133756348907	0.984937226947	-0.109580555309	-0.345895932390
0.314463052309	0.147042266227	0.937812113739	0.009154265456
0.000000000000	0.000000000000	0.000000000000	1.000000000000
8	11	60
0.952354011541	-0.140392212345	-0.270761635787	-0.670701678853
0.105425221887	0.984566674946	-0.139692466422	-0.287084268074
0.286194617858	0.104491575248	0.952456902653	0.148746747401
0.000000000000	0.000000000000	0.000000000000	1.000000000000
8	15	60
0.961261593909	-0.274755324452	-0.022037689556	-1.505063189173
0.275622827509	0.958963469562	0.066491510751	-0.657911909266
0.002864442628	-0.069989825913	0.997543592650	0.562446918214
0.000000000000	0.000000000000	0.000000000000	1.000000000000
8	26	60
0.543880572798	0.256619622764	-0.798962008950	0.933667782209
-0.292422217456	0.950375102048	0.106190452228	-0.804481070114
0.786564154580	0.175879318337	0.591931834007	0.957292433875
0.000000000000	0.000000000000	0.000000000000	1.000000000000
8	34	60
-0.856022324700	-0.410457800003	0.314245404154	-1.528766313071
0.257792661889	0.187954699514	0.947742567582	-1.371511335130
-0.448072229770	0.892298955142	-0.055080409960	1.171911954152
0.000000000000	0.000000000000	0.000000000000	1.000000000000
8	38	60
0.857921458280	-0.453787963918	0.240929979925	-1.742684933746
0.364778832349	0.868220262783	0.336348002468	-0.847769882717
-0.361810965690	-0.200674012012	0.910397037566	0.019795895774
0.000000000000	0.000000000000	0.000000000000	1.000000000000
8	48	60
0.871693979963	-0.253881491106	0.419158435164	-1.771589137310
0.326989602048	0.938412065854	-0.111627034409	-1.279421787325
-0.365003295119	0.234365063805	0.901024756275	1.202822534049
0.000000000000	0.000000000000	0.000000000000	1.000000000000
8	49	60
0.278842525681	0.939770547599	0.197681976260	-0.250046037982
-0.840447230694	0.139209475459	0.523707145608	-0.254304648552
0.464645346786	-0.312173092704	0.828645075953	-0.742699934435
0.000000000000	0.000000000000	0.000000000000	1.000000000000
8	50	60
0.819959395177	-0.477945967779	0.315014669729	-1.398881039632
0.461211240716	0.877571258616	0.130968994375	-1.397605900350
-0.339043922962	0.037899049255	0.940006851235	1.384403839866
0.000000000000	0.000000000000	0.000000000000	1.000000000000
8	52	60
0.927966042206	-0.256351687328	0.270486297098	-1.594985686196
