0	1	60
0.994857074078	-0.005474415386	0.101140659147	0.010122072535
0.014553410388	0.995903126840	-0.089247746172	-0.116112747647
-0.100237719460	0.090260693144	0.990860942247	-0.021392902720
0.000000000000	0.000000000000	0.000000000000	1.000000000000
0	2	60
0.948287955707	-0.143420946374	0.283161411923	0.111954930414
0.133501788928	0.989569341131	0.054127547952	-0.100530592132
-0.287970875982	-0.013525946747	0.957543640442	-0.171913352907
0.000000000000	0.000000000000	0.000000000000	1.000000000000
1	2	60
0.974391842226	-0.128776556742	0.184328880635	0.118803642431
0.105875605995	0.985958201614	0.129138610515	0.029233915384
-0.198370597261	-0.106315676663	0.974343924412	-0.157576570788
0.000000000000	0.000000000000	0.000000000000	1.000000000000
1	34	60
0.392713602723	-0.387464143770	0.834054892395	-2.325380535887
0.190818277586	0.921508989368	0.338244833593	-0.732953975712
-0.899646825802	0.026319570776	0.435824355697	1.488086990668
0.000000000000	0.000000000000	0.000000000000	1.000000000000
1	37	60
0.123321873493	-0.668484034854	0.733430849272	-1.611544921711
0.311060238628	0.727865329516	0.611108492850	-0.881833712648
-0.942355157816	0.152778130746	0.297700519487	1.908248404230
0.000000000000	0.000000000000	0.000000000000	1.000000000000
1	38	60
-0.314577139591	-0.500905408715	0.806309490684	-1.619993967902
0.190289650821	0.798912792694	0.570550785171	-0.900902031874
-0.929962941217	0.332914585427	-0.156002585790	2.150677131989
0.000000000000	0.000000000000	0.000000000000	1.000000000000
1	50	60
0.117866356977	-0.386594288453	0.914687038297	-2.631982147784
0.393781792812	0.863786561999	0.314338471969	-0.983039439769
-0.911615830020	0.323137171254	0.254045167266	3.252022111379
0.000000000000	0.000000000000	0.000000000000	1.000000000000
2	34	60
0.548276466064	-0.291003746097	0.784034269990	-2.810814872110
0.215696083341	0.954994096204	0.203620912106	-0.651745323258
-0.808002547268	0.057472567136	0.586369156449	1.147247546991
0.000000000000	0.000000000000	0.000000000000	1.000000000000
2	36	60
0.569311196047	-0.375268797479	0.731476651503	-2.496102473067
0.268778098091	0.925808629026	0.265775688144	-0.616068608546
-0.776944718781	0.045295828291	0.627937251560	1.301768416736
0.000000000000	0.000000000000	0.000000000000	1.000000000000
2	37	60
0.347456940204	-0.602157144400	0.718804874881	-2.190841616324
0.359150678305	0.793568795110	0.491181593406	-0.922401140153
-0.866189624145	0.087494804852	0.491996132248	1.614764153561
0.000000000000	0.000000000000	0.000000000000	1.000000000000
2	38	60
-0.116392076720	-0.494095989204	0.861581126725	-2.227167854503
0.298987476333	0.809807339194	0.504795564941	-1.009012448426
-0.947132183738	0.316356170858	0.053473354927	1.838763696722
0.000000000000	0.000000000000	0.000000000000	1.000000000000
3	4	60
0.731734255875	0.149314557075	-0.665033940355	0.086714237970
-0.093152426888	0.988462275637	0.119435987069	-0.048247029136
0.675194493567	-0.025445877616	0.737200721085	0.177611446624
0.000000000000	0.000000000000	0.000000000000	1.000000000000
3	6	60
0.675548993962	0.149174241124	-0.722066896168	0.254751054979
-0.127229565849	0.988213694678	0.085125385316	-0.082280387655
0.726254910022	0.034361889302	0.686566141193	0.312472121046
0.000000000000	0.000000000000	0.000000000000	1.000000000000
3	31	60
-0.208746082036	-0.460619374586	0.862702071976	-2.866841062387
0.063145308593	0.873946701209	0.481902306955	-0.260830096660
-0.975929169170	0.155070807060	-0.153346997233	2.479633702347
0.000000000000	0.000000000000	0.000000000000	1.000000000000
3	47	60
-0.969552999087	0.109239968362	-0.219165716467	-0.271066199658
0.002326710124	0.899055626997	0.437828237995	-0.424900949590
0.244870513500	0.423987746141	-0.871936249241	4.252351862995
0.000000000000	0.000000000000	0.000000000000	1.000000000000
4	6	60
0.997138350433	0.023711290999	-0.071783596832	0.183995227267
-0.027528702569	0.998232681100	-0.052665785086	-0.006837327148
0.070407958569	0.054491183351	0.996028830058	-0.063339051317
0.000000000000	0.000000000000	0.000000000000	1.000000000000
4	7	60
0.999317351374	-0.034951656109	0.011967162468	0.458662039303
0.034578099692	0.998948152138	0.030115516948	-0.117042102415
-0.013007162026	-0.029681156895	0.999474783404	0.468343771536
0.000000000000	0.000000000000	0.000000000000	1.000000000000
6	7	60
0.994589069785	-0.009290513318	0.103471100441	0.299026715769
-0.000541795936	0.995515812481	0.094593728951	-0.114965871666
-0.103885940922	-0.094137949107	0.990124112330	0.532274647832
0.000000000000	0.000000000000	0.000000000000	1.000000000000
8	9	60
0.960786104097	0.126153465931	-0.246931903988	0.341083584963
-0.100112222980	0.988265659725	0.115362596269	-0.135073672301
0.258587712360	-0.086117877595	0.962141416932	0.595835557030
0.000000000000	0.000000000000	0.000000000000	1.000000000000
8	10	60
0.679501477197	0.270698759885	-0.681909029038	0.564672308311
-0.234266334842	0.960842715743	0.147988377799	-0.128283011052
0.695267593698	0.059190007606	0.716309651026	0.630682597965
0.000000000000	0.000000000000	0.000000000000	1.000000000000
8	24	60
-0.683554245870	-0.200214029295	0.701903081220	-1.995495571374
0.241828011682	0.845206843687	0.476596899014	-0.778090645902
-0.688674673354	0.495519660414	-0.529327366026	2.688170044033
0.000000000000	0.000000000000	0.000000000000	1.000000000000
8	26	60
-0.031223192184	-0.312927567148	0.949263635661	-2.011570341080
0.257679762122	0.915102787603	0.310141948653	-0.641273597849
-0.965725764626	0.254289649496	0.052062670859	2.570433083569
0.000000000000	0.000000000000	0.000000000000	1.000000000000
8	28	60
0.074915458646	-0.253542918853	0.964418821029	-1.938732635124
0.258190567289	0.939088337319	0.226827524067	-0.650944703655
-0.963184979648	0.232010954507	0.135814623550	2.793446120808
0.000000000000	0.000000000000	0.000000000000	1.000000000000
8	29	60
-0.530727879475	-0.391986886183	0.751448068071	-1.913984598019
0.253598348451	0.772554140059	0.582106500858	-0.717469126405
-0.808712430726	0.499506137839	-0.310608793583	2.877873573758
0.000000000000	0.000000000000	0.000000000000	1.000000000000
9	10	60
0.876401244276	0.166721096266	-0.451801875927	0.210087163918
-0.180233615835	0.983533615086	0.013321851156	0.022424782303
0.446583365962	0.069754598810	0.892018830065	-0.026665646040
0.000000000000	0.000000000000	0.000000000000	1.000000000000
9	29	60
-0.616640512492	-0.507361572774	0.601945772331	-1.650760893160
0.469392777792	0.376884847792	0.798516268877	-1.435932030250
-0.632000710847	0.774946479428	0.005749392296	1.757463799643
0.000000000000	0.000000000000	0.000000000000	1.000000000000
10	11	60
0.879409451575	0.134683981260	-0.456617171898	0.263939551807
-0.136845057133	0.990182067335	0.028511469034	-0.204494663971
0.455974173412	0.037412547629	0.889206305905	0.678846049484
0.000000000000	0.000000000000	0.000000000000	1.000000000000
11	12	60
0.994385095646	0.044951831362	-0.095799866459	0.170189629576
-0.029668831927	0.987411863115	0.155362714294	-0.250916026321
0.101577763159	-0.151648097376	0.983201308275	0.841421786267
0.000000000000	0.000000000000	0.000000000000	1.000000000000
11	15	60
0.318247003606	0.426249463581	-0.846776381043	1.358477855264
-0.322663899985	0.888590236965	0.326029750815	-0.740882587427
0.891407231484	0.169466178239	0.420326494634	2.254851845175
0.000000000000	0.000000000000	0.000000000000	1.000000000000
11	17	60
0.383230398583	0.579713400771	-0.719073594681	1.104807416841
-0.271994413388	0.814820227117	0.511944368625	-1.047365823974
0.882696720673	-0.000608643873	0.469942686788	2.135989128705
0.000000000000	0.000000000000	0.000000000000	1.000000000000
12	13	60
0.970361652975	0.159227442438	-0.181782518439	0.569943108196
-0.142388736312	0.984512150655	0.102280364608	-0.229689786985
0.195252939048	-0.073365160584	0.978005032199	0.425302041731
0.000000000000	0.000000000000	0.000000000000	1.000000000000
12	14	60
0.822075452990	0.281256621879	-0.495062281173	1.044834249536
-0.279760182336	0.956811495648	0.079031652998	-0.501884968753
0.495909457432	0.073528732110	0.865255647531	0.814236757987
0.000000000000	0.000000000000	0.000000000000	1.000000000000
12	15	60
0.417428260077	0.422002069945	-0.804778168598	1.346197784869
-0.421457675379	0.874521807841	0.239968821878	-0.676993920250
0.805063398468	0.239010168344	0.542906128051	1.181013999776
0.000000000000	0.000000000000	0.000000000000	1.000000000000
12	16	60
0.654794540198	0.357643910910	-0.665834020696	1.112301774923
-0.318332548290	0.929508981639	0.186218800749	-0.989051049981
0.685498722702	0.090021586534	0.722487103782	1.149647796061
0.000000000000	0.000000000000	0.000000000000	1.000000000000
12	17	60
0.497745625771	0.549058033660	-0.671404920819	1.042493987595
-0.383568070151	0.833646691311	0.397377313931	-0.925096328731
0.777897697378	0.059736669979	0.625545124410	1.018447563790
0.000000000000	0.000000000000	0.000000000000	1.000000000000
12	18	60
0.642797040145	0.535982247315	-0.547297904019	0.961128321885
-0.361548787552	0.842143630609	0.400095713104	-0.981297320478
0.675347643366	-0.059305446530	0.735111164799	1.277193339584
0.000000000000	0.000000000000	0.000000000000	1.000000000000
12	21	60
0.142363920549	0.684839712410	-0.714651721073	0.531773538327
-0.518767044393	0.666522952961	0.535376416018	-1.132257837651
0.842978806245	0.294519475557	0.450161094209	1.743321347471
0.000000000000	0.000000000000	0.000000000000	1.000000000000
13	14	60
0.938965772212	0.151322494354	-0.308941388156	0.545241571521
-0.183640327609	0.979879345532	-0.078183746875	-0.201091221343
0.290894325639	0.130145959992	0.947862078790	0.249116887770
0.000000000000	0.000000000000	0.000000000000	1.000000000000
13	15	60
0.625129317737	0.330648054999	-0.707025600548	0.947185831942
-0.414243328970	0.908283705000	0.058507910885	-0.361910176746
0.661525358932	0.256305628024	0.704763523838	0.564909412908
0.000000000000	0.000000000000	0.000000000000	1.000000000000
13	16	60
0.825597638983	0.241328616204	-0.510048073721	0.721546358957
-0.256870031322	0.965572793633	0.041072706330	-0.740833087265
0.502400562813	0.097106535300	0.859164707892	0.515855612312
0.000000000000	0.000000000000	0.000000000000	1.000000000000
13	17	60
0.689933977933	0.427878501306	-0.583875923646	0.681721619159
-0.348807894408	0.903293336778	0.249788311438	-0.677204860337
0.634290279676	0.031323088171	0.772460164187	0.418103588632
0.000000000000	0.000000000000	0.000000000000	1.000000000000
13	18	60
0.821945242362	0.388755196130	-0.416263637662	0.603492494083
-0.308235897545	0.918180614715	0.248867414955	-0.745659742604
0.478953703423	-0.076247991731	0.874522494699	0.648922633150
0.000000000000	0.000000000000	0.000000000000	1.000000000000
14	15	60
0.855737067972	0.217026494898	-0.469695189469	0.526956676702
-0.217140968302	0.974605562834	0.054715599040	-0.078322489336
0.469642279169	0.055167901953	0.881131450018	0.176873258173
0.000000000000	0.000000000000	0.000000000000	1.000000000000
14	16	60
0.970099505851	0.087901000494	-0.226230773460	0.326392333243
-0.071071110944	0.994135533045	0.081507294929	-0.486621330040
0.232068623336	-0.062991714135	0.970657611114	0.230103720785
0.000000000000	0.000000000000	0.000000000000	1.000000000000
14	17	60
0.894791771043	0.246074652798	-0.372551945002	0.286492711574
-0.145892589201	0.949753242329	0.276918997366	-0.469513245637
0.421975163831	-0.193432272220	0.885731853990	0.165834242711
0.000000000000	0.000000000000	0.000000000000	1.000000000000
14	18	60
0.972352459730	0.175479049049	-0.154070754534	0.215735027090
-0.124086652362	0.947192109139	0.295684986245	-0.483282977959
0.197821123148	-0.268391899523	0.942779184914	0.396133815808
0.000000000000	0.000000000000	0.000000000000	1.000000000000
14	20	60
0.987494125101	0.094477038606	-0.126211893526	0.362424541772
-0.083567020922	0.992509453330	0.089115307695	-0.762755962907
0.133685847813	-0.077453690858	0.987992418932	0.901027633915
0.000000000000	0.000000000000	0.000000000000	1.000000000000
14	21	60
0.675843276598	0.537942666979	-0.503838816012	0.219246129683
-0.386898019964	0.840770896797	0.378700701408	-0.721877306986
0.627332278482	-0.061008082594	0.776358310468	1.028292503974
0.000000000000	0.000000000000	0.000000000000	1.000000000000
15	16	60
0.957399373180	-0.163215298026	0.238216722178	-0.033165735097
0.151338416294	0.986177978744	0.067451300908	-0.401014605049
-0.245933169760	-0.028526491740	0.968866923411	0.096376071549
0.000000000000	0.000000000000	0.000000000000	1.000000000000
15	17	60
0.997651881607	-0.067214738853	0.013149220774	-0.044115309106
0.062832040509	0.974627986941	0.214831147085	-0.369560157688
-0.027255418021	-0.213500505744	0.976562684232	0.051470355241
0.000000000000	0.000000000000	0.000000000000	1.000000000000
15	18	60
0.955568883955	-0.185024245099	0.229464892179	-0.030670558358
0.115238997505	0.950997002220	0.286922768741	-0.388572660677
-0.271308093265	-0.247731165770	0.930065152576	0.286402001128
0.000000000000	0.000000000000	0.000000000000	1.000000000000
15	21	60
0.956634071918	0.237240030439	-0.169021952428	0.324092443816
-0.184108779505	0.942091015267	0.280300689016	-0.611839973719
0.225732606760	-0.237026764123	0.944914336506	0.843158328611
0.000000000000	0.000000000000	0.000000000000	1.000000000000
16	17	60
0.975065204284	0.142444381480	-0.170168873709	-0.078465093338
-0.110723057289	0.976815249339	0.183227654143	0.020803484991
0.192323300666	-0.159817292065	0.968230438056	-0.036775421008
0.000000000000	0.000000000000	0.000000000000	1.000000000000
16	18	60
0.998523380897	0.037716398253	0.039096433402	-0.058828071204
-0.045357913288	0.974905718784	0.217948386517	-0.007452348842
-0.029895108363	-0.219399892402	0.975176891497	0.184798216906
0.000000000000	0.000000000000	0.000000000000	1.000000000000
16	19	60
0.944516997592	-0.102990002805	0.311898542129	0.225066490870
0.052189029487	0.984563934223	0.167063355132	-0.384523936007
-0.324289911131	-0.141516496385	0.935312319383	0.767221261917
0.000000000000	0.000000000000	0.000000000000	1.000000000000
16	20	60
0.993191548083	0.017555403731	0.115162305537	0.184811732498
-0.023544474565	0.998428576990	0.050853066452	-0.375223834530
-0.114088590727	-0.053218271768	0.992044156787	0.637187088540
0.000000000000	0.000000000000	0.000000000000	1.000000000000
16	21	60
0.835063193038	0.422088641432	-0.352860655794	0.094988116281
-0.334568652249	0.898771055443	0.283327384540	-0.285915036232
0.436730214853	-0.118540156368	0.891748255262	0.801022158412
0.000000000000	0.000000000000	0.000000000000	1.000000000000
17	18	60
0.980742079373	-0.097875996396	0.169012612181	0.130684363336
0.088503007554	0.994135382518	0.062145465483	-0.065516274857
-0.174103967216	-0.045990548549	0.983652722277	0.198889941933
0.000000000000	0.000000000000	0.000000000000	1.000000000000
17	21	60
0.935469841827	0.294572805002	-0.195251216606	0.364003747372
-0.281448799505	0.955107020512	0.092504878934	-0.428038505182
0.213735229408	-0.031582303949	0.976380975740	0.720233226210
0.000000000000	0.000000000000	0.000000000000	1.000000000000
17	22	60
0.595369370036	0.656692612120	-0.462914815500	0.329235248480
-0.583921195605	0.749411745944	0.312118683139	-0.273984883732
0.551879833429	0.084479868773	0.829633534295	0.759453086854
0.000000000000	0.000000000000	0.000000000000	1.000000000000
18	19	60
0.951873773478	-0.164431112855	0.258647885146	0.310505603597
0.170644669723	0.985331338347	-0.001596986564	-0.522200788940
-0.254591272553	0.045657012562	0.965970352104	0.469813664311
0.000000000000	0.000000000000	0.000000000000	1.000000000000
18	20	60
0.995017641323	-0.058452683706	0.080766188622	0.261922580583
0.073730794892	0.976716259508	-0.201467412496	-0.382206273572
-0.067109338705	0.206418584873	0.976159671610	0.374683993053
0.000000000000	0.000000000000	0.000000000000	1.000000000000
18	21	60
0.856109359905	0.392971060331	-0.335634488135	0.093469129091
-0.402180562695	0.914462154953	0.044830370839	-0.384488674058
0.324542075660	0.096605967215	0.940924932300	0.506086597292
0.000000000000	0.000000000000	0.000000000000	1.000000000000
19	20	60
0.963387765812	0.131627085508	-0.233577231432	0.019730678586
-0.164186761278	0.978368242459	-0.125850266460	0.099856641194
0.211959241610	0.159592896169	0.964159420111	-0.125439582016
0.000000000000	0.000000000000	0.000000000000	1.000000000000
20	21	60
0.795698013339	0.422561531607	-0.433942880544	-0.133713040966
-0.356974667390	0.905954983341	0.227628326449	0.064846589982
0.489319689375	-0.026216791687	0.871710342616	0.143396459330
0.000000000000	0.000000000000	0.000000000000	1.000000000000
21	22	60
0.835035182457	0.439527703730	-0.330955649163	-0.065175237585
-0.422935519427	0.897518395512	0.124845008409	0.148113150931
0.351911623091	0.035722925010	0.935351314834	0.043936364807
0.000000000000	0.000000000000	0.000000000000	1.000000000000
22	23	60
0.980977496898	-0.028783205699	-0.191975721509	-0.160439389212
-0.064770619449	0.883741045900	-0.463472254453	-0.038603139120
0.182997042150	0.467090238456	0.865065773050	-0.123856648412
0.000000000000	0.000000000000	0.000000000000	1.000000000000
23	31	60
0.993810889174	0.070582143264	-0.085779237649	-0.858974685639
-0.060534592617	0.991569827674	0.114563693828	-0.310125124877
0.093142254944	-0.108662035224	0.989705553407	0.737552784093
0.000000000000	0.000000000000	0.000000000000	1.000000000000
23	32	60
0.959558761250	-0.100866401925	0.262817337083	-0.852430080111
0.013773980159	0.949308304385	0.314044615773	-0.562600636114
-0.281171231066	-0.297724221702	0.912306432419	0.689842409655
0.000000000000	0.000000000000	0.000000000000	1.000000000000
23	42	60
-0.996216440642	0.086856230049	-0.002966259570	-0.033050368456
-0.053184871307	-0.636298608423	-0.769607335193	2.543451840401
-0.068732618590	-0.766537720025	0.638510572286	1.303593773365
0.000000000000	0.000000000000	0.000000000000	1.000000000000
24	25	60
0.819690646220	0.156599435133	-0.550984447526	0.012438505271
-0.181741866712	0.983304186440	0.009097846614	-0.039845614730
0.543210031556	0.092679522252	0.834465917681	0.095477090743
0.000000000000	0.000000000000	0.000000000000	1.000000000000
24	26	60
0.781298094949	0.259601607145	-0.567609277933	0.036340768841
-0.234140054060	0.964890606941	0.119014922269	-0.009670664759
0.578577325785	0.039913934982	0.814650327368	0.139391598445
0.000000000000	0.000000000000	0.000000000000	1.000000000000
24	28	60
0.646971098214	0.235626337767	-0.725195578466	-0.017289844632
-0.251426516148	0.963790225436	0.088843167051	0.060632323039
0.719870200142	0.124854436464	0.682787129816	0.079025652949
0.000000000000	0.000000000000	0.000000000000	1.000000000000
24	29	60
0.960920187182	0.114910702164	-0.251849011104	0.047179688392
-0.063102968833	0.976748267385	0.204892258238	0.086728211117
0.269537398500	-0.180992686839	0.945828334382	0.048997119399
0.000000000000	0.000000000000	0.000000000000	1.000000000000
24	30	60
0.995605578127	0.008900191332	-0.093221882610	-0.125141753673
-0.017093367038	0.996021097142	-0.087463082796	-0.152451520993
0.092072523624	0.088672208967	0.991796294483	0.406979804837
0.000000000000	0.000000000000	0.000000000000	1.000000000000
24	31	60
0.929720356322	-0.085282589642	0.358255410210	-0.327622788574
0.013671428559	0.980138480625	0.197842489977	-0.296463521631
-0.368012433325	-0.179040327030	0.912420632282	0.940695005081
0.000000000000	0.000000000000	0.000000000000	1.000000000000
25	26	60
0.995853424850	0.086019927785	-0.029606219592	0.011719115254
-0.081746692501	0.988949534570	0.123678196701	-0.006713857440
0.039917846635	-0.120745145235	0.991880625591	0.024320341649
0.000000000000	0.000000000000	0.000000000000	1.000000000000
25	27	60
0.904394269182	0.146071451043	-0.400916621082	0.034156121103
-0.134475863210	0.989271394327	0.057081963709	-0.009876437106
0.404953390014	0.002289007843	0.914334464164	0.081386530823
0.000000000000	0.000000000000	0.000000000000	1.000000000000
25	28	60
0.958130735214	0.077104966066	-0.275754090535	0.017234344944
-0.066377771369	0.996637441272	0.048039589113	0.054426970485
0.278530942100	-0.027724264860	0.960027020157	-0.025308358496
0.000000000000	0.000000000000	0.000000000000	1.000000000000
25	29	60
0.956846141846	-0.140913515079	0.254143349515	0.000637890610
0.073331885894	0.963345203717	0.258047385158	0.098800542906
-0.281190140911	-0.228274833795	0.932106595251	-0.069145909653
0.000000000000	0.000000000000	0.000000000000	1.000000000000
26	27	60
0.932070387631	0.039657706763	-0.360100067754	-0.002029635833
-0.068076863772	0.995456098384	-0.066578501108	-0.062723271484
0.355823457800	0.086570332592	0.930534923791	0.034886634314
0.000000000000	0.000000000000	0.000000000000	1.000000000000
26	28	60
0.977539491495	0.014519835397	-0.210251556350	-0.043357631021
-0.029559876090	0.997208387206	-0.068568551187	0.021215092565
0.208669011339	0.073243476613	0.975239784279	-0.029430330805
0.000000000000	0.000000000000	0.000000000000	1.000000000000
26	29	60
0.936922490694	-0.203643399516	0.284087332108	-0.009548725827
0.160770387535	0.972747841426	0.167076388197	0.095969910802
-0.310369342756	-0.110864795289	0.944129158666	-0.074013410808
0.000000000000	0.000000000000	0.000000000000	1.000000000000
27	28	60
0.983368688135	-0.050091505323	0.174576242056	-0.089419189002
0.048858584896	0.998741150399	0.011355755484	0.066694606862
-0.174925303710	-0.002637346230	0.984578174919	-0.042807660975
0.000000000000	0.000000000000	0.000000000000	1.000000000000
28	29	60
0.851761821053	-0.260406343586	0.454632089075	0.052560061003
0.162479147873	0.956242225439	0.243313240073	0.062653649364
-0.498098711806	-0.133376694022	0.856801220114	-0.064137038676
0.000000000000	0.000000000000	0.000000000000	1.000000000000
29	30	60
0.978697506652	-0.032664132424	0.202692488577	-0.069565548160
0.095237229366	0.946846027897	-0.307266121787	-0.258605026138
-0.181881996402	0.320024458297	0.929786688158	0.350791846268
0.000000000000	0.000000000000	0.000000000000	1.000000000000
29	31	60
0.782380296675	-0.213738544925	0.584975987361	-0.103211505752
0.206379724676	0.975172698637	0.080284600483	-0.605632261900
-0.587612525920	0.057914093669	0.807067207323	0.877475129224
0.000000000000	0.000000000000	0.000000000000	1.000000000000
30	31	60
0.909872609373	-0.100923726489	0.402425441722	-0.123858097682
-0.022461790302	0.956556919940	0.290679078869	-0.123209948316
-0.414279256891	-0.273520127864	0.868078013178	0.561610395139
0.000000000000	0.000000000000	0.000000000000	1.000000000000
30	32	60
0.680426352245	-0.389724751735	0.620592134219	-0.044234982068
0.063944744656	0.875204418083	0.479508390124	-0.369911559328
-0.730021265992	-0.286586539205	0.620432999401	0.522393547330
0.000000000000	0.000000000000	0.000000000000	1.000000000000
31	32	60
0.920963666572	-0.221373371292	0.320655196960	0.053028095315
0.157971746654	0.964398834412	0.212084453566	-0.223331882336
-0.356189348681	-0.144667614441	0.923147024703	-0.062542808402
0.000000000000	0.000000000000	0.000000000000	1.000000000000
31	33	60
0.970572374244	-0.079037730060	0.227469346463	-0.025874205043
0.095942888108	0.993312370904	-0.064230024365	-0.487962730015
-0.220871520516	0.084163953301	0.971664654287	0.397851838109
0.000000000000	0.000000000000	0.000000000000	1.000000000000
31	47	60
0.095733283832	-0.285938992866	0.953453738115	-2.242130201640
0.585283362939	0.790950813510	0.178438212484	-0.582632769462
-0.805157452573	0.540958134209	0.243075654067	1.629344692509
0.000000000000	0.000000000000	0.000000000000	1.000000000000
31	48	60
0.568465571581	-0.223064568893	0.791889570604	-2.397872368543
0.478218921824	0.872819301820	-0.097432690513	-0.580003871921
-0.669442721028	0.434083706761	0.602841420929	1.621753180252
0.000000000000	0.000000000000	0.000000000000	1.000000000000
33	34	60
0.893590037958	0.135349348634	-0.427992287180	-0.416984083398
-0.154512397651	0.987938475654	-0.010172870499	-0.284225725774
0.421453156393	0.075220490204	0.903725132338	0.605638122089
0.000000000000	0.000000000000	0.000000000000	1.000000000000
33	36	60
0.867945830527	0.107259631222	-0.484938559800	-0.461506671559
-0.089689258747	0.994198550848	0.059372370315	-0.330026603498
0.488493471948	-0.008038221297	0.872530523742	0.973530197369
0.000000000000	0.000000000000	0.000000000000	1.000000000000
33	38	60
0.979508165056	-0.164790230835	0.115792635391	-0.967352752970
0.152354714867	0.982281222249	0.109140465795	-0.654916442982
-0.131726213971	-0.089262423435	0.987259046206	1.169983616806
0.000000000000	0.000000000000	0.000000000000	1.000000000000
33	41	60
0.497205614412	-0.460090789240	0.735597065420	-1.507423369134
0.350083222451	0.882126247822	0.315111123673	-0.438801255093
-0.793869204816	0.100845171234	0.599668189154	1.221698096557
0.000000000000	0.000000000000	0.000000000000	1.000000000000
33	42	60
0.190524655369	-0.535312948104	0.822885413219	-2.015357082327
0.468299109551	0.786275910842	0.403070882132	-0.351704035000
-0.862784040007	0.308561565366	0.400491523866	1.070744310127
0.000000000000	0.000000000000	0.000000000000	1.000000000000
33	47	60
0.365380670605	-0.371244936803	0.853624134175	-2.388740626865
0.484546265741	0.858848582937	0.166114502511	0.030292319621
-0.794803045984	0.352925358236	0.493692018985	0.688565179224
0.000000000000	0.000000000000	0.000000000000	1.000000000000
33	48	60
0.718910442513	-0.248223826861	0.649270904495	-2.612062739775
0.379991764781	0.922481575826	-0.068073496754	0.113362364768
-0.582042983245	0.295656344495	0.757504647917	0.656276202817
0.000000000000	0.000000000000	0.000000000000	1.000000000000
34	35	60
0.939268289672	0.042024004871	-0.340601032048	-0.081582033933
-0.127417736519	0.964236112455	-0.232407916944	0.025319624131
0.318653103606	0.261691999214	0.911031007765	0.019324743460
0.000000000000	0.000000000000	0.000000000000	1.000000000000
34	36	60
0.998236062061	-0.046466249859	-0.036954729400	0.039336827066
0.049086233526	0.996088529633	0.073472326842	-0.057095206022
0.033396198575	-0.075156694695	0.996612344477	0.367439857159
0.000000000000	0.000000000000	0.000000000000	1.000000000000
34	37	60
0.959971492569	-0.246482788679	0.133044986154	-0.135291323662
0.206413934509	0.943615505387	0.258810868462	-0.375755156788
-0.189335736448	-0.220988716632	0.956721467317	0.737377736360
0.000000000000	0.000000000000	0.000000000000	1.000000000000
35	50	60
0.775890584514	-0.195821041173	0.599706528810	-1.593010180088
0.082133369418	0.973870202396	0.211733177638	0.116011843179
-0.625498129886	-0.115025861086	0.771700162492	1.197256439806
0.000000000000	0.000000000000	0.000000000000	1.000000000000
36	37	60
0.963033128525	-0.194267414360	0.186620912764	-0.183669635653
0.153908113858	0.965360672394	0.210691871424	-0.408783614539
-0.221087054917	-0.174180779402	0.959573639819	0.365024645734
0.000000000000	0.000000000000	0.000000000000	1.000000000000
36	48	60
0.336302594530	-0.229146798210	0.913450770311	-1.962158954048
0.440163296935	0.895729617661	0.062647618277	0.038581904094
-0.832560410387	0.380998946080	0.402098204599	0.670354808206
0.000000000000	0.000000000000	0.000000000000	1.000000000000
36	49	60
0.812258555062	-0.140891845791	0.566026083779	-1.984461469783
0.249801136357	0.960921986553	-0.119282555448	0.118833415334
-0.527100969458	0.238282235068	0.815712047507	0.466920869674
0.000000000000	0.000000000000	0.000000000000	1.000000000000
37	38	60
0.902826851928	-0.147747408363	0.403824688151	-0.160984398506
0.213134053398	0.969397654718	-0.121828002977	-0.006804459290
-0.373466933905	0.196058385052	0.906688236898	0.019083368625
0.000000000000	0.000000000000	0.000000000000	1.000000000000
37	49	60
0.944837597560	-0.025823196700	0.326519642212	-1.620790195359
0.150152924547	0.920114224676	-0.361723530890	0.853927167221
-0.291094509546	0.390797871107	0.873235942029	-0.176685430427
0.000000000000	0.000000000000	0.000000000000	1.000000000000
38	39	60
0.932790298399	-0.159798054724	0.323058571965	0.197810891831
0.204862530316	0.972538228786	-0.110456947367	0.139759958774
-0.296536006053	0.169215765388	0.939910858464	0.067676227694
0.000000000000	0.000000000000	0.000000000000	1.000000000000
39	40	60
0.894931805840	-0.178671209576	0.408868758606	-0.152197597951
0.175204368873	0.983444341034	0.046267236952	0.070000964846
-0.410366290067	0.030229570887	0.911419596575	0.001617540984
0.000000000000	0.000000000000	0.000000000000	1.000000000000
40	41	60
0.998456741232	-0.007426609773	0.055036182246	-0.193550147887
0.002065095270	0.995297686443	0.096841368963	0.266870544410
-0.055496587917	-0.096578262711	0.993777021218	-0.469202101756
0.000000000000	0.000000000000	0.000000000000	1.000000000000
41	42	60
0.967367235525	-0.138057555368	0.212463509900	-0.088862982830
0.136839233506	0.990381096479	0.020501412392	0.193133586356
-0.213250218773	0.009240949212	0.976953913473	-0.376186315818
0.000000000000	0.000000000000	0.000000000000	1.000000000000
41	43	60
0.844508815865	-0.099525669674	0.526212410537	-0.111155410641
0.195096102529	0.972234144955	-0.129221817670	0.284540605746
-0.498740785083	0.211790954623	0.840477376754	-0.589078798397
0.000000000000	0.000000000000	0.000000000000	1.000000000000
41	44	60
0.784596527974	-0.183254228139	0.592305813040	-0.355652230286
0.364750932885	0.908940988181	-0.201948104629	0.471858053696
-0.501363186972	0.374491879583	0.779994094129	-0.365411924110
0.000000000000	0.000000000000	0.000000000000	1.000000000000
41	45	60
0.827399629161	-0.059871806119	0.558413127081	-0.363711634072
0.191049021790	0.965007859483	-0.179610975191	0.294140543256
-0.528119422988	0.255294335949	0.809885595066	-0.303946205779
0.000000000000	0.000000000000	0.000000000000	1.000000000000
41	46	60
0.926022679489	-0.048811894794	0.374298538601	0.001738049200
0.144268407264	0.962088210712	-0.231458206756	0.496270080860
-0.348810297637	0.268335002816	0.897957517105	-0.554381655123
0.000000000000	0.000000000000	0.000000000000	1.000000000000
41	47	60
0.991996932006	-0.087985151307	0.090557716622	0.173342401726
0.103667799465	0.976995389863	-0.186367903731	0.689983783664
-0.072076863448	0.194264307933	0.978297656350	-0.831561951787
0.000000000000	0.000000000000	0.000000000000	1.000000000000
41	48	60
0.921116525681	0.023874481183	-0.388554185753	0.287957531919
-0.106005794770	0.975781918915	-0.191343717415	0.710450210359
0.374575916995	0.217438855468	0.901339684325	-0.890953078858
0.000000000000	0.000000000000	0.000000000000	1.000000000000
42	43	60
0.926930074215	-0.075354240804	0.367589956213	-0.097472758172
0.131457885805	0.982756978176	-0.130029020249	-0.037804904714
-0.351453356472	0.168850407877	0.920852907898	-0.208050937598
0.000000000000	0.000000000000	0.000000000000	1.000000000000
42	44	60
0.935051117866	-0.075660652786	0.346345019593	-0.173415688595
0.172784134838	0.950331818060	-0.258872706810	0.265141789017
-0.309556214160	0.301902138454	0.901681789254	-0.060248287225
0.000000000000	0.000000000000	0.000000000000	1.000000000000
42	45	60
0.886901734816	-0.090437201604	0.453019232866	-0.432804621860
0.229703194838	0.937160275937	-0.262615802053	0.205890063679
-0.400801391042	0.336974375543	0.851942788669	0.053526714695
0.000000000000	0.000000000000	0.000000000000	1.000000000000
42	46	60
0.984029285495	0.010018736236	0.177724478374	0.063611851245
0.041352009593	0.958234930690	-0.282976728564	0.324222444959
-0.173136872421	0.285806652355	0.942516939306	-0.150526508528
0.000000000000	0.000000000000	0.000000000000	1.000000000000
42	47	60
0.992158534100	0.014812308524	-0.124104950464	0.314355715526
-0.036824547113	0.983520248918	-0.177008114782	0.416067058991
0.119437832964	0.180190220281	0.976353464977	-0.374925686315
0.000000000000	0.000000000000	0.000000000000	1.000000000000
42	48	60
0.817226841857	0.174353596132	-0.549309669007	0.410858236008
-0.297054440923	0.944206431118	-0.142242309333	0.519429509488
0.493861263997	0.279419109855	0.823423349785	-0.495074996674
0.000000000000	0.000000000000	0.000000000000	1.000000000000
43	44	60
0.999014931980	-0.036348522116	-0.025454874221	-0.119605587430
0.033527625632	0.994051428865	-0.103622657226	0.274380757052
0.029069984538	0.102667140366	0.994290900234	0.054286216569
0.000000000000	0.000000000000	0.000000000000	1.000000000000
43	45	60
0.994367753886	-0.055575141472	0.090245075669	-0.419794448427
0.067793091185	0.988036179174	-0.138522941894	0.292268398107
-0.081466967660	0.143860739237	0.986238926877	0.079935103736
0.000000000000	0.000000000000	0.000000000000	1.000000000000
43	46	60
0.970550736245	0.050170986633	-0.235614389361	0.247167903114
-0.072481934465	0.993567750775	-0.087002837865	0.239995997845
0.229733840672	0.101518455074	0.967944402189	0.089920363423
0.000000000000	0.000000000000	0.000000000000	1.000000000000
43	47	60
0.853585538748	0.080000684196	-0.514773366220	0.620270461112
-0.076679096277	0.996669736099	0.027744428979	0.322025010424
0.515278608362	0.015790113151	0.856877253807	-0.020200088613
0.000000000000	0.000000000000	0.000000000000	1.000000000000
44	45	60
0.996964262951	-0.007619945556	0.077486739696	-0.202237557066
0.012586080049	0.997883001899	-0.063805212252	0.104649328377
-0.076836508172	0.064586770714	0.994949596744	0.012798259825
0.000000000000	0.000000000000	0.000000000000	1.000000000000
44	46	60
0.968408290003	0.118203841719	-0.219575125311	0.372856674216
-0.120754572352	0.992680730202	0.001816904296	0.017098821713
0.218182760796	0.024755195174	0.975593902812	0.008067420851
0.000000000000	0.000000000000	0.000000000000	1.000000000000
44	47	60
0.881938503047	0.123033362957	-0.455024470158	0.615991385702
-0.077064028728	0.989981475795	0.118312353791	0.052792677981
0.465022163256	-0.069278201355	0.882584227424	-0.114273406633
0.000000000000	0.000000000000	0.000000000000	1.000000000000
45	46	60
0.954813930282	0.096171778417	-0.281214060059	0.555096551599
-0.094387381143	0.995336297235	0.019916768984	0.027008362607
0.281817992363	0.007526250198	0.959438364221	0.018314155741
0.000000000000	0.000000000000	0.000000000000	1.000000000000
45	47	60
0.829420607523	0.158255654926	-0.535739305540	0.883565459112
-0.063093086094	0.979434755911	0.191642431110	-0.067911686927
0.555050194400	-0.125150735509	0.822348207937	-0.065074322620
0.000000000000	0.000000000000	0.000000000000	1.000000000000
46	47	60
0.951528842702	0.006566499692	-0.307489418661	0.335837973059
0.024572585456	0.994952927117	0.097287516496	0.052194880405
0.306576335601	-0.100127687998	0.946565051407	-0.178379358682
0.000000000000	0.000000000000	0.000000000000	1.000000000000
46	48	60
0.731322976107	0.184315036030	-0.656654149542	0.285276043290
-0.133161829030	0.982849784380	0.127570484964	-0.006126391759
0.668905547822	-0.005853959134	0.743324356695	-0.352701968669
0.000000000000	0.000000000000	0.000000000000	1.000000000000
47	48	60
0.860809537777	0.169320148488	-0.479935023715	0.149128791668
-0.178782525711	0.983536346565	0.026326098949	-0.000512720036
0.476491078796	0.063142238649	0.876908951674	-0.104013284394
0.000000000000	0.000000000000	0.000000000000	1.000000000000
48	49	60
0.830395173935	0.180546195618	-0.527111872712	0.172034414984
-0.167513224680	0.983173707274	0.072861381282	-0.000580874469
0.531397379240	0.027794470182	0.846666577092	-0.071386853865
0.000000000000	0.000000000000	0.000000000000	1.000000000000
48	50	60
0.667278957010	0.308549582202	-0.677890808947	0.237865687313
-0.251199749808	0.950059680153	0.185162873827	-0.059053379561
0.701168652485	0.046730712281	0.711462410322	-0.166359604358
0.000000000000	0.000000000000	0.000000000000	1.000000000000
49	50	60
0.963825401989	0.111243329110	-0.242209653419	0.092009959642
-0.100206739762	0.993306189313	0.057458015797	-0.002427116702
0.246980168813	-0.031108455465	0.968521068543	-0.121063640645
0.000000000000	0.000000000000	0.000000000000	1.000000000000
49	51	60
0.920365388749	0.043733221008	-0.388606428889	0.094975167853
-0.043754304207	0.999003564898	0.008799896852	-0.292512114946
0.388604055636	0.008904083419	0.921361821025	0.054244793708
0.000000000000	0.000000000000	0.000000000000	1.000000000000
50	51	60
0.989457371552	-0.053167373670	-0.134712064262	0.017822813878
0.042853282232	0.996005159862	-0.078341034785	-0.236880620446
0.138339098170	0.071742260253	0.987783043999	0.110075153128
0.000000000000	0.000000000000	0.000000000000	1.000000000000
51	55	60
0.879416092151	0.210085877689	-0.427189958757	1.279846367304
-0.152793179249	0.974441531487	0.164675274675	-0.150053115901
0.450867587260	-0.079546374587	0.889039252816	0.734802024889
0.000000000000	0.000000000000	0.000000000000	1.000000000000
52	53	60
0.910216042424	0.153197557607	-0.384756110357	0.617228440673
-0.156833579446	0.987377269214	0.022121405870	0.112973376679
0.383288382908	0.040207419497	0.922753151686	0.029345232418
0.000000000000	0.000000000000	0.000000000000	1.000000000000
52	54	60
0.810888465551	0.158718305796	-0.563265830528	1.128768040986
-0.204080219858	0.978788808480	-0.017992561178	0.067739034587
0.548462542293	0.129541374858	0.826079821749	-0.135237662048
0.000000000000	0.000000000000	0.000000000000	1.000000000000
52	55	60
0.973610328849	0.070116957196	-0.217178589812	1.220153218025
-0.071362375587	0.997448217595	0.002112952367	0.084180762866
0.216772551098	0.013441187846	0.976129599776	-0.212788050043
0.000000000000	0.000000000000	0.000000000000	1.000000000000
53	54	60
0.986691833289	0.021045768073	-0.161233686826	0.360434016179
-0.044749381731	0.988444289579	-0.144828792830	0.136262389140
0.156322483846	0.150116494910	0.976231693298	-0.310187768003
0.000000000000	0.000000000000	0.000000000000	1.000000000000
53	55	60
0.978196801594	-0.102052639517	0.180876411171	0.501756165207
0.111890013181	0.992700342762	-0.045018378808	0.176751908975
-0.174961830983	0.064275098193	0.982474971412	-0.387163562877
0.000000000000	0.000000000000	0.000000000000	1.000000000000
53	56	60
0.839555613979	0.328547709518	-0.432669358295	0.487718230156
-0.213885833168	0.931983625853	0.292676223004	0.204446732389
0.499398860038	-0.153176119916	0.852723785807	-0.300748867479
0.000000000000	0.000000000000	0.000000000000	1.000000000000
53	58	60
0.680119678570	0.078249254689	-0.728913079154	0.544066507627
-0.251239320923	0.958953896463	-0.131477100976	0.254391698783
0.688706052277	0.272551790674	0.671862705437	-0.504090623567
0.000000000000	0.000000000000	0.000000000000	1.000000000000
54	55	60
0.933247870283	-0.144265256357	0.328992322738	0.139006620285
0.115093857131	0.987619106623	0.106592233697	0.064079055402
-0.340296659789	-0.061611979696	0.938297472710	-0.115646076568
0.000000000000	0.000000000000	0.000000000000	1.000000000000
56	57	60
0.961310691798	-0.001287082057	-0.275463422718	0.019515476795
-0.137773687455	0.863684646998	-0.484837335181	0.081457334839
0.238537554445	0.504030925599	0.830091959459	-0.198250001608
0.000000000000	0.000000000000	0.000000000000	1.000000000000
56	58	60
0.953938587118	0.011922895335	-0.299764935533	0.028761549566
-0.146410917932	0.890637851786	-0.430497456527	0.025790551263
0.261849222107	0.454556994812	0.851359456017	-0.203207524061
0.000000000000	0.000000000000	0.000000000000	1.000000000000
56	59	60
0.812436874917	0.308302660166	-0.494869471689	0.051416817555
-0.348527574626	0.937225438690	0.011704990313	-0.137359744118
0.467412937348	0.162966090973	0.868888484900	0.226853487074
0.000000000000	0.000000000000	0.000000000000	1.000000000000
57	58	60
0.999846767212	-0.002108042360	-0.017378096955	0.031406929333
0.002856779361	0.999063504967	0.043173508720	-0.063536753090
0.017270810868	-0.043216538512	0.998916437892	0.011186220903
0.000000000000	0.000000000000	0.000000000000	1.000000000000
58	59	60
0.933598280046	0.224221612149	-0.279497620994	0.226904480419
-0.110939021633	0.922566619599	0.369544809030	0.096717552033
0.340715108228	-0.313999205488	0.886181535566	0.423161436428
0.000000000000	0.000000000000	0.000000000000	1.000000000000
