0	11	37
0.835935383408	0.174142285706	-0.520467577373	-0.874497720457
0.067518212912	0.908491460014	0.412413091458	-0.060162158121
0.544658907659	-0.379891736433	0.747682381026	1.010709920351
0.000000000000	0.000000000000	0.000000000000	1.000000000000
0	27	37
-0.670122039017	0.535930450210	0.513531893227	-2.534218578175
0.635444262561	0.056672858019	0.770064137811	0.001564630420
0.383597499995	0.842357845397	-0.378531660890	2.871672718976
0.000000000000	0.000000000000	0.000000000000	1.000000000000
1	11	37
0.697031025175	0.221307132867	-0.682034385413	1.091386187615
0.239578396766	0.824635181196	0.512424638104	0.100166724528
0.675832776466	-0.520576575420	0.521775897659	-0.081057661596
0.000000000000	0.000000000000	0.000000000000	1.000000000000
1	12	37
0.936462920396	0.005617894700	-0.350721596116	-1.015919906983
0.101340647802	0.952899660492	0.285853651608	0.045751625659
0.335808385580	-0.303233699140	0.891785877820	0.447947676671
0.000000000000	0.000000000000	0.000000000000	1.000000000000
1	13	37
0.955649620504	-0.114181743475	-0.271470684029	-0.769729887069
0.202628225099	0.923845649396	0.324732225819	-0.033218346401
0.213718518672	-0.365337851240	0.906009188269	0.300286310465
0.000000000000	0.000000000000	0.000000000000	1.000000000000
3	5	37
0.796817362619	-0.229541688598	0.558921017519	-0.192764747193
0.236474623095	0.969713265744	0.061122294391	0.119413000151
-0.556023239857	0.083467331544	0.826965151203	-0.218783230424
0.000000000000	0.000000000000	0.000000000000	1.000000000000
5	7	37
0.260911224822	-0.554177347034	0.790451011003	-0.163007020967
0.563156557821	0.752424585857	0.341631283669	0.126683596885
-0.784079093042	0.356012233823	0.508404627460	-0.213182226525
0.000000000000	0.000000000000	0.000000000000	1.000000000000
8	14	37
0.105521485380	-0.449353135729	0.887100318754	-0.212483022746
0.490523882035	0.799516710700	0.346640087793	-0.292710015356
-0.865015339330	0.398565915153	0.304784635441	0.638145506555
0.000000000000	0.000000000000	0.000000000000	1.000000000000
8	16	37
0.928480953341	-0.220431331619	0.298886512447	0.602940577471
0.201601241145	0.975057259356	0.092845465939	-0.585178581356
-0.311897513377	-0.025949354858	0.949761323771	1.048978788443
0.000000000000	0.000000000000	0.000000000000	1.000000000000
9	10	37
0.883012977353	-0.313571875659	0.349228808409	-0.135302373414
0.066599688857	0.820253804154	0.568109301292	0.209305045095
-0.464599357803	-0.478389355616	0.745178543144	0.054548215969
0.000000000000	0.000000000000	0.000000000000	1.000000000000
9	15	37
0.983774418781	-0.174232051348	-0.042791181744	0.094052130044
0.148574362475	0.657484762136	0.738674113783	0.212990532919
-0.100566156172	-0.733046369503	0.672703105680	0.891422323995
0.000000000000	0.000000000000	0.000000000000	1.000000000000
9	16	37
0.992066856618	-0.124983818650	-0.013505446172	0.364045905722
0.108080839690	0.793130281680	0.599385425560	0.251280958708
-0.064201901003	-0.596090095001	0.800346621502	1.377801374693
0.000000000000	0.000000000000	0.000000000000	1.000000000000
10	11	37
0.684590281464	-0.285764370141	0.670578012824	-0.149340794225
0.364734910898	0.930794305819	0.024298251524	-0.129545417665
-0.631113770486	0.227948864908	0.741440977887	0.198232205172
0.000000000000	0.000000000000	0.000000000000	1.000000000000
10	13	37
0.189595367990	-0.065151911349	0.979698333613	-0.663593276959
0.590293792665	0.804902300123	-0.060708529860	0.042538407993
-0.784606165396	0.589819901075	0.191064516638	0.029818184786
0.000000000000	0.000000000000	0.000000000000	1.000000000000
10	17	37
0.614632416320	0.540078468830	-0.574928030552	1.875956142131
-0.318672200882	0.836734280192	0.445335573177	-1.112724845931
0.721578146283	-0.090504098570	0.686392006764	1.233601657585
0.000000000000	0.000000000000	0.000000000000	1.000000000000
11	14	37
0.993576459739	0.050988052721	-0.101024933218	-0.280902774178
-0.046805306577	0.997962901151	0.043351023081	0.083764148305
0.103029519693	-0.038344053068	0.993938957716	-0.113508845466
0.000000000000	0.000000000000	0.000000000000	1.000000000000
11	27	37
0.981796076614	0.109146851295	-0.155445903124	2.230834457538
0.189790095086	-0.596041085234	0.780201733220	-0.418000486943
-0.007495582237	-0.795501093378	-0.605905790269	3.244513430797
0.000000000000	0.000000000000	0.000000000000	1.000000000000
12	27	37
-0.678207355780	-0.547328099528	-0.490374075613	2.550637985595
0.251111160363	-0.799731634392	0.545318712400	-1.263775921794
-0.690635915449	0.246700758855	0.679824071266	-0.728688790436
0.000000000000	0.000000000000	0.000000000000	1.000000000000
13	14	37
0.766805563840	0.384018596459	-0.514333495737	-0.269807112249
-0.132680255939	0.878815616947	0.458343824105	0.007442935130
0.628016860401	-0.283218694623	0.724832390328	0.237298553925
0.000000000000	0.000000000000	0.000000000000	1.000000000000
13	27	37
0.339198569576	0.161801052255	-0.926695608000	0.889417986915
-0.931053370102	0.198563418827	-0.306124469333	0.348142773806
0.134476586878	0.966640050998	0.217997842624	1.481675263990
0.000000000000	0.000000000000	0.000000000000	1.000000000000
14	16	37
-0.580931352116	-0.185015687654	-0.792646175447	-0.390448305338
-0.499291078912	-0.688086535218	0.526540918230	-0.097837792635
-0.642827490581	0.701645291706	0.307354358973	0.452706748355
0.000000000000	0.000000000000	0.000000000000	1.000000000000
14	17	37
0.945286194409	0.144605121454	-0.292443788630	-0.233329977045
-0.031531640249	0.932700145166	0.359271756293	-0.338879103856
0.324714900062	-0.330393398929	0.886228207417	0.256481684367
0.000000000000	0.000000000000	0.000000000000	1.000000000000
16	18	37
0.804157171742	0.020984087345	0.594046219763	0.147691563900
0.176227085983	0.946030383552	-0.271975233363	-0.373991114887
-0.567692925182	0.323397868694	0.757059153054	0.768481395923
0.000000000000	0.000000000000	0.000000000000	1.000000000000
16	19	37
0.924772595827	-0.002585381027	0.380511447677	0.737126956556
0.066311092204	0.985771126110	-0.154460758700	-0.729304462008
-0.374697858359	0.168073206468	0.911785562623	1.015874936762
0.000000000000	0.000000000000	0.000000000000	1.000000000000
18	20	37
0.866203588892	-0.434641972646	0.246531333109	0.222199719879
0.307333051282	0.852417335847	0.423002459966	-0.096636849150
-0.394002205805	-0.290639022092	0.871946799213	0.990362706386
0.000000000000	0.000000000000	0.000000000000	1.000000000000
20	33	37
0.133764882001	-0.805754857400	-0.576945461998	0.767078588602
0.698519211727	0.489628417546	-0.521857186958	0.637643979983
0.702977856829	-0.333201324289	0.628330335333	0.653366784581
0.000000000000	0.000000000000	0.000000000000	1.000000000000
20	34	37
-0.093592580157	-0.925524191496	-0.366940594504	-0.360857755595
-0.362299619100	-0.311629184780	0.878422584633	-1.312593973255
-0.927350750762	0.215156273785	-0.306150882591	2.162648726569
0.000000000000	0.000000000000	0.000000000000	1.000000000000
20	36	37
-0.316223357251	0.938200504493	0.140650637033	-0.550925888752
-0.945885356432	-0.300424686429	-0.122661731079	0.534214873544
-0.072826374454	-0.171827882351	0.982431421541	0.087223047765
0.000000000000	0.000000000000	0.000000000000	1.000000000000
21	24	37
0.798232093051	-0.176490076676	0.575913863749	-0.025741362917
0.377380138935	0.891735274690	-0.249784768571	-0.534967485322
-0.469478174531	0.416724672545	0.778415564420	0.594628795614
0.000000000000	0.000000000000	0.000000000000	1.000000000000
21	29	37
0.989371270645	0.104916441076	0.100682814886	0.211062817001
-0.073246669586	0.957719386077	-0.278223836014	-0.782155128309
-0.125616138358	0.267891989286	0.955224825819	0.682362398937
0.000000000000	0.000000000000	0.000000000000	1.000000000000
21	30	37
0.966063334404	0.104717974569	-0.236126617986	0.210569501404
-0.238900500174	0.709841058421	-0.662610158990	-0.752755591858
0.098225174654	0.696534146745	0.710768596297	0.570987143531
0.000000000000	0.000000000000	0.000000000000	1.000000000000
21	31	37
0.846565141180	0.473392758428	-0.243365482364	0.042106505218
-0.389984907190	0.862794594502	0.321709900162	-0.939806416699
0.362269559723	-0.177439521997	0.915027858664	1.101924730720
0.000000000000	0.000000000000	0.000000000000	1.000000000000
22	24	37
0.952331935762	-0.168993837644	0.253978280500	-0.028358591607
0.152971697990	0.984846560958	0.081712367379	-0.190837126598
-0.263938522655	-0.038965808181	0.963752106121	0.698402711713
0.000000000000	0.000000000000	0.000000000000	1.000000000000
22	27	37
0.680639787684	0.191695873604	0.707094174396	-0.115845903806
0.246796693971	0.848753327767	-0.467663533375	-0.277966568169
-0.689797703146	0.492818912631	0.530385376954	0.535986480084
0.000000000000	0.000000000000	0.000000000000	1.000000000000
22	30	37
0.810240666156	0.034551146415	-0.585078012908	0.183030016020
-0.246403567905	0.925835317046	-0.286555836501	-0.427609260882
0.531785054914	0.376344501741	0.758662949786	0.892898514067
0.000000000000	0.000000000000	0.000000000000	1.000000000000
22	31	37
0.625907365115	0.657284279944	-0.419782498006	-0.224800806090
-0.274642100184	0.689535966300	0.670158091786	-0.312746833688
0.729939509207	-0.304166938568	0.612103574880	1.289766680944
0.000000000000	0.000000000000	0.000000000000	1.000000000000
23	24	37
0.915181827229	-0.320342522645	0.244587185468	0.044244225793
0.092559424362	0.757683380280	0.646025269017	0.155937055556
-0.392269009828	-0.568591737042	0.723068779921	0.448763041348
0.000000000000	0.000000000000	0.000000000000	1.000000000000
23	27	37
0.595663498912	0.094305801042	0.797678764888	-0.105274918658
-0.084888268658	0.994913394073	-0.054233938992	0.059820720838
-0.798735862415	-0.035408391437	0.600639049603	0.344070424769
0.000000000000	0.000000000000	0.000000000000	1.000000000000
24	25	37
0.608813283317	-0.453505703509	0.650906262792	-0.033960469285
0.444257736158	0.874668975580	0.193879465189	0.022492689769
-0.657252957331	0.171133748989	0.733983508014	0.072708412303
0.000000000000	0.000000000000	0.000000000000	1.000000000000
24	30	37
0.752086198630	0.407064620202	-0.518328799904	1.276297689153
-0.651954532005	0.574718334146	-0.494625236512	-0.623627726468
0.096548630378	0.709927624041	0.697625351170	0.813742325176
0.000000000000	0.000000000000	0.000000000000	1.000000000000
25	26	37
0.922350579103	-0.001140669189	0.386352310853	-0.074691421004
0.210874538174	0.839393880052	-0.500948942790	-0.044852499299
-0.323730348249	0.543522412607	0.774455969450	-0.143874788314
0.000000000000	0.000000000000	0.000000000000	1.000000000000
25	28	37
0.827604467506	0.476527257751	-0.296635496838	-0.042796239084
-0.422865773460	0.876833200679	0.228797018824	-0.018918590035
0.369127868089	-0.063916436125	0.927178141563	0.000476782233
0.000000000000	0.000000000000	0.000000000000	1.000000000000
27	28	37
0.970299212306	0.116137621582	-0.212206247437	0.016356966661
0.099600416795	0.607619452958	0.787958347478	0.192397838567
0.220452252364	-0.785691194579	0.578005321072	0.140734652752
0.000000000000	0.000000000000	0.000000000000	1.000000000000
28	31	37
0.133245624269	0.816908701442	-0.561164661326	-0.498455388379
-0.581097546613	0.523071135001	0.623475924996	-0.095035321192
0.802851944591	0.243015969100	0.544400582135	0.363772559204
0.000000000000	0.000000000000	0.000000000000	1.000000000000
29	31	37
0.827287864291	0.366306626385	-0.425927511512	-0.161834913351
-0.145835954677	0.872219615280	0.466867022871	0.002740487283
0.542518814347	-0.324117876994	0.774997379281	0.416599212157
0.000000000000	0.000000000000	0.000000000000	1.000000000000
30	32	37
0.537260304418	0.453493945233	-0.711122075971	-0.184405748809
0.031300948051	0.831842932847	0.554127770216	0.100448090602
0.842835461966	-0.319969649670	0.432721396908	0.909447125093
0.000000000000	0.000000000000	0.000000000000	1.000000000000
30	33	37
-0.082688664093	-0.989978114372	0.114481080946	-0.157057988202
0.992522304914	-0.092157098531	-0.080040886041	0.553216465743
0.089788969692	0.107006552390	0.990195707256	0.040872295655
0.000000000000	0.000000000000	0.000000000000	1.000000000000
31	35	37
0.412216026931	-0.564427552235	0.715191922088	-2.245412787326
-0.236082205490	0.692004245064	0.682198883804	-1.247510506619
-0.879967692243	-0.450057399774	0.152003939149	1.096096122265
0.000000000000	0.000000000000	0.000000000000	1.000000000000
31	36	37
0.129294573364	-0.202736406816	0.970660013934	-2.508356131980
0.808276894684	0.588604426218	0.015273865139	-0.894194286961
-0.574431349090	0.782587233980	0.239970511509	0.897370386336
0.000000000000	0.000000000000	0.000000000000	1.000000000000
