0	30	60
-0.116284257246	-0.988268611964	-0.099010717214	0.507109239180
-0.444962684578	-0.037287346029	0.894772520342	-2.160235284491
-0.887967443575	0.148104032466	-0.435406723326	4.370981749425
0.000000000000	0.000000000000	0.000000000000	1.000000000000
0	31	60
-0.105296267365	0.313222694116	0.943824263287	-2.872631444151
0.191798010165	0.937677013757	-0.289784991275	1.712092822618
-0.975769552392	0.150510337725	-0.158809379013	2.572905013736
0.000000000000	0.000000000000	0.000000000000	1.000000000000
0	33	60
-0.124399354253	-0.548746626663	0.826681281019	-2.689682725060
0.231373845704	0.794142244961	0.561964623702	-1.236805533015
-0.964878719936	0.261180463463	0.028174834870	1.179907572000
0.000000000000	0.000000000000	0.000000000000	1.000000000000
0	34	60
0.478645914577	-0.327894713502	0.814483360981	-1.998009238037
0.149879572561	0.944547045574	0.292176303671	-0.825912175705
-0.865120917668	-0.017774576086	0.501248303995	1.072982169211
0.000000000000	0.000000000000	0.000000000000	1.000000000000
0	35	60
0.127301542697	0.206995315731	-0.970024358711	1.672422200915
-0.364427523973	0.919338773563	0.148353628857	-0.832049896259
0.922489510508	0.334617929420	0.192468034522	1.060374735121
0.000000000000	0.000000000000	0.000000000000	1.000000000000
0	36	60
0.346492801946	-0.455397609388	0.820094967405	-1.810135290623
0.286614743902	0.883840524511	0.369699764417	-0.911860761176
-0.893193555047	0.106953001806	0.436768049000	1.723665860880
0.000000000000	0.000000000000	0.000000000000	1.000000000000
0	37	60
0.126829322498	-0.744997742717	0.654898989388	-1.244848394112
0.274696272399	0.660788303968	0.698498944358	-1.469728368898
-0.953129729305	0.091308163304	0.288455435777	1.814515268587
0.000000000000	0.000000000000	0.000000000000	1.000000000000
0	38	60
-0.334090772911	-0.501011618069	0.798355005004	-1.345834126065
0.259141908789	0.765555368995	0.588872183171	-1.207463943016
-0.906216765771	0.403624002709	-0.125931877902	2.054691803606
0.000000000000	0.000000000000	0.000000000000	1.000000000000
0	41	60
0.998669004613	0.027014335087	-0.043936828806	0.658989642587
-0.017455903065	0.978620324399	0.204933043019	-0.433305784478
0.048533603553	-0.203893321059	0.977789344876	0.587825386169
0.000000000000	0.000000000000	0.000000000000	1.000000000000
0	42	60
-0.113251172799	0.562329090155	-0.819121582078	0.769162023683
-0.372155611733	0.740399387199	0.559740071900	-1.061305176730
0.921235242767	0.368231913067	0.125422827602	1.897071599392
0.000000000000	0.000000000000	0.000000000000	1.000000000000
0	47	60
-0.683034342678	0.438296164724	-0.584260694135	0.767877410132
0.010780771642	0.805896701196	0.591958006927	-1.253501393509
0.730306690155	0.398028867031	-0.555180294431	3.921219942585
0.000000000000	0.000000000000	0.000000000000	1.000000000000
0	49	60
-0.098871876867	-0.182042716119	0.978307109998	-2.370024992367
-0.378672361035	0.916042583831	0.132186336649	-0.224764789839
-0.920234532580	-0.357388351960	-0.159505394675	3.109470183185
0.000000000000	0.000000000000	0.000000000000	1.000000000000
0	50	60
-0.030881139824	-0.383283449893	0.923114376576	-2.201693944353
0.504729916593	0.791174058139	0.345385756833	-1.533333570941
-0.862724791865	0.476589348145	0.169022266982	3.404455972640
0.000000000000	0.000000000000	0.000000000000	1.000000000000
0	51	60
0.071196981512	-0.184830976353	0.980187992175	-2.063835301059
-0.451797375734	0.870122000816	0.196892953091	-0.191593698009
-0.889275053684	-0.456864546531	-0.021556090066	3.824773859232
0.000000000000	0.000000000000	0.000000000000	1.000000000000
1	3	60
0.907267184174	0.003832726780	-0.420537235839	0.062073477993
-0.028210463477	0.998260856454	-0.051763232337	-0.111606179382
0.419607466893	0.058826632378	0.905797439305	-0.075874075691
0.000000000000	0.000000000000	0.000000000000	1.000000000000
1	31	60
0.341509796672	-0.493617728050	0.799820353162	-3.475470205703
0.215444896801	0.869437696913	0.444591483982	-0.338490174606
-0.914852204031	0.020484866150	0.403268911571	0.465501990709
0.000000000000	0.000000000000	0.000000000000	1.000000000000
1	33	60
0.041506929411	-0.462495036599	0.885649770469	-2.934986101794
0.092815497797	0.884365520551	0.457474490469	-0.759781267010
-0.994817801499	0.063213662936	0.079634004286	0.935007629853
0.000000000000	0.000000000000	0.000000000000	1.000000000000
1	35	60
0.738776140439	-0.239581797083	0.629928866480	-2.176848371066
0.192235516281	0.970762009448	0.143758920743	-0.962647973205
-0.645953032811	0.014889040248	0.763231941078	1.452843347613
0.000000000000	0.000000000000	0.000000000000	1.000000000000
1	36	60
0.394234770960	-0.457334393257	0.797134993656	-2.027970370282
0.222944956215	0.889067733414	0.399817598288	-0.631632622793
-0.891557340761	0.020095226971	0.452461810531	1.666099081299
0.000000000000	0.000000000000	0.000000000000	1.000000000000
1	37	60
0.135240837461	-0.668622134744	0.731200626923	-1.608785046851
0.284100576217	0.733161231204	0.617868490581	-0.890003574334
-0.949208501056	0.124173467332	0.289109272654	1.922024903371
0.000000000000	0.000000000000	0.000000000000	1.000000000000
1	38	60
-0.302616341409	-0.509419331209	0.805552788403	-1.642204160338
0.176964508239	0.800454649068	0.572674355641	-0.915858988296
-0.936539861798	0.315854871383	-0.152081515930	2.121300134308
0.000000000000	0.000000000000	0.000000000000	1.000000000000
1	39	60
-0.582520368773	-0.322423902091	0.746131923539	-1.728676042522
0.170158476372	0.849245442306	0.499828242140	-0.709485561664
-0.794805707631	0.418120803217	-0.439839608305	1.860932973032
0.000000000000	0.000000000000	0.000000000000	1.000000000000
1	47	60
0.446955263378	-0.110645121649	0.887687247624	-1.930345317421
0.523971634126	0.836660925053	-0.159537528877	1.298026023538
-0.725041184465	0.536429075968	0.431924909314	0.026621695184
0.000000000000	0.000000000000	0.000000000000	1.000000000000
1	48	60
0.741140461122	0.105540888955	-0.663002215416	1.357410474569
-0.154672356805	0.987841853612	-0.015650376765	0.158534115902
0.653289582749	0.114147242678	0.748453824935	0.612159850470
0.000000000000	0.000000000000	0.000000000000	1.000000000000
1	49	60
0.240954892382	0.217438428382	-0.945865354953	1.602841263377
-0.326351380592	0.935982301003	0.132029953397	0.184577122408
0.914021616934	0.276871201231	0.296490845906	0.677144320759
0.000000000000	0.000000000000	0.000000000000	1.000000000000
1	50	60
-0.065380066112	-0.338982464770	0.938518159405	-2.450394981245
-0.001400112622	0.940560723538	0.339622680372	-0.611625620022
-0.997859452348	0.020890522175	-0.061968535915	4.042430381268
0.000000000000	0.000000000000	0.000000000000	1.000000000000
1	51	60
-0.118142216905	-0.436321721906	0.892000993036	-1.716589383227
0.219988069687	0.864470230852	0.451991669354	-1.120648842349
-0.968322087830	0.249628874457	-0.006144856156	3.026449846344
0.000000000000	0.000000000000	0.000000000000	1.000000000000
2	3	60
0.820852752603	0.075515206386	-0.566125615167	-0.163997212916
-0.159275600055	0.982163461221	-0.099931069594	-0.143235871095
0.548481578334	0.172198690609	0.818239310459	0.038008959930
0.000000000000	0.000000000000	0.000000000000	1.000000000000
2	31	60
0.449542088118	-0.495669345831	0.743117629056	-3.709813229696
0.302871449227	0.867216981011	0.395226002547	-0.349528535246
-0.840345640944	0.047398390795	0.539974625605	0.071526533554
0.000000000000	0.000000000000	0.000000000000	1.000000000000
2	33	60
0.112870610659	-0.427161016952	0.897102943282	-3.395225627955
0.225752421782	0.890284712309	0.395511030299	-0.674058178827
-0.967623929690	0.157881590521	0.196919613207	0.697098412084
0.000000000000	0.000000000000	0.000000000000	1.000000000000
2	35	60
0.815200197967	-0.093748590254	0.571541633706	-2.836614920552
0.160024151565	0.984856923811	-0.066701653175	-0.749979039887
-0.556633549250	0.145835665892	0.817857597876	1.198921320910
0.000000000000	0.000000000000	0.000000000000	1.000000000000
2	37	60
0.354212670602	-0.595768812881	0.720827930635	-2.193291105241
0.350782690592	0.799167013107	0.488143000711	-0.912101707077
-0.866882280339	0.079947525045	0.492060469122	1.585635764836
0.000000000000	0.000000000000	0.000000000000	1.000000000000
2	39	60
-0.391151489023	-0.310115803895	0.866503722329	-2.265815047110
0.394236456585	0.794300485025	0.462238418770	-0.675967069630
-0.831611765750	0.522412602895	-0.188432861791	1.480667299881
0.000000000000	0.000000000000	0.000000000000	1.000000000000
2	48	60
0.446373199177	0.145614312685	-0.882919837243	1.205811112886
-0.244814684427	0.968900397732	0.036024846471	-0.171122648263
0.860707114729	0.200071215360	0.468139692228	1.360616230366
0.000000000000	0.000000000000	0.000000000000	1.000000000000
2	49	60
-0.231652168033	0.137445416699	-0.963039994224	1.448264109570
-0.380157659036	0.898456615511	0.219672174660	-0.182661367872
0.895442587396	0.416994565279	-0.155878495009	1.719773927415
0.000000000000	0.000000000000	0.000000000000	1.000000000000
2	50	60
-0.159192363513	0.302886872395	-0.939636809586	1.369028164225
-0.512497750802	0.788130265925	0.340876428279	-0.072550459098
0.843803203847	0.535826675768	0.029764521061	0.944536046545
0.000000000000	0.000000000000	0.000000000000	1.000000000000
2	51	60
0.847325664222	-0.405268163300	0.343215580307	-1.560293205706
0.402078162225	0.911748961440	0.083946308881	-0.428614020641
-0.346947215311	0.066869627845	0.935497772664	-0.642778560339
0.000000000000	0.000000000000	0.000000000000	1.000000000000
3	24	60
-0.343761348285	-0.929275077510	-0.135188630234	-0.257406134566
0.690053131339	-0.347618440649	0.634813433735	-0.978172461437
-0.636910363674	0.124936984276	0.760746960957	0.481427889972
0.000000000000	0.000000000000	0.000000000000	1.000000000000
3	25	60
-0.053431551416	0.260675434959	-0.963946775980	2.499466790855
-0.886020970076	-0.457598728120	-0.074634071366	0.615514875530
-0.460556087680	0.850089243334	0.255414111727	2.219485009781
0.000000000000	0.000000000000	0.000000000000	1.000000000000
3	26	60
0.644914751365	-0.589239439556	0.486705091759	-0.759259995860
-0.740859039223	-0.638372687133	0.208825755892	0.234728776210
0.187650865901	-0.495254677105	-0.848239327862	5.101687421061
0.000000000000	0.000000000000	0.000000000000	1.000000000000
3	29	60
-0.392107619183	-0.799152148104	-0.455639615441	0.181618869067
0.735305787865	-0.569905993225	0.366786800770	-0.860328034110
-0.552790207322	-0.191214547217	0.811085682047	0.758704485324
0.000000000000	0.000000000000	0.000000000000	1.000000000000
3	30	60
-0.677880692494	0.734850026545	-0.021753280923	0.099871540749
-0.422037167046	-0.364749773742	0.829965199383	-1.393190624786
0.601965444503	0.571798077159	0.557390852617	2.044607276706
0.000000000000	0.000000000000	0.000000000000	1.000000000000
3	32	60
-0.630791227484	-0.496889589197	0.595989231008	-2.757476580035
0.063137137168	0.732660492385	0.677659431284	-0.521146866557
-0.773379679873	0.465090678305	-0.430783625169	2.514084178581
0.000000000000	0.000000000000	0.000000000000	1.000000000000
3	33	60
-0.467962062584	-0.399341306611	0.788376831735	-2.246234462774
0.058811920032	0.876032951568	0.478651674842	-0.611364654993
-0.881789468096	0.270356780201	-0.386464157917	2.389761389643
0.000000000000	0.000000000000	0.000000000000	1.000000000000
3	34	60
0.011693896834	-0.375496055262	0.926750217297	-1.490044548673
0.108210227799	0.921845841426	0.372143508939	-0.535041153716
-0.994059253454	0.095932044325	0.051412483844	2.407388927697
0.000000000000	0.000000000000	0.000000000000	1.000000000000
3	35	60
0.337030527104	-0.180331592261	0.924062195219	-1.418017385942
0.139100406290	0.980251516234	0.140563302079	-0.635101357488
-0.931161372035	0.081163303002	0.355458882961	2.486446986362
0.000000000000	0.000000000000	0.000000000000	1.000000000000
3	36	60
0.069575390829	-0.455832142861	0.887342280366	-1.135910079892
0.164218450449	0.882596304475	0.440517949531	-0.442588807079
-0.983967258359	0.115068765794	0.136263030993	2.294687747132
0.000000000000	0.000000000000	0.000000000000	1.000000000000
3	37	60
-0.240788379131	-0.646013853013	0.724352854754	-0.600515511957
0.201340363772	0.696829896923	0.688396798852	-0.748753453304
-0.949464593543	0.311599416670	-0.037719877243	2.476656446525
0.000000000000	0.000000000000	0.000000000000	1.000000000000
3	38	60
-0.648370428388	-0.395758194141	0.650377766657	-0.568824767414
0.119199888843	0.790964938482	0.600138194578	-0.724574089702
-0.751935618315	0.466636815802	-0.465663943254	2.608531316794
0.000000000000	0.000000000000	0.000000000000	1.000000000000
3	40	60
-0.996463630034	-0.002028168715	0.084000717558	-0.615646493304
0.046876994652	0.816253123498	0.575789358839	-0.523695603001
-0.069733646047	0.577690855832	-0.813271476014	2.528399126610
0.000000000000	0.000000000000	0.000000000000	1.000000000000
3	41	60
-0.998417430538	0.040577390293	-0.038937254581	-0.341611967598
0.010290094380	0.812500546307	0.582869604808	-0.438084449859
0.055287868063	0.581546505147	-0.811632252930	3.215540812126
0.000000000000	0.000000000000	0.000000000000	1.000000000000
3	42	60
-0.971819512649	0.162703419573	-0.170570900492	-0.402212960934
0.001793475781	0.728680077664	0.684851902137	-0.734730568672
0.235719363396	0.665246526992	-0.708437322594	3.476790652805
0.000000000000	0.000000000000	0.000000000000	1.000000000000
3	44	60
-0.816312862509	0.120830997347	-0.564830222795	-0.069194729375
-0.041674207937	0.963005600294	0.266239505323	-0.238972481928
0.576104652729	0.240873584857	-0.781078322079	3.897064544289
0.000000000000	0.000000000000	0.000000000000	1.000000000000
3	45	60
0.638971288370	-0.633252876288	0.436699538941	-1.773445444341
0.591746538325	0.767374186047	0.246926898028	0.068104644741
-0.491479121651	0.100636242290	0.865055269748	-0.674759025554
0.000000000000	0.000000000000	0.000000000000	1.000000000000
3	46	60
-0.868010878901	0.103856941235	-0.485562405739	-0.222379408455
0.042372928576	-0.958821718717	-0.280829924760	2.399483619419
-0.494733917408	-0.264338130950	0.827866960020	0.773465094495
0.000000000000	0.000000000000	0.000000000000	1.000000000000
3	48	60
-0.927481742214	-0.111723589697	0.356784889486	-0.614651246836
0.047238294081	0.911638634181	0.408268960663	-0.523873518306
-0.370872163194	0.395515916461	-0.840250556914	4.352965059669
0.000000000000	0.000000000000	0.000000000000	1.000000000000
3	49	60
0.495729318180	0.353464911909	-0.793293765982	1.958538762156
-0.229891449992	0.934254766114	0.272613193396	0.049720882883
0.837497680186	0.047229101642	0.544396039332	0.257889154364
0.000000000000	0.000000000000	0.000000000000	1.000000000000
4	8	60
0.954735919887	0.277111583499	0.108113336679	0.428049126392
-0.274548252601	0.960813662924	-0.038214684766	-0.094769021274
-0.114466502834	0.006802604545	0.993403817337	1.484443353746
0.000000000000	0.000000000000	0.000000000000	1.000000000000
4	24	60
-0.767720456498	-0.527744415758	-0.363443437566	1.054272647821
-0.634571584678	0.547362956656	0.545630550464	-1.752903278495
-0.089018001511	0.649522613399	-0.755113349167	5.142313443122
0.000000000000	0.000000000000	0.000000000000	1.000000000000
4	25	60
-0.420995255890	-0.899663688097	0.115621117607	0.816542042233
-0.808156712848	0.429910940595	0.402565908438	-0.488430247555
-0.411880713310	0.076038355295	-0.908059715287	5.618403307332
0.000000000000	0.000000000000	0.000000000000	1.000000000000
4	26	60
-0.732472020661	0.237829558084	-0.637904256335	-0.828915288057
0.245334206037	-0.781830963013	-0.573194096813	2.694219791008
-0.635055797782	-0.576348372580	0.514321579489	1.169271362782
0.000000000000	0.000000000000	0.000000000000	1.000000000000
4	29	60
-0.115165113647	0.990916130907	-0.069442192558	1.562522430245
0.714802430259	0.131212525040	0.686906659575	-1.575407317188
0.689778574830	0.029470235512	-0.723420363913	4.989987553922
0.000000000000	0.000000000000	0.000000000000	1.000000000000
4	30	60
-0.603585184187	-0.642187941179	-0.472524680449	1.548248887102
-0.439034036390	0.762416937928	-0.475362522346	0.457779328602
0.665532899503	-0.079467357854	-0.742125931844	5.022865235920
0.000000000000	0.000000000000	0.000000000000	1.000000000000
4	31	60
0.929704995172	-0.323274349137	0.176471859349	1.550160802155
0.270921526579	0.924853460507	0.266922466315	0.285835624489
-0.249499796370	-0.200349124723	0.947422862208	-0.074655190924
0.000000000000	0.000000000000	0.000000000000	1.000000000000
4	32	60
-0.156275648479	0.262129119963	-0.952295251569	0.593121472300
-0.816073090136	0.508873428544	0.273993695689	0.419117637562
0.556419475978	0.819961071143	0.134391995903	1.528022015234
0.000000000000	0.000000000000	0.000000000000	1.000000000000
4	42	60
0.774287339462	-0.015542539130	-0.632643300309	-0.813591030393
0.108355605980	0.988191235953	0.108338099660	0.070842680561
0.623488715697	-0.152435267123	0.766828084212	0.198343612766
0.000000000000	0.000000000000	0.000000000000	1.000000000000
4	44	60
0.069740370543	-0.540608018106	0.838378942648	-2.118517114240
0.702106492941	0.623620088627	0.343721482645	-0.201725253065
-0.708648540030	0.564660035615	0.423055895707	0.392335652848
0.000000000000	0.000000000000	0.000000000000	1.000000000000
4	45	60
0.028303816815	-0.444274022204	0.895443737567	-2.168523774317
0.701484430447	0.647004894726	0.298838183708	-0.156874015958
-0.712122523021	0.619681579035	0.329964017447	0.628768037147
0.000000000000	0.000000000000	0.000000000000	1.000000000000
4	47	60
0.686972124810	0.059783884225	-0.724220399410	-0.324802542549
-0.127528626317	0.991061598573	-0.039158106495	0.586668364818
0.715406003053	0.119259360310	0.688455848820	0.079034281630
0.000000000000	0.000000000000	0.000000000000	1.000000000000
5	6	60
0.927031135944	-0.044667208876	0.372314535631	0.120645360959
0.035325643864	0.998867304501	0.031878000008	0.040042262855
-0.373316717917	-0.016399647868	0.927558989862	-0.101351082018
0.000000000000	0.000000000000	0.000000000000	1.000000000000
5	11	60
0.700269166664	0.225726081777	-0.677252412491	1.997499217571
-0.095896493732	0.969839210484	0.224088750937	-0.104816452769
0.707408620748	-0.091976311148	0.700794835511	1.865455645993
0.000000000000	0.000000000000	0.000000000000	1.000000000000
5	15	60
-0.550656334976	0.405062605025	-0.729864293386	0.991590005901
-0.131667954649	0.821274351743	0.555132406627	-0.590563104859
0.824282203174	0.401786915141	-0.398906159833	4.545107659087
0.000000000000	0.000000000000	0.000000000000	1.000000000000
5	40	60
0.418548651048	-0.392171512223	0.819157208176	-0.661852572105
0.708164402664	0.705639141321	-0.024012101857	-0.158383999420
-0.568612526687	0.590148207857	0.573066215422	1.173435549130
0.000000000000	0.000000000000	0.000000000000	1.000000000000
6	8	60
0.986927433629	0.032954221530	0.157760134486	0.436148855212
-0.046853449741	0.995260681122	0.085211095868	-0.179297529741
-0.154204393572	-0.091488774694	0.983794088775	1.514933422696
0.000000000000	0.000000000000	0.000000000000	1.000000000000
6	9	60
0.969055616650	-0.013496570588	0.246473232668	0.408620976496
0.101488660561	0.931989846655	-0.347987036410	0.437339630403
-0.225013918718	0.362233030402	0.904519744433	2.118066114539
0.000000000000	0.000000000000	0.000000000000	1.000000000000
6	10	60
0.695812639634	0.240257403621	-0.676846474860	1.326971383092
-0.013286559946	0.946534590627	0.322328615036	-0.461355382088
0.718100437161	-0.215287363195	0.661802926405	2.215914718530
0.000000000000	0.000000000000	0.000000000000	1.000000000000
6	24	60
0.934546976406	0.253406360490	0.249814261711	0.786672372495
-0.276277362989	0.959166368199	0.060586275810	-0.177754852491
-0.224260490481	-0.125638746333	0.966396470311	0.951821359390
0.000000000000	0.000000000000	0.000000000000	1.000000000000
6	25	60
-0.994149815260	-0.078163196937	0.074543004124	1.282074242728
-0.031725855933	0.871025546392	0.490212165902	-1.066799727874
-0.103245410961	0.484979393560	-0.868409680357	5.298628918215
0.000000000000	0.000000000000	0.000000000000	1.000000000000
6	26	60
-0.899829130350	-0.310393708939	0.306534307420	0.781752989245
-0.321052341142	0.946919531772	0.016394956407	0.394569007573
-0.295352214181	-0.083660897672	-0.951718405716	5.581014546510
0.000000000000	0.000000000000	0.000000000000	1.000000000000
6	29	60
-0.971982126689	0.070734840795	0.224159157064	0.286224123946
0.138014877746	0.943691880500	0.300661816997	-0.000305692712
-0.190269910702	0.323175210956	-0.927014101352	5.700195174307
0.000000000000	0.000000000000	0.000000000000	1.000000000000
6	30	60
-0.891359818341	0.178572728826	0.416640678242	-0.330795794401
0.453294504562	0.353837865812	0.818121541613	-1.457750768736
-0.001329052202	0.918101598538	-0.396342892434	3.916307479900
0.000000000000	0.000000000000	0.000000000000	1.000000000000
6	31	60
0.961831083346	0.079782069905	0.261755207075	1.519248578612
-0.159057380544	0.941367029610	0.297538006408	-0.070623708935
-0.222669523743	-0.327815400621	0.918125996970	-0.147715241628
0.000000000000	0.000000000000	0.000000000000	1.000000000000
6	42	60
-0.991548649355	0.070485449216	-0.108917755265	1.137489416075
0.012203826641	-0.785140144662	-0.619197884247	2.645675284800
-0.129160143150	-0.615294039211	0.777644457791	1.220248920433
0.000000000000	0.000000000000	0.000000000000	1.000000000000
6	43	60
-0.090773884599	0.296318094701	-0.950765843217	2.278065729086
-0.178374726765	0.934430299164	0.308257153780	-0.496600450028
0.979766583798	0.197574296805	-0.031966208964	2.728888740412
0.000000000000	0.000000000000	0.000000000000	1.000000000000
6	44	60
-0.173975838485	0.199837740190	-0.964259967654	2.376083284739
-0.118980353874	0.967753548618	0.222028702037	-0.252059723019
0.977535719560	0.153355621783	-0.144588970023	2.800136920070
0.000000000000	0.000000000000	0.000000000000	1.000000000000
6	45	60
-0.041751133875	-0.411117268065	0.910625847821	-2.368673025371
0.608381458859	0.712512078848	0.349569074738	-0.224555853722
-0.792545798889	0.568602787010	0.220367936116	0.880536477574
0.000000000000	0.000000000000	0.000000000000	1.000000000000
6	46	60
-0.974651825688	0.008281020680	-0.223573798509	0.909516271706
0.085927419400	-0.908814580247	-0.408255480460	2.580605455488
-0.206567899922	-0.417118068928	0.885066223113	0.882877423507
0.000000000000	0.000000000000	0.000000000000	1.000000000000
6	47	60
-0.960264114873	-0.043288308891	0.275715345964	0.194286392484
-0.076518064311	-0.909209458925	-0.409247047193	2.434704541546
0.268398613113	-0.414082458111	0.869768878705	0.521651560744
0.000000000000	0.000000000000	0.000000000000	1.000000000000
7	9	60
0.932430771999	0.154535623729	-0.326636795887	0.572846250003
-0.116837565319	0.984318016835	0.132162873242	-0.348162704949
0.341938355203	-0.085069281952	0.935863974362	1.582378393682
0.000000000000	0.000000000000	0.000000000000	1.000000000000
7	10	60
0.613741812681	0.270300629800	-0.741794147252	0.790284475502
-0.196545495723	0.962296120817	0.188032029112	-0.361313799337
0.764650806236	0.030393180007	0.643727736805	1.660213478757
0.000000000000	0.000000000000	0.000000000000	1.000000000000
7	24	60
0.096115924627	0.156546780321	0.982982621720	-2.116663952825
0.087373605895	0.982415842086	-0.164999897608	0.455235443084
-0.991527902798	0.101745853913	0.080747750342	2.053489154192
0.000000000000	0.000000000000	0.000000000000	1.000000000000
7	25	60
0.028400042118	-0.173317405631	0.984456456382	-1.982838201752
0.249793654979	0.954837869345	0.160896778079	-0.681234148297
-0.967882517426	0.241341501134	0.070411023929	3.329392989373
0.000000000000	0.000000000000	0.000000000000	1.000000000000
7	26	60
0.949554172194	0.313503196576	-0.007913267727	-0.434265348033
-0.309907071023	0.941926997833	0.129348900586	0.004653362056
0.048005014321	-0.120371410597	0.991567568102	0.690300131406
0.000000000000	0.000000000000	0.000000000000	1.000000000000
7	28	60
0.908169816713	0.339385465169	0.245040996660	-1.432103430994
-0.359937745594	0.931975664314	0.043199310438	0.283195012428
-0.213711027579	-0.127431813758	0.968549807461	1.237068050187
0.000000000000	0.000000000000	0.000000000000	1.000000000000
7	29	60
0.989604632315	-0.061106426920	0.130187081883	-0.013248361515
0.022813997359	0.960481679080	0.277406679222	-0.086681552764
-0.141993637973	-0.271552847051	0.951891200734	0.529217321826
0.000000000000	0.000000000000	0.000000000000	1.000000000000
7	30	60
0.568314519988	0.228432748631	0.790466372292	-1.194175500563
-0.205060344465	0.969698422121	-0.132797685461	-0.160306701734
-0.796849334253	-0.086622453722	0.597936191422	1.504529013862
0.000000000000	0.000000000000	0.000000000000	1.000000000000
7	31	60
0.913355003110	-0.033886719161	0.405751560142	-0.143568227247
-0.073728999331	0.966291780205	0.246666232317	0.049580898000
-0.400433106712	-0.255209493892	0.880068998020	-0.385621556156
0.000000000000	0.000000000000	0.000000000000	1.000000000000
7	43	60
-0.230156186555	0.307345684235	-0.923345417584	1.842157531759
-0.232308853841	0.904034311408	0.358823856820	-0.735768176208
0.945018902571	0.297086846189	-0.136669965991	2.493299949601
0.000000000000	0.000000000000	0.000000000000	1.000000000000
7	44	60
-0.160096588298	0.225813820004	-0.960925179767	1.858391358742
-0.208224412790	0.943850604416	0.256492944272	-0.392404378912
0.964889463272	0.241151726592	-0.104087311560	2.159738958511
0.000000000000	0.000000000000	0.000000000000	1.000000000000
7	45	60
-0.049990951789	0.167547059434	-0.984595799104	1.916361471040
-0.177166179071	0.968706523405	0.173838478210	-0.245929953269
0.982910499350	0.183127426640	-0.018742888775	1.938022053342
0.000000000000	0.000000000000	0.000000000000	1.000000000000
7	47	60
-0.996982670472	-0.075385102575	-0.018510566918	1.054312391879
0.071480647675	-0.798609200319	-0.597590045243	2.510393194245
0.030266677815	-0.597110066467	0.801588109155	1.168230911045
0.000000000000	0.000000000000	0.000000000000	1.000000000000
8	11	60
-0.952820221157	-0.081728382889	0.292325328332	-0.601061522082
-0.097885354189	-0.828882874884	-0.550791827426	2.485041401893
0.287318783913	-0.553419959121	0.781776352454	0.971274644123
0.000000000000	0.000000000000	0.000000000000	1.000000000000
8	25	60
0.681093704340	0.106387886734	0.724425968243	-1.969738894604
-0.174805272643	0.984404295674	0.019781286980	0.094924584854
-0.711023545718	-0.140106388914	0.689068731855	0.890181519363
0.000000000000	0.000000000000	0.000000000000	1.000000000000
8	30	60
-0.414939251326	-0.432235501142	0.800623437867	-1.476702291391
0.355386084771	0.733053618265	0.579942344979	-1.065652550749
-0.837571578111	0.525171271397	-0.150562237094	1.761319102434
0.000000000000	0.000000000000	0.000000000000	1.000000000000
8	44	60
0.673149256582	0.627404037999	0.391451467575	-0.003051678612
0.524905302956	-0.032506334127	-0.850539688181	2.729611293713
-0.520907382643	0.778015109972	-0.351209321293	2.464178410909
0.000000000000	0.000000000000	0.000000000000	1.000000000000
8	45	60
-0.125486223517	-0.024892835259	-0.991783017832	1.739843229684
-0.412907291028	0.910298552892	0.029395809543	0.316958910688
0.902086900871	0.413203208308	-0.124508360848	1.294924255903
0.000000000000	0.000000000000	0.000000000000	1.000000000000
9	11	60
0.589457216038	0.270965942806	-0.760997797828	0.011522688953
-0.260433937257	0.955506691747	0.138495943444	-0.253066714625
0.764666172120	0.116552219477	0.633799041771	0.577536458037
0.000000000000	0.000000000000	0.000000000000	1.000000000000
9	24	60
-0.864343036924	-0.185276281598	0.467529479283	-1.579522451258
0.151406278123	0.790659218528	0.593240372110	-1.121528938735
-0.479569862967	0.583550083226	-0.655348797893	2.573391003322
0.000000000000	0.000000000000	0.000000000000	1.000000000000
9	26	60
-0.184069636966	-0.427829773777	0.884918105486	-1.745180809549
0.467789403861	0.753673537959	0.461680919917	-1.107977235698
-0.864460202891	0.498936752354	0.061405820306	1.878304193154
0.000000000000	0.000000000000	0.000000000000	1.000000000000
9	28	60
0.858583972065	0.493795436483	0.137839144736	-1.260119871841
-0.492691523813	0.869068719177	-0.044436738296	0.793901468200
-0.141734347551	-0.029759506989	0.989457298961	-0.412590602070
0.000000000000	0.000000000000	0.000000000000	1.000000000000
9	29	60
-0.782414874642	-0.331375576274	0.527273355469	-1.405827509958
0.254089645858	0.603130318179	0.756090121058	-1.249820803763
-0.568564346232	0.725550857447	-0.387699029469	2.690031893886
0.000000000000	0.000000000000	0.000000000000	1.000000000000
9	30	60
-0.793388866569	-0.109619101083	0.598763525177	-1.320041923628
0.222475528249	0.863381444909	0.452854413600	-0.906032892127
-0.566602811267	0.492499881487	-0.660609658573	2.284862903024
0.000000000000	0.000000000000	0.000000000000	1.000000000000
9	43	60
0.199257449680	0.283251018857	-0.938117971826	1.404224290364
-0.352853321024	0.913840195425	0.200974204983	-0.201143207153
0.914216059030	0.290972434335	0.282035529443	0.260475834310
0.000000000000	0.000000000000	0.000000000000	1.000000000000
9	44	60
0.185005206893	0.191250600096	-0.963948277339	1.385546700640
-0.264256170294	0.954434905878	0.138645904750	-0.003697624948
0.946541995838	0.229079065838	0.227114578375	0.249200371756
0.000000000000	0.000000000000	0.000000000000	1.000000000000
9	45	60
0.281141215688	0.139291649681	-0.949503793131	1.355757290473
-0.275530106992	0.959469611091	0.059171154571	0.148358390651
0.919262082859	0.244981431381	0.308125496017	0.018753344715
0.000000000000	0.000000000000	0.000000000000	1.000000000000
10	12	60
0.828651039442	0.223220268220	-0.513332413439	-0.008853688461
-0.141456469896	0.970789911732	0.193796321959	-0.440542928058
0.541597195299	-0.087975332543	0.836022020588	1.517765580460
0.000000000000	0.000000000000	0.000000000000	1.000000000000
10	13	60
0.677448017633	0.398283258120	-0.618412992834	0.160896119440
-0.248275607013	0.915197262500	0.317447938527	-0.659991757260
0.692404077376	-0.061517615476	0.718882588897	2.159438859709
0.000000000000	0.000000000000	0.000000000000	1.000000000000
10	15	60
-0.159968465628	0.447732261554	-0.879741957604	0.274047192213
-0.332973827681	0.814510465561	0.475080131737	-1.081971419805
0.929267733263	0.368928886719	0.018787135492	3.206729034356
0.000000000000	0.000000000000	0.000000000000	1.000000000000
10	17	60
-0.091220557777	0.627917941727	-0.772915175356	0.074748973622
-0.288978465294	0.726061743913	0.623959766830	-1.323170416094
0.952979672624	0.280273799138	0.115223005871	3.013768277429
0.000000000000	0.000000000000	0.000000000000	1.000000000000
10	22	60
-0.862217279518	0.312348042381	-0.398773197847	-0.687209676195
-0.250030739149	0.422224731116	0.871327094675	-1.128110348676
0.440529218533	0.850978834551	-0.285952847100	3.351716230354
0.000000000000	0.000000000000	0.000000000000	1.000000000000
10	28	60
0.875796115584	0.481131726645	-0.038644864382	-0.497671875216
-0.453347683725	0.847416689514	0.276334637703	0.149900680681
0.165701664411	-0.224493242546	0.960284198799	-0.849876516925
0.000000000000	0.000000000000	0.000000000000	1.000000000000
10	29	60
-0.909846829985	-0.175385157655	0.376056900535	-0.554004593942
0.164665123406	0.679257238766	0.715188786767	-1.056689109870
-0.380872869997	0.712635706416	-0.589140226807	3.124774834963
0.000000000000	0.000000000000	0.000000000000	1.000000000000
10	43	60
0.635810575997	0.218573028900	-0.740250459296	1.229751061510
-0.250934536738	0.965502138067	0.069551992490	-0.011507673386
0.729915590820	0.141532513666	0.668723992282	-0.270994396211
0.000000000000	0.000000000000	0.000000000000	1.000000000000
10	44	60
0.647969573239	0.097926792640	-0.755344805662	1.130325909242
-0.174029796441	0.984502259130	-0.021654831310	0.256111689069
0.741518079421	0.145484174575	0.654969688490	-0.318060971767
0.000000000000	0.000000000000	0.000000000000	1.000000000000
10	45	60
0.712306062399	0.023771421193	-0.701466316372	0.983184791631
-0.130686831516	0.986440520133	-0.099277652616	0.352871657489
0.689594827082	0.162388484121	0.705754174403	-0.444906564843
0.000000000000	0.000000000000	0.000000000000	1.000000000000
11	13	60
0.943897035373	0.211711985855	-0.253449051410	0.651442097162
-0.140665068229	0.952115350116	0.271458465799	-0.448397854245
0.298783743191	-0.220577412986	0.928479337242	1.358302628420
0.000000000000	0.000000000000	0.000000000000	1.000000000000
11	18	60
0.539734826976	0.592164880881	-0.598353633231	0.928520175221
-0.290615239486	0.798142091458	0.527742346626	-1.059474366546
0.790081704084	-0.110950239725	0.602877222308	2.348916752221
0.000000000000	0.000000000000	0.000000000000	1.000000000000
11	20	60
0.610292111919	0.445101583532	-0.655307651769	0.615976922071
-0.312040774486	0.895416588941	0.317584142090	-1.259909046549
0.728130546803	0.010663610397	0.685355523962	2.798821018362
0.000000000000	0.000000000000	0.000000000000	1.000000000000
11	21	60
-0.002740411807	0.689832827988	-0.723963507073	0.435739512505
-0.354514218228	0.676274517457	0.645734036669	-1.129016589310
0.935046608046	0.258424933914	0.242702275049	2.841995202712
0.000000000000	0.000000000000	0.000000000000	1.000000000000
11	22	60
-0.503150702965	0.617065382618	-0.605036927534	0.561360932210
-0.379157730104	0.471508029247	0.796190676947	-0.967838859205
0.776581474031	0.630008326874	-0.003274486570	2.763969255338
0.000000000000	0.000000000000	0.000000000000	1.000000000000
11	23	60
-0.669548048189	0.299859060642	-0.679551289394	0.586485606431
0.210742075162	-0.800601953868	-0.560913798385	1.447982554368
-0.712245174727	-0.518768787817	0.472848554893	1.483017997811
0.000000000000	0.000000000000	0.000000000000	1.000000000000
11	44	60
0.810854887715	0.007532118473	-0.585198785252	1.102436912678
-0.116976367078	0.981826062475	-0.149446018983	0.723434758080
0.573437773969	0.189633462859	0.796999541499	-1.058158462468
0.000000000000	0.000000000000	0.000000000000	1.000000000000
11	45	60
0.949902443509	-0.000195946795	-0.312546491614	0.152784965678
-0.068959177463	0.975224519781	-0.210194595224	0.814472603881
0.304844189150	0.221217308597	0.926354641980	-1.274437462892
0.000000000000	0.000000000000	0.000000000000	1.000000000000
12	19	60
0.848241056393	0.313581344606	-0.426794857706	0.724456740469
-0.256961642336	0.948338916338	0.186075291552	-1.231423961826
0.463095912979	-0.048166794298	0.884998381529	1.896072305927
0.000000000000	0.000000000000	0.000000000000	1.000000000000
12	20	60
0.697641084985	0.396493159597	-0.596732847206	0.724577064336
-0.339918067674	0.916370177374	0.211474360830	-1.301890130543
0.630676322538	0.055307073804	0.774072673447	1.785518664135
0.000000000000	0.000000000000	0.000000000000	1.000000000000
12	22	60
-0.408928150375	0.686096531900	-0.601705340467	0.552086145369
-0.503764014559	0.380067328152	0.775738772853	-0.999578165113
0.760920222801	0.620338919451	0.190210513766	1.710976928594
0.000000000000	0.000000000000	0.000000000000	1.000000000000
13	19	60
0.967370181020	0.158545211804	-0.197631851397	0.476591101696
-0.154167429132	0.987334949362	0.037444646646	-1.057082239668
0.201065503424	-0.005754440160	0.979560896398	1.247065857462
0.000000000000	0.000000000000	0.000000000000	1.000000000000
13	20	60
0.870251642722	0.226440693018	-0.437477646154	0.540489819411
-0.269249400306	0.962340453144	-0.037491501413	-0.998319938247
0.412512834678	0.150417634567	0.898447381006	1.131161961701
0.000000000000	0.000000000000	0.000000000000	1.000000000000
13	21	60
0.375337307104	0.626347732698	-0.683235262292	0.374862105700
-0.570673677311	0.737009847804	0.362143670749	-0.986984106725
0.730378983761	0.253978349437	0.634067455478	1.198607449611
0.000000000000	0.000000000000	0.000000000000	1.000000000000
13	22	60
-0.118303039509	0.715537060035	-0.688484645116	0.365266217548
-0.626334620370	0.484252939011	0.610904275959	-0.798158555849
0.770525362443	0.503493601524	0.390877038281	1.166734445334
0.000000000000	0.000000000000	0.000000000000	1.000000000000
14	19	60
0.993258869933	-0.045355138674	0.106675811196	0.375296737120
0.017812327676	0.969064375920	0.246164490342	-0.851281410217
-0.114540552998	-0.242604918991	0.963339667511	1.052717102479
0.000000000000	0.000000000000	0.000000000000	1.000000000000
14	22	60
0.187784374636	0.748008631360	-0.636569019081	0.219456392378
-0.528801111402	0.623147249759	0.576243776277	-0.539335550455
0.827711551945	0.228408827608	0.512565112204	0.986771000792
0.000000000000	0.000000000000	0.000000000000	1.000000000000
15	19	60
0.815910936891	-0.338459079510	0.468758780781	0.471144355100
0.193735717948	0.923925178844	0.329892005798	-0.749887175459
-0.544752984988	-0.178347176585	0.819412271052	0.785928365548
0.000000000000	0.000000000000	0.000000000000	1.000000000000
15	22	60
0.650881386158	0.597498377975	-0.468347210380	0.277032062228
-0.408319847216	0.795602808006	0.447538908099	-0.446772197828
0.640022127370	-0.100059283476	0.761813504912	0.865106734495
0.000000000000	0.000000000000	0.000000000000	1.000000000000
15	23	60
0.493459898856	0.383561137689	-0.780626787829	0.143324607583
-0.411388675936	0.893697223949	0.179065991238	-0.612907672867
0.766326748543	0.232779134720	0.598796450312	0.626561735433
0.000000000000	0.000000000000	0.000000000000	1.000000000000
16	22	60
0.426150453240	0.729862635329	-0.534505682620	0.033205589501
-0.556429056208	0.677330413082	0.481258991523	-0.111443018289
0.713289910633	0.092325755155	0.694761439866	0.773794282312
0.000000000000	0.000000000000	0.000000000000	1.000000000000
17	19	60
0.831012909569	-0.310137960498	0.461770494497	0.501363009032
0.312941423419	0.946975306900	0.072838407662	-0.466485302483
-0.459875210941	0.083977458761	0.884003719891	0.635705658388
0.000000000000	0.000000000000	0.000000000000	1.000000000000
17	20	60
0.950297458258	-0.121112764378	0.286821266877	0.437379073595
0.153074497049	0.983952292110	-0.091684705402	-0.446328644672
-0.271114254847	0.131032763674	0.953586637733	0.541727598449
0.000000000000	0.000000000000	0.000000000000	1.000000000000
17	23	60
0.489051814747	0.373228150553	-0.788371149984	0.167498128696
-0.566130514388	0.823410086456	0.038627324542	-0.251192585536
0.663569561668	0.427430201503	0.613986041919	0.489380741799
0.000000000000	0.000000000000	0.000000000000	1.000000000000
18	22	60
0.439215280243	0.702533815941	-0.559943010547	0.056650507440
-0.680426397823	0.667115606607	0.303276580974	-0.241195962216
0.586608774863	0.247796297150	0.771029921840	0.551336086802
0.000000000000	0.000000000000	0.000000000000	1.000000000000
19	21	60
0.606130391984	0.488907913632	-0.627355560986	0.106811820776
-0.464043566268	0.857982280683	0.220295198858	0.031960314324
0.645964021071	0.157592696602	0.746923707925	0.047613491584
0.000000000000	0.000000000000	0.000000000000	1.000000000000
20	22	60
-0.319321129051	-0.667439370478	0.672724834741	-1.983524640540
0.930908032913	-0.353765226706	0.090886735177	-0.313059352795
0.177325268362	0.655267007493	0.734289383072	0.441289481185
0.000000000000	0.000000000000	0.000000000000	1.000000000000
21	23	60
0.703397627045	0.276786947773	-0.654691350035	-0.223739045220
-0.484951024683	0.860273550942	-0.157327433109	0.038418242080
0.519667472454	0.428156984168	0.739342488283	-0.145728224129
0.000000000000	0.000000000000	0.000000000000	1.000000000000
22	31	60
0.945312360614	0.104491168976	-0.308975948056	-1.072150964583
-0.210205858482	0.919500361144	-0.332163488234	-0.561645968153
0.249395344646	0.378946805584	0.891179712856	0.182264405899
0.000000000000	0.000000000000	0.000000000000	1.000000000000
22	32	60
0.998002592016	-0.062995657870	0.004730054831	-0.969276031732
0.062752880729	0.979962305771	-0.189039559958	-0.721406004727
0.007273396004	0.188958795398	0.981958080242	0.036328833637
0.000000000000	0.000000000000	0.000000000000	1.000000000000
22	42	60
-0.962921403733	0.259834462159	-0.072583899776	1.293944989883
-0.028186385965	-0.364468833677	-0.930788911045	1.983448137210
-0.268305605380	-0.894230686989	0.358278635379	0.474449997491
0.000000000000	0.000000000000	0.000000000000	1.000000000000
22	43	60
0.991273162689	0.108256894038	0.075219424520	-0.176582713143
-0.104957683236	0.993387934606	-0.046521995978	-0.977323623246
-0.079758395556	0.038221149556	0.996081192506	-0.625137941382
0.000000000000	0.000000000000	0.000000000000	1.000000000000
23	24	60
0.858928900833	0.117889008734	-0.498340571230	-0.012335262980
-0.147008021090	0.988944406156	-0.019432016562	-0.039046223330
0.490540299108	0.089950781832	0.866763561647	0.099354311401
0.000000000000	0.000000000000	0.000000000000	1.000000000000
23	30	60
