0	1	60
0.995130488465	-0.011783832187	0.097859349203	0.013009792100
0.020401755693	0.995952365358	-0.087536588365	-0.117736607549
-0.096431733843	0.089106830473	0.991342974692	-0.013018235666
0.000000000000	0.000000000000	0.000000000000	1.000000000000
0	2	60
0.943182155499	-0.155258161664	0.293772573234	0.086184519494
0.146587555957	0.987858827525	0.051449249945	-0.078533321616
-0.298193745719	-0.005462610944	0.954489732734	-0.182029538086
0.000000000000	0.000000000000	0.000000000000	1.000000000000
1	2	60
0.973543785876	-0.132553172789	0.186124026838	0.113181735763
0.106879034750	0.984106508413	0.141814146084	0.000746861235
-0.201963781193	-0.118169524337	0.972237931066	-0.154990918091
0.000000000000	0.000000000000	0.000000000000	1.000000000000
1	34	60
0.398959049819	-0.376189656701	0.836249375939	-2.340734170462
0.160871807390	0.926541980128	0.340059142866	-0.720219563970
-0.902746884877	-0.001140723984	0.430170618005	1.516556487255
0.000000000000	0.000000000000	0.000000000000	1.000000000000
1	37	60
0.129693482853	-0.670405859948	0.730572093262	-1.607340899270
0.251576797796	0.734933544179	0.629747410039	-0.904181754587
-0.959108291756	0.102120852857	0.263974650480	1.976024669493
0.000000000000	0.000000000000	0.000000000000	1.000000000000
1	38	60
-0.307000922354	-0.521190830890	0.796310587315	-1.615126744615
0.155141268289	0.798117641181	0.582185037346	-0.928034211286
-0.938979030941	0.302271977914	-0.164164645465	2.156594055305
0.000000000000	0.000000000000	0.000000000000	1.000000000000
1	50	60
0.109024040555	-0.396176438905	0.911678664792	-2.609779936960
0.381415780521	0.863616753435	0.329678791485	-1.008039990500
-0.917951938257	0.311785715583	0.245262933620	3.273022128341
0.000000000000	0.000000000000	0.000000000000	1.000000000000
2	34	60
0.574382183131	-0.288423463767	0.766092039673	-2.780318091396
0.222991843890	0.955607665144	0.192584080018	-0.637605423269
-0.787629192743	0.060215412199	0.613200096929	1.070833479002
0.000000000000	0.000000000000	0.000000000000	1.000000000000
2	36	60
0.601121897645	-0.351630969764	0.717640665845	-2.493872145303
0.255533039466	0.935425765979	0.244297978059	-0.562406283736
-0.757202304482	0.036528036426	0.652158242026	1.259788074957
0.000000000000	0.000000000000	0.000000000000	1.000000000000
2	37	60
0.333331020632	-0.600305555002	0.726996335148	-2.184331247020
0.352807023621	0.794492603801	0.494275941745	-0.925649493990
-0.874309804799	0.091731909051	0.476621046633	1.634945038581
0.000000000000	0.000000000000	0.000000000000	1.000000000000
2	38	60
-0.106441708947	-0.504867723590	0.856608863060	-2.231419099628
0.299858284614	0.805095846832	0.511767219116	-1.024541572107
-0.948026988933	0.311334641648	0.065692991750	1.809928392920
0.000000000000	0.000000000000	0.000000000000	1.000000000000
3	4	60
0.737450477486	0.149556307988	-0.658634727293	0.066460399443
-0.103565005365	0.988682402020	0.108542146654	-0.008694325832
0.667413726949	-0.011832948812	0.744593109291	0.163684570151
0.000000000000	0.000000000000	0.000000000000	1.000000000000
3	6	60
0.666841620555	0.120212696049	-0.735439433811	0.283467134808
-0.122927718532	0.991127628693	0.050545026045	0.007560809461
0.734990495933	0.056700364638	0.675702626559	0.290031751368
0.000000000000	0.000000000000	0.000000000000	1.000000000000
3	31	60
-0.259433992077	-0.486717079077	0.834146563075	-2.798668356204
0.132579029497	0.837593265155	0.529962567645	-0.425927553844
-0.956617376328	0.248080646366	-0.152771686533	2.549107305649
0.000000000000	0.000000000000	0.000000000000	1.000000000000
3	47	60
-0.990443622696	0.106619674565	-0.087485285943	-0.547705325672
0.061149092197	0.908051270968	0.414371424952	-0.350707683916
0.123621271569	0.405061889455	-0.905893286721	4.237055683511
0.000000000000	0.000000000000	0.000000000000	1.000000000000
4	6	60
0.997437034371	0.013702602705	-0.070225359698	0.191377378513
-0.016362551380	0.999164791060	-0.037443119770	-0.050499261552
0.069653638656	0.038496220397	0.996828175584	-0.042728614422
0.000000000000	0.000000000000	0.000000000000	1.000000000000
4	7	60
0.999599435928	-0.026525188242	0.009868235993	0.480699825018
0.026267952233	0.999333660705	0.025342242747	-0.094147605536
-0.010533868159	-0.025072873204	0.999630125922	0.470407660386
0.000000000000	0.000000000000	0.000000000000	1.000000000000
6	7	60
0.994226083556	-0.032563512503	0.102245354082	0.307894418833
0.025605028017	0.997312393784	0.068646716928	-0.047650427146
-0.104205937057	-0.065632361364	0.992387785003	0.512588636597
0.000000000000	0.000000000000	0.000000000000	1.000000000000
8	9	60
0.962715802390	0.108358521908	-0.247864306747	0.349194491518
-0.084400308388	0.990846803313	0.105352742294	-0.111348519099
0.257011423430	-0.080504925903	0.963049367962	0.582332498488
0.000000000000	0.000000000000	0.000000000000	1.000000000000
8	10	60
0.676371655723	0.217080519355	-0.703844749537	0.628221795049
-0.214394319961	0.972229890442	0.093830249389	-0.055207579755
0.704667622999	0.087436195299	0.704129571066	0.628012600402
0.000000000000	0.000000000000	0.000000000000	1.000000000000
8	24	60
-0.637752357177	-0.208632424170	0.741447531859	-2.049466553344
0.238643966898	0.861726706989	0.447745619213	-0.721854359593
-0.732339393983	0.462492804318	-0.499779369297	2.589906418420
0.000000000000	0.000000000000	0.000000000000	1.000000000000
8	26	60
-0.008029719982	-0.331925581627	0.943271398834	-2.016285643483
0.246871758053	0.913444947459	0.323531548751	-0.646151585945
-0.969014890842	0.235464936293	0.074608344732	2.515118219749
0.000000000000	0.000000000000	0.000000000000	1.000000000000
8	28	60
0.119234571046	-0.300352535657	0.946346380239	-1.918935432698
0.302674960649	0.918772554709	0.253465699672	-0.734070815203
-0.945606147010	0.256213479424	0.200458643360	2.612500286704
0.000000000000	0.000000000000	0.000000000000	1.000000000000
8	29	60
-0.453595052096	-0.402463042424	0.795157234889	-2.025067541746
0.306562627977	0.767314064215	0.563248153113	-0.672109758651
-0.836821894935	0.499252066937	-0.224669734983	2.672668187567
0.000000000000	0.000000000000	0.000000000000	1.000000000000
9	10	60
0.880100150838	0.158664992589	-0.447492060960	0.214445801073
-0.160643489349	0.986433221129	0.033810790923	-0.021518711535
0.446785624014	0.042129803938	0.893648524754	-0.031934334184
0.000000000000	0.000000000000	0.000000000000	1.000000000000
9	29	60
-0.667629290415	-0.379341027562	0.640602462833	-1.672576723681
0.273266679904	0.675533116547	0.684821385547	-1.030593360072
-0.692529026276	0.632262123850	-0.347344432099	2.503204729454
0.000000000000	0.000000000000	0.000000000000	1.000000000000
10	11	60
0.881112569286	0.130905612942	-0.454427508792	0.259253754738
-0.127849271011	0.991080463883	0.037604228633	-0.225204256935
0.455296830813	0.024964667219	0.889989641087	0.682347999999
0.000000000000	0.000000000000	0.000000000000	1.000000000000
11	12	60
0.995967726625	0.049196113124	-0.075020197113	0.134237149709
-0.037243309921	0.987503280076	0.153134606492	-0.256150926738
0.081616318145	-0.149723125444	0.985353622980	0.841830502818
0.000000000000	0.000000000000	0.000000000000	1.000000000000
11	15	60
0.305558923185	0.427595875152	-0.850761724583	1.352036008272
-0.313815916300	0.888797798605	0.334003059675	-0.740979189183
0.898973478551	0.164924954898	0.405766489638	2.248626689535
0.000000000000	0.000000000000	0.000000000000	1.000000000000
11	17	60
0.368365384207	0.579362622505	-0.727080391265	1.114766518704
-0.273511126551	0.814999861002	0.510849185396	-1.034738449463
0.888537341574	0.010685420458	0.458679860490	2.149954587874
0.000000000000	0.000000000000	0.000000000000	1.000000000000
12	13	60
0.970571840475	0.159900551446	-0.180061423199	0.561889876764
-0.143157229536	0.984376852634	0.102509607503	-0.225251792732
0.193639639818	-0.073715843929	0.978299373528	0.420090208119
0.000000000000	0.000000000000	0.000000000000	1.000000000000
12	14	60
0.821499908943	0.271505308307	-0.501420748641	1.042047283296
-0.281050643900	0.957924638576	0.058231626908	-0.455926562881
0.496133485233	0.093087348068	0.863241745087	0.815975274940
0.000000000000	0.000000000000	0.000000000000	1.000000000000
12	15	60
0.408749533884	0.405217776381	-0.817754469419	1.371402978080
-0.426756440299	0.876894713609	0.221211667658	-0.646038267232
0.806723471341	0.258561820363	0.531359601248	1.213712563042
0.000000000000	0.000000000000	0.000000000000	1.000000000000
12	16	60
0.664013210917	0.355406310144	-0.657854703135	1.085761414900
-0.322923429203	0.929840520680	0.176400297541	-0.959056998650
0.674393738553	0.095304568677	0.732195414210	1.127664433688
0.000000000000	0.000000000000	0.000000000000	1.000000000000
12	17	60
0.486982392196	0.554230484425	-0.675038309894	1.052861662260
-0.387386432801	0.829755603784	0.401792719783	-0.929167456187
0.782802594128	0.065834703027	0.618777739180	1.017391037726
0.000000000000	0.000000000000	0.000000000000	1.000000000000
12	18	60
0.639477127619	0.549555698304	-0.537640714338	0.944034798601
-0.375591208644	0.833496311796	0.405234675482	-0.999050110025
0.670820577533	-0.057205180574	0.739410116291	1.267701220302
0.000000000000	0.000000000000	0.000000000000	1.000000000000
12	21	60
0.145430175223	0.691211301299	-0.707867926305	0.525918795007
-0.514165847839	0.664070973681	0.542810485189	-1.137550921253
0.845271284885	0.285020488513	0.451973202831	1.738780898906
0.000000000000	0.000000000000	0.000000000000	1.000000000000
13	14	60
0.944690184021	0.137028815261	-0.297965702729	0.522228937419
-0.170802072678	0.981158232929	-0.090306001602	-0.175090233793
0.279976977953	0.136204352885	0.950295357282	0.258464656456
0.000000000000	0.000000000000	0.000000000000	1.000000000000
13	15	60
0.641149703690	0.334262632117	-0.690793420805	0.918190491983
-0.406793611239	0.911316671399	0.063410427265	-0.372642289876
0.650727297194	0.240354773618	0.720266317057	0.530812189168
0.000000000000	0.000000000000	0.000000000000	1.000000000000
13	16	60
0.823543093459	0.231321862016	-0.517944948204	0.747350008612
-0.255908223547	0.966385409296	0.024702668278	-0.723213327224
0.506248707986	0.112202659739	0.855057196221	0.516284548128
0.000000000000	0.000000000000	0.000000000000	1.000000000000
13	17	60
0.687043085303	0.431765401908	-0.584423165740	0.680687005382
-0.348160443171	0.901580180991	0.256782949306	-0.690048272301
0.637774336853	0.027052078639	0.769748062870	0.425842124870
0.000000000000	0.000000000000	0.000000000000	1.000000000000
13	18	60
0.818292155145	0.402194502023	-0.410655002857	0.602545819841
-0.319432776084	0.912140808124	0.256830387062	-0.755019396938
0.477870955795	-0.078985623361	0.874871773982	0.649314277872
0.000000000000	0.000000000000	0.000000000000	1.000000000000
14	15	60
0.853055373798	0.230550697320	-0.468127018233	0.513162382939
-0.225406012448	0.971895702336	0.067903411792	-0.106155350537
0.470625816107	0.047593274171	0.881048364999	0.179565608730
0.000000000000	0.000000000000	0.000000000000	1.000000000000
14	16	60
0.970977299684	0.085841114160	-0.223236167808	0.324850499936
-0.072470266367	0.995088651638	0.067428746641	-0.465188689481
0.227927935959	-0.049293797791	0.972429420322	0.223479452362
0.000000000000	0.000000000000	0.000000000000	1.000000000000
14	17	60
0.887520747769	0.268359154517	-0.374553449412	0.290160511223
-0.171220896583	0.946763901372	0.272619734488	-0.458352695062
0.427773686490	-0.177824293183	0.886221300749	0.171370848966
0.000000000000	0.000000000000	0.000000000000	1.000000000000
14	18	60
0.970287131839	0.176768212261	-0.165214651049	0.243812110364
-0.123990688926	0.949617593936	0.287841509076	-0.471685020099
0.207771968386	-0.258803833862	0.943319343982	0.391618934289
0.000000000000	0.000000000000	0.000000000000	1.000000000000
14	20	60
0.987936920066	0.102790927069	-0.115821704716	0.347347715913
-0.091730558650	0.991038810820	0.097095726262	-0.770782098833
0.124764364226	-0.085300063078	0.988512899591	0.908195553117
0.000000000000	0.000000000000	0.000000000000	1.000000000000
14	21	60
0.677584781940	0.525301228761	-0.514720780953	0.243974509984
-0.372124961096	0.848557164305	0.376129967213	-0.710530244669
0.634351540245	-0.063319491228	0.770447120456	1.040585687636
0.000000000000	0.000000000000	0.000000000000	1.000000000000
15	16	60
0.956261650249	-0.175273507225	0.234185511780	-0.016840231663
0.162078143836	0.983953494043	0.074606949085	-0.408340036333
-0.243504274200	-0.033387411189	0.969324996696	0.105154699833
0.000000000000	0.000000000000	0.000000000000	1.000000000000
15	17	60
0.997595504715	-0.062222602391	0.030521414191	-0.083865798818
0.054604750864	0.976870957061	0.206740064898	-0.364375481053
-0.042679387948	-0.204576345169	0.977919725152	0.059533191821
0.000000000000	0.000000000000	0.000000000000	1.000000000000
15	18	60
0.956703677639	-0.196770647584	0.214474673194	-0.008870733095
0.125397649590	0.943617937127	0.306366803373	-0.427551671507
-0.262666142983	-0.266207627578	0.927437327451	0.278955309622
0.000000000000	0.000000000000	0.000000000000	1.000000000000
15	21	60
0.956687860494	0.235040108768	-0.171768695791	0.318040386802
-0.183109674128	0.944539411653	0.272609880736	-0.597406444723
0.226316558882	-0.229350053639	0.946667506610	0.843393710739
0.000000000000	0.000000000000	0.000000000000	1.000000000000
16	17	60
0.973020940623	0.150834835682	-0.174582649349	-0.057455538307
-0.118427757398	0.975929301796	0.183130729737	0.023560101187
0.198002816613	-0.157514603263	0.967462678542	-0.045585805568
0.000000000000	0.000000000000	0.000000000000	1.000000000000
16	18	60
0.997909190681	0.049578340633	0.041463662341	-0.053093251956
-0.057616300718	0.973083421188	0.223134527359	-0.011483447963
-0.029284962801	-0.225056978448	0.973905409886	0.183299566799
0.000000000000	0.000000000000	0.000000000000	1.000000000000
16	19	60
0.954038623945	-0.093855706644	0.284607467139	0.263120102151
0.039840037423	0.980984508426	0.189953061692	-0.428312451721
-0.297023695080	-0.169883785449	0.939636325395	0.764978946167
0.000000000000	0.000000000000	0.000000000000	1.000000000000
16	20	60
0.993816648130	0.008998541718	0.110668406269	0.197890333013
-0.016198943932	0.997796750270	0.064336920702	-0.380810059602
-0.109845637668	-0.065731814192	0.991772788742	0.636110407849
0.000000000000	0.000000000000	0.000000000000	1.000000000000
16	21	60
0.831272060030	0.441699001040	-0.337474080031	0.084935335613
-0.356730377034	0.889507461217	0.285516925139	-0.294706173214
0.426298252769	-0.116954986725	0.896990150875	0.797424185772
0.000000000000	0.000000000000	0.000000000000	1.000000000000
17	18	60
0.980037502252	-0.094389756496	0.174977335815	0.106133917581
0.081419304858	0.993472607451	0.079894148976	-0.098565791774
-0.181376379325	-0.064052729159	0.981325561122	0.205586782195
0.000000000000	0.000000000000	0.000000000000	1.000000000000
17	21	60
0.936822717090	0.288931123866	-0.197185198242	0.378905207105
-0.278721813014	0.957172766874	0.078322699801	-0.398119475633
0.211370167466	-0.018414668484	0.977232598868	0.716806260939
0.000000000000	0.000000000000	0.000000000000	1.000000000000
17	22	60
0.603719401748	0.657163056150	-0.451286606919	0.308706216534
-0.588271035762	0.749289798888	0.304141391078	-0.260658841696
0.538014937002	0.081862781009	0.838950780826	0.741342962788
0.000000000000	0.000000000000	0.000000000000	1.000000000000
18	19	60
0.945520069601	-0.157218906613	0.285085975428	0.282265465616
0.177485007770	0.983022768248	-0.046532882162	-0.470540565788
-0.272930155899	0.094596260544	0.957371755115	0.474576250507
0.000000000000	0.000000000000	0.000000000000	1.000000000000
18	20	60
0.993809979407	-0.051348953979	0.098514007919	0.236721986438
0.067896398703	0.982620471457	-0.172763098249	-0.418866479430
-0.087930676526	0.178382437473	0.980024439556	0.365314035994
0.000000000000	0.000000000000	0.000000000000	1.000000000000
18	21	60
0.854280268125	0.380331297462	-0.354335050007	0.110424399262
-0.390592127412	0.919452734661	0.045215691180	-0.387029531533
0.342991273207	0.099773608214	0.934024739291	0.522518700670
0.000000000000	0.000000000000	0.000000000000	1.000000000000
19	20	60
0.972682301594	0.100931365404	-0.209050232345	-0.018026529694
-0.133273354020	0.980134173091	-0.146885042966	0.125202377281
0.190071968670	0.170733307286	0.966810624946	-0.114516643184
0.000000000000	0.000000000000	0.000000000000	1.000000000000
20	21	60
0.803690335029	0.415454557625	-0.426003938867	-0.140626421955
-0.337877699996	0.907926177885	0.248009506585	0.042943056327
0.489816807824	-0.055385612384	0.870064324469	0.143225577341
0.000000000000	0.000000000000	0.000000000000	1.000000000000
21	22	60
0.832050637589	0.426828779238	-0.354272394779	-0.039269979051
-0.409106896580	0.903505145006	0.127710610828	0.147220797091
0.374597495532	0.038673584805	0.926380629212	0.053172575836
0.000000000000	0.000000000000	0.000000000000	1.000000000000
22	23	60
0.978292263706	-0.023597921589	-0.205881968295	-0.133184448852
-0.072932526201	0.890727424465	-0.448648528279	-0.071878636496
0.193971888154	0.453924876386	0.869670692391	-0.135763807457
0.000000000000	0.000000000000	0.000000000000	1.000000000000
23	31	60
0.992428063591	0.078851227938	-0.094175487519	-0.846823524900
-0.066974793522	0.990116819583	0.123219562618	-0.309482603680
0.102960748004	-0.115979168094	0.987900762698	0.719699321915
0.000000000000	0.000000000000	0.000000000000	1.000000000000
23	32	60
0.958453797804	-0.121290641196	0.258176098493	-0.827329561278
0.036779277373	0.950087006407	0.309809562495	-0.559242895542
-0.282866757026	-0.287442621431	0.915075481670	0.689697004610
0.000000000000	0.000000000000	0.000000000000	1.000000000000
23	42	60
0.074857805587	-0.432355707605	0.898590480165	-2.820323141855
0.400522407765	0.838274831003	0.369969064363	-0.882939182333
-0.913224019516	0.332210550417	0.235919563349	2.513946244325
0.000000000000	0.000000000000	0.000000000000	1.000000000000
24	25	60
0.825335901345	0.126131904395	-0.550373866244	0.025586334282
-0.161986514012	0.986649984838	-0.016798115892	0.009377615035
0.540907588437	0.103017232116	0.834749322047	0.097828011548
0.000000000000	0.000000000000	0.000000000000	1.000000000000
24	26	60
0.782739244019	0.243110357827	-0.572901937324	0.044035515284
-0.223881417832	0.968913972131	0.105274998731	0.011447631343
0.580686134346	0.045859225086	0.812834881666	0.135878156968
0.000000000000	0.000000000000	0.000000000000	1.000000000000
24	28	60
0.646854173927	0.214693125676	-0.731769457862	0.022495389440
-0.228566726266	0.970022018020	0.082550204123	0.047675339695
0.727555447590	0.113860205269	0.676534496045	0.097850480124
0.000000000000	0.000000000000	0.000000000000	1.000000000000
24	29	60
0.956451850476	0.130419710796	-0.261133216494	0.074471955948
-0.075141508827	0.974490368774	0.211476416694	0.079119216467
0.282052497545	-0.182645066187	0.941853050335	0.045054894961
0.000000000000	0.000000000000	0.000000000000	1.000000000000
24	30	60
0.995881705807	0.003677275521	-0.090587558107	-0.115819503653
-0.012421316460	0.995289118946	-0.096152382217	-0.131426481952
0.089807232094	0.096881615147	0.991235902150	0.403320126586
0.000000000000	0.000000000000	0.000000000000	1.000000000000
24	31	60
0.915195246858	-0.123782568336	0.383530358518	-0.368342537387
0.060857029469	0.983197367654	0.172102754777	-0.266416466850
-0.398389359915	-0.134167104813	0.907350597009	0.942033551654
0.000000000000	0.000000000000	0.000000000000	1.000000000000
25	26	60
0.997014918233	0.061378345873	-0.046839635769	0.043101671321
-0.055202644607	0.990827169918	0.123345804063	-0.013405855431
0.053980745173	-0.120391934985	0.991257716813	0.025013536408
0.000000000000	0.000000000000	0.000000000000	1.000000000000
25	27	60
0.906151851847	0.137017617326	-0.400143716603	0.046445536860
-0.139181431235	0.989980740574	0.023804673723	0.041012856463
0.399396232574	0.034121926000	0.916143189448	0.079704113983
0.000000000000	0.000000000000	0.000000000000	1.000000000000
25	28	60
0.956821030335	0.078399968379	-0.279905271239	0.041079213923
-0.070413001392	0.996774936289	0.038493319178	0.077254642760
0.282020433913	-0.017122247063	0.959255598634	-0.023477588218
0.000000000000	0.000000000000	0.000000000000	1.000000000000
25	29	60
0.952761618694	-0.141222354328	0.268889465361	-0.043088984326
0.075651372173	0.967766216389	0.240219525235	0.151878734397
-0.294146507428	-0.208530086687	0.932734171731	-0.088562529632
0.000000000000	0.000000000000	0.000000000000	1.000000000000
26	27	60
0.917134173571	0.032432004071	-0.397256935472	0.078232915250
-0.077110730368	0.992291546379	-0.097012485010	-0.001885410005
0.391048389500	0.119606237704	0.912565342850	0.061250355574
0.000000000000	0.000000000000	0.000000000000	1.000000000000
26	28	60
0.977190878187	0.018477444727	-0.211557490115	-0.027050430815
-0.035087681185	0.996563682949	-0.075031196550	0.035808731919
0.209444126718	0.080742862613	0.974481271200	-0.009009777259
0.000000000000	0.000000000000	0.000000000000	1.000000000000
26	29	60
0.936546960782	-0.216192034892	0.275936214187	0.007090426342
0.169444409414	0.968298088694	0.183541285685	0.058123975480
-0.306868672837	-0.125139184438	0.943489163769	-0.080885878291
0.000000000000	0.000000000000	0.000000000000	1.000000000000
27	28	60
0.983695007420	-0.097069081959	0.151399226238	-0.028567649875
0.092017931882	0.994952144793	0.040036605554	0.006220772872
-0.154521301411	-0.025452365311	0.987661553626	-0.042564092504
0.000000000000	0.000000000000	0.000000000000	1.000000000000
28	29	60
0.848422006454	-0.265173249815	0.458108334946	0.035470406947
0.164589326242	0.954724102757	0.247814933573	0.057857988886
-0.503080960335	-0.134851900976	0.853653625396	-0.074048834556
0.000000000000	0.000000000000	0.000000000000	1.000000000000
29	30	60
0.980336009809	-0.036324337367	0.193963528495	-0.056410264654
0.092610633046	0.952635143696	-0.289671458108	-0.299383675766
-0.174254350070	0.301938446559	0.937266555453	0.334720330907
0.000000000000	0.000000000000	0.000000000000	1.000000000000
29	31	60
0.784842317775	-0.239134377671	0.571696847678	-0.082844150462
0.243461220608	0.967352169491	0.070401805666	-0.609723181749
-0.569867677878	0.083931696019	0.817438866285	0.839502307710
0.000000000000	0.000000000000	0.000000000000	1.000000000000
30	31	60
0.913593271955	-0.128440092939	0.385811451314	-0.096137953937
0.008197119930	0.954428464335	0.298327192344	-0.137530162658
-0.406546603311	-0.269387173030	0.873012262424	0.537405533528
0.000000000000	0.000000000000	0.000000000000	1.000000000000
30	32	60
0.678600584342	-0.350474774631	0.645498783328	-0.091422091747
0.022856463629	0.888468910284	0.458367295440	-0.359964932255
-0.734151775181	-0.296294495065	0.610926135627	0.542837090084
0.000000000000	0.000000000000	0.000000000000	1.000000000000
31	32	60
0.919419791535	-0.221137099498	0.325216282126	0.048445442293
0.162834101182	0.966779936254	0.197032003361	-0.195029900491
-0.357983662235	-0.128198822466	0.924885268285	-0.068735406505
0.000000000000	0.000000000000	0.000000000000	1.000000000000
31	33	60
0.966325679668	-0.102454074660	0.236046273851	-0.054606374520
0.119128459910	0.991214870608	-0.057458596621	-0.493484619820
-0.228085709445	0.083643546504	0.970041579663	0.408997732154
0.000000000000	0.000000000000	0.000000000000	1.000000000000
31	47	60
0.054200508657	-0.306345797521	0.950376008327	-2.219364271836
0.599466315746	0.771153876620	0.214387114493	-0.683806121733
-0.798562734635	0.558098513630	0.225440918949	1.658976223434
0.000000000000	0.000000000000	0.000000000000	1.000000000000
31	48	60
0.521487472108	-0.235465229693	0.820126174464	-2.434857844872
0.503402644776	0.860970944117	-0.072902747678	-0.620759726528
-0.688938744496	0.450871554871	0.567519380586	1.702641516710
0.000000000000	0.000000000000	0.000000000000	1.000000000000
33	34	60
0.883919193734	0.140280603221	-0.446103363929	-0.367512794918
-0.170678505261	0.984915320420	-0.028472081841	-0.238645422862
0.435379956809	0.101307274972	0.894528439597	0.614399001451
0.000000000000	0.000000000000	0.000000000000	1.000000000000
33	36	60
0.871104095308	0.114148835107	-0.477648090733	-0.475902306604
-0.098642856537	0.993459164071	0.057519354806	-0.318580234298
0.481089640287	-0.002988773442	0.876666313509	0.950599070186
0.000000000000	0.000000000000	0.000000000000	1.000000000000
33	38	60
0.968031269985	-0.209979242310	0.137201232247	-0.986448327883
0.195329850379	0.974224695345	0.112838346902	-0.662750462659
-0.157358539273	-0.082431552088	0.984095183068	1.174059264469
0.000000000000	0.000000000000	0.000000000000	1.000000000000
33	41	60
0.467987713662	-0.465505235345	0.751193966781	-1.556028228918
0.384437864014	0.872615498463	0.301246942813	-0.397997378566
-0.795735526776	0.147807536035	0.587331170395	1.220043378808
0.000000000000	0.000000000000	0.000000000000	1.000000000000
33	42	60
0.198002312787	-0.542344229385	0.816491164058	-1.997641227554
0.505170591051	0.770298945487	0.389155763826	-0.301823787435
-0.839998665516	0.335413582663	0.426497327655	1.045475671903
0.000000000000	0.000000000000	0.000000000000	1.000000000000
33	47	60
0.346415595316	-0.370269049932	0.861914767239	-2.416269642991
0.478123134904	0.860197228175	0.177366841629	0.013180359041
-0.807090145642	0.350658750500	0.475019933799	0.705145680677
0.000000000000	0.000000000000	0.000000000000	1.000000000000
33	48	60
0.741621408546	-0.237695810134	0.627294498805	-2.564058074306
0.367783939012	0.926119865307	-0.083886645469	0.137934150680
-0.561010392588	0.292920973862	0.774251020329	0.641311590814
0.000000000000	0.000000000000	0.000000000000	1.000000000000
34	35	60
0.945834642734	0.030331827400	-0.323228725288	-0.113910931050
-0.100045814056	0.974403614356	-0.201316744012	-0.070430741685
0.308848933452	0.222750031596	0.924659266827	0.020786018077
0.000000000000	0.000000000000	0.000000000000	1.000000000000
34	36	60
0.998479676159	-0.049731145722	-0.023772871976	0.012255820624
0.051052461240	0.996972357015	0.058649514482	-0.028274349267
0.020784188656	-0.059774011852	0.997995533562	0.371338427680
0.000000000000	0.000000000000	0.000000000000	1.000000000000
34	37	60
0.957983032191	-0.243826219869	0.151053912690	-0.163612047850
0.194358376779	0.939131731460	0.283295627111	-0.411890109883
-0.210934424433	-0.242033810590	0.947061932041	0.754593075001
0.000000000000	0.000000000000	0.000000000000	1.000000000000
35	50	60
0.767368058770	-0.202795143338	0.608293015099	-1.590543477915
0.081591146441	0.971839489021	0.221067619523	0.097407447178
-0.635994612557	-0.120008905577	0.762304870364	1.214546401924
0.000000000000	0.000000000000	0.000000000000	1.000000000000
36	37	60
0.962309544244	-0.198115405471	0.186307882741	-0.182567943565
0.157299569780	0.964316907752	0.212954799832	-0.403390805307
-0.221849467890	-0.175622286569	0.959134832053	0.367749241203
0.000000000000	0.000000000000	0.000000000000	1.000000000000
36	48	60
0.342183026703	-0.224216980892	0.912489737869	-1.959587178206
0.449004529473	0.892082749231	0.050826184575	0.066661619800
-0.825412447658	0.392320167727	0.405930015206	0.658841599336
0.000000000000	0.000000000000	0.000000000000	1.000000000000
36	49	60
0.804886149784	-0.135890646811	0.577660815700	-2.002608052915
0.246194951890	0.962169822679	-0.116693093152	0.122331088262
-0.539950304704	0.236141831183	0.807892755268	0.485155339429
0.000000000000	0.000000000000	0.000000000000	1.000000000000
37	38	60
0.909096470100	-0.163411749039	0.383197349062	-0.118468515062
0.223092874549	0.967804342320	-0.116551809558	-0.017642465316
-0.351814123334	0.191445436775	0.916283508179	0.010095113308
0.000000000000	0.000000000000	0.000000000000	1.000000000000
37	49	60
0.944963279059	-0.020103687517	0.326558177021	-1.629992004084
0.145979801827	0.919158951310	-0.365837012459	0.844986465776
-0.292804198552	0.393373440861	0.871506188926	-0.153343985630
0.000000000000	0.000000000000	0.000000000000	1.000000000000
38	39	60
0.934833337080	-0.139068819534	0.326720821678	0.180702701478
0.187803369435	0.974532067180	-0.122544459144	0.142087613092
-0.301357804467	0.175917916858	0.937142657345	0.064826386786
0.000000000000	0.000000000000	0.000000000000	1.000000000000
39	40	60
0.897470334158	-0.170134951203	0.406941147693	-0.152381532940
0.171730747219	0.984594217276	0.032905588671	0.084915645645
-0.406270291513	0.040352517707	0.912861503487	0.002169526776
0.000000000000	0.000000000000	0.000000000000	1.000000000000
40	41	60
0.998761520844	-0.002194741472	0.049705206873	-0.183960723940
-0.002679722677	0.995203570343	0.097788918913	0.257446601539
-0.049681420741	-0.097801005545	0.993965150168	-0.449021569273
0.000000000000	0.000000000000	0.000000000000	1.000000000000
41	42	60
0.972801509372	-0.132635218453	0.189908194108	-0.044592743670
0.134009481029	0.990963969617	0.005645344473	0.214833352740
-0.188940949394	0.019957698912	0.981785622168	-0.371710702016
0.000000000000	0.000000000000	0.000000000000	1.000000000000
41	43	60
0.823416721155	-0.098958486304	0.558741551444	-0.198498292177
0.193855175914	0.974489724027	-0.113092654659	0.235883207940
-0.533296422352	0.201437324632	0.821594748128	-0.551700882709
0.000000000000	0.000000000000	0.000000000000	1.000000000000
41	44	60
0.789831588950	-0.157823230248	0.592670135143	-0.379119591289
0.337208370201	0.918908692825	-0.204688371229	0.472075754389
-0.512305159219	0.361522671826	0.779002427207	-0.355084303595
0.000000000000	0.000000000000	0.000000000000	1.000000000000
41	45	60
0.743265595928	-0.107284905632	0.660337946004	-0.545515809630
0.335113908217	0.913999043594	-0.228701589040	0.428061752978
-0.579012022699	0.391274452697	0.715296707833	-0.158077653679
0.000000000000	0.000000000000	0.000000000000	1.000000000000
41	46	60
0.918472190231	-0.038873591914	0.393570425240	-0.050231813397
0.139090451809	0.963332299458	-0.229444387677	0.480734321484
-0.370219775252	0.265480177551	0.890200872466	-0.545454868761
0.000000000000	0.000000000000	0.000000000000	1.000000000000
41	47	60
0.993748727163	-0.075209222854	0.082504788103	0.179609892700
0.089594905313	0.978176249302	-0.187467272458	0.680523117153
-0.066604956304	0.193687372067	0.978799765885	-0.820860095959
0.000000000000	0.000000000000	0.000000000000	1.000000000000
41	48	60
0.925852427711	0.038469861256	-0.375922002384	0.254862672109
-0.118294704276	0.974310166394	-0.191640451372	0.715045483610
0.358892247119	0.221900359254	0.906618213760	-0.921816202098
0.000000000000	0.000000000000	0.000000000000	1.000000000000
42	43	60
0.929323986859	-0.082839135712	0.359853588343	-0.072531786847
0.136897372317	0.982358962001	-0.127396935715	-0.040246673675
-0.342951945469	0.167656038875	0.924270207097	-0.223429904688
0.000000000000	0.000000000000	0.000000000000	1.000000000000
42	44	60
0.930286545636	-0.090841978771	0.355407762861	-0.200893093727
0.181009595958	0.956365099030	-0.229349784233	0.195675442342
-0.319064992094	0.277693234072	0.906136854217	-0.074315477433
0.000000000000	0.000000000000	0.000000000000	1.000000000000
42	45	60
0.892820566199	-0.084856171072	0.442346998186	-0.429749527603
0.222908901881	0.936634223123	-0.270236847111	0.220812681408
-0.391386072868	0.339876098461	0.855161493321	0.043511964350
0.000000000000	0.000000000000	0.000000000000	1.000000000000
42	46	60
0.984043210750	0.012631876650	0.177480689286	0.075057054368
0.037141435810	0.960920135437	-0.274322815417	0.303713345673
-0.174009979953	0.276537391694	0.945117769314	-0.152861255318
0.000000000000	0.000000000000	0.000000000000	1.000000000000
42	47	60
0.991223580027	0.003366233395	-0.132153255240	0.354921921281
-0.025772327906	0.985414860111	-0.168206244194	0.399563240622
0.129659560049	0.170135892581	0.976853201123	-0.377137681149
0.000000000000	0.000000000000	0.000000000000	1.000000000000
42	48	60
0.834096615305	0.137440689892	-0.534221763969	0.362375173765
-0.255962041125	0.954321944647	-0.154120275979	0.535184321457
0.488637155607	0.265291693662	0.831176303460	-0.516473432126
0.000000000000	0.000000000000	0.000000000000	1.000000000000
43	44	60
0.998913825305	-0.040649326242	-0.022777223059	-0.113540838578
0.037972173861	0.993460555245	-0.107676548908	0.275597349721
0.027005251832	0.106694692691	0.993925026813	0.049090438468
0.000000000000	0.000000000000	0.000000000000	1.000000000000
43	45	60
0.992606320675	-0.076888875377	0.093919076868	-0.404603120961
0.090372914221	0.984701747461	-0.148980552159	0.304237213187
-0.081027332004	0.156366778408	0.984369850249	0.086907552248
0.000000000000	0.000000000000	0.000000000000	1.000000000000
43	46	60
0.967402304971	0.073902916706	-0.242221260915	0.255319054404
-0.096034220818	0.992088418898	-0.080857884708	0.232577090271
0.234329274246	0.101483634099	0.966845832199	0.077625130183
0.000000000000	0.000000000000	0.000000000000	1.000000000000
43	47	60
0.859799405844	0.087988112956	-0.502994109001	0.561477114288
-0.100688076462	0.994916176414	0.001926958143	0.388027071440
0.500606525097	0.048988711840	0.864287691190	-0.039877087866
0.000000000000	0.000000000000	0.000000000000	1.000000000000
44	45	60
0.994104921369	-0.008811595529	0.108063689988	-0.283157389654
0.014652499737	0.998466964736	-0.053376254852	0.065753517057
-0.107427694572	0.054645000822	0.992710035370	0.035758225203
0.000000000000	0.000000000000	0.000000000000	1.000000000000
44	46	60
0.971395645055	0.110933740750	-0.209962391706	0.354589060150
-0.109551001373	0.993813770823	0.018241902896	-0.028393193718
0.210687158759	0.005281485231	0.977539271358	0.022947334200
0.000000000000	0.000000000000	0.000000000000	1.000000000000
44	47	60
0.882874994135	0.139558806008	-0.448391664057	0.608155194097
-0.071858907915	0.983724538184	0.164688585904	-0.049203704161
0.464077625063	-0.113178499017	0.878534339270	-0.112632333592
0.000000000000	0.000000000000	0.000000000000	1.000000000000
45	46	60
0.948604146958	0.130698666371	-0.288215251129	0.561127491202
-0.123661965892	0.991410796761	0.042571707250	-0.019748346356
0.291303777123	-0.004742433486	0.956618847169	0.016779701462
0.000000000000	0.000000000000	0.000000000000	1.000000000000
45	47	60
0.824543806062	0.147085734574	-0.546345402259	0.918612267716
-0.061898213400	0.983272980149	0.171297570583	-0.010638757636
0.562402100870	-0.107424546518	0.819855989636	-0.057125975450
0.000000000000	0.000000000000	0.000000000000	1.000000000000
46	47	60
0.951044696008	0.013982657207	-0.308736896877	0.333316445577
0.022303936898	0.993265796675	0.113690771634	0.010011235813
0.308247498927	-0.115011053613	0.944328299349	-0.178478944557
0.000000000000	0.000000000000	0.000000000000	1.000000000000
46	48	60
0.733759242242	0.132990385607	-0.666266412000	0.318049948734
-0.109326949172	0.990987453183	0.077404688606	0.120573502127
0.670555734155	0.016044468502	0.741685635847	-0.365817809496
0.000000000000	0.000000000000	0.000000000000	1.000000000000
47	48	60
0.866214993291	0.180171792345	-0.466057625881	0.117916714623
-0.182734788237	0.982342905700	0.040129948771	-0.034905943335
0.465058687228	0.050403778266	0.883843807791	-0.114514133494
0.000000000000	0.000000000000	0.000000000000	1.000000000000
48	49	60
0.840139771055	0.175170140750	-0.513303601080	0.134760114603
-0.168479502647	0.983877197204	0.060002650028	0.041308006856
0.515538380996	0.036070522760	0.856106941397	-0.097443233307
0.000000000000	0.000000000000	0.000000000000	1.000000000000
48	50	60
0.670062631658	0.298080806886	-0.679826376527	0.249274401464
-0.243943050808	0.953390585235	0.177589920741	-0.037751923739
0.701076213844	0.046842550662	0.711546145959	-0.171752395705
0.000000000000	0.000000000000	0.000000000000	1.000000000000
49	50	60
0.963111092539	0.120847357262	-0.240443215066	0.087943705503
-0.111071438857	0.992352157805	0.053854715399	0.006209036152
0.245112543332	-0.025161699926	0.969168060740	-0.124500300998
0.000000000000	0.000000000000	0.000000000000	1.000000000000
49	51	60
0.925766196518	0.083529822358	-0.368754278839	0.026864530368
-0.074690670317	0.996474524327	0.038207671165	-0.328337517968
0.370645724584	-0.007828866144	0.928741328736	-0.009917480811
0.000000000000	0.000000000000	0.000000000000	1.000000000000
50	51	60
0.988638830161	-0.055174217827	-0.139817985915	0.037137444728
0.046342427700	0.996765627123	-0.065655646981	-0.275190968611
0.142988261381	0.058430217121	0.987998110744	0.113197833272
0.000000000000	0.000000000000	0.000000000000	1.000000000000
51	55	60
0.880748871320	0.195157760144	-0.431503040922	1.292038241877
-0.141521428146	0.977969928216	0.153448704393	-0.138253256986
0.451943703402	-0.074082846598	0.888964915391	0.739164695650
0.000000000000	0.000000000000	0.000000000000	1.000000000000
52	53	60
0.907330891413	0.162203747070	-0.387866727012	0.627176931629
-0.158859421535	0.986453194543	0.040911846283	0.105340334456
0.389248426685	0.024495701928	0.920807049772	0.041893374628
0.000000000000	0.000000000000	0.000000000000	1.000000000000
52	54	60
0.817651533368	0.145352486683	-0.557062496131	1.079793526109
-0.189515786899	0.981630367743	-0.022036053200	0.062548049252
0.543626467804	0.123589949994	0.830178166278	-0.154863144306
0.000000000000	0.000000000000	0.000000000000	1.000000000000
52	55	60
0.974013866564	0.022856110222	-0.225332168069	1.232195435258
-0.035365419525	0.998039617281	-0.051635350667	0.237838850981
0.223710247514	0.058262514211	0.972912742539	-0.181110052317
0.000000000000	0.000000000000	0.000000000000	1.000000000000
53	54	60
0.985462654096	-0.003301363582	-0.169860114155	0.377771567517
-0.021266534634	0.989550049680	-0.142612880494	0.126604769050
0.168555901371	0.144152003721	0.975094409756	-0.308749909221
0.000000000000	0.000000000000	0.000000000000	1.000000000000
53	55	60
0.978247892157	-0.088231898095	0.187739696517	0.500395752542
0.097705996941	0.994336905865	-0.041804973343	0.171941843982
-0.182987976795	0.059238921268	0.981328767822	-0.393300301307
0.000000000000	0.000000000000	0.000000000000	1.000000000000
53	56	60
0.862981122155	0.294443723539	-0.410568479638	0.445987078533
-0.197186873881	0.944467767105	0.262864934269	0.273967002487
0.465167625241	-0.145888760937	0.873118290875	-0.337447892596
0.000000000000	0.000000000000	0.000000000000	1.000000000000
53	58	60
0.703388990151	0.074706490807	-0.706868353207	0.504632968332
-0.217482668505	0.969388580990	-0.113960817591	0.195070675530
0.676716497090	0.233890400140	0.698104622022	-0.533641657516
0.000000000000	0.000000000000	0.000000000000	1.000000000000
54	55	60
0.933953309028	-0.134951289470	0.330937102824	0.137560915919
0.107668979236	0.989193117682	0.099520685494	0.061794338039
-0.340791149335	-0.057316013481	0.938390253111	-0.104309440880
0.000000000000	0.000000000000	0.000000000000	1.000000000000
56	57	60
0.959974612971	-0.015447626723	-0.279660711006	0.028864193168
-0.126109521075	0.867704111581	-0.480818014887	0.070074836101
0.250090246003	0.496840966079	0.831025825880	-0.207674714292
0.000000000000	0.000000000000	0.000000000000	1.000000000000
56	58	60
0.957880290771	0.012735572134	-0.286885262352	-0.001388529394
-0.137853275015	0.896773843836	-0.420467772342	0.005072463546
0.251916301815	0.442305865000	0.860757630618	-0.218552681398
0.000000000000	0.000000000000	0.000000000000	1.000000000000
56	59	60
0.804096043311	0.310545662422	-0.506942743003	0.076410313119
-0.354905218499	0.934851577600	0.009737234737	-0.138778968988
0.476940079060	0.172086953047	0.861924730807	0.245727561359
0.000000000000	0.000000000000	0.000000000000	1.000000000000
57	58	60
0.999723377654	-0.022925682087	0.005251787598	-0.017385013341
0.022803959429	0.999494104697	0.022170117529	-0.026980690352
-0.005757395810	-0.022044223228	0.999740418617	0.008791912113
0.000000000000	0.000000000000	0.000000000000	1.000000000000
58	59	60
0.933238016845	0.233756080644	-0.272809271613	0.204844080998
-0.117471669946	0.916176683151	0.383171883115	0.057375675408
0.339510251209	-0.325543207596	0.882470628017	0.430173939202
0.000000000000	0.000000000000	0.000000000000	1.000000000000
