1	2	60
0.851796280700	-0.118907596222	0.510200038951	-0.266642301342
0.100920961606	0.992903100579	0.062915756133	0.014424819522
-0.514060361916	-0.002101528529	0.857751437122	0.309187616990
0.000000000000	0.000000000000	0.000000000000	1.000000000000
2	3	60
0.828269428427	-0.150754740527	0.539669122836	-0.595346472164
0.130097491004	0.988547352881	0.076477277321	-0.064866607885
-0.545017794910	0.006865808079	0.838396364443	0.149871158252
0.000000000000	0.000000000000	0.000000000000	1.000000000000
2	5	60
0.712169734833	-0.152830761919	0.685169341841	-1.029165597449
0.101293849783	0.988172178225	0.115131673220	-0.102250197916
-0.694660942319	-0.012589852800	0.719227134376	0.227710634806
0.000000000000	0.000000000000	0.000000000000	1.000000000000
2	7	60
0.839179191291	-0.080781007173	0.537822195325	-0.954287500243
0.111064232811	0.993521713715	-0.024069494531	-0.054666320592
-0.532393671163	0.079931428468	0.842714628833	0.353918494619
0.000000000000	0.000000000000	0.000000000000	1.000000000000
3	4	60
0.955176030328	-0.010232545666	0.295861531964	-0.395159149085
-0.014375669225	0.996620177982	0.080879916993	0.083575185547
-0.295689180088	-0.081507765567	0.951800605658	-0.358194879901
0.000000000000	0.000000000000	0.000000000000	1.000000000000
3	5	60
0.977966630241	0.011116918852	0.208465067217	-0.445851454296
-0.018279801379	0.999305692631	0.032465081815	-0.012672396137
-0.207959416705	-0.035560466687	0.977490835871	-0.165750672352
0.000000000000	0.000000000000	0.000000000000	1.000000000000
3	6	60
0.987068262503	0.039230581066	0.155425888023	-0.455817191659
0.004834470066	0.961864474898	-0.273483746918	0.025646829339
-0.160227566472	0.270698528696	0.949236236932	-0.004318690278
0.000000000000	0.000000000000	0.000000000000	1.000000000000
3	7	60
0.999210228030	0.018920137869	-0.034942074678	-0.322751907611
-0.019463334091	0.999693934194	-0.015271429619	-0.120766196525
0.034642442550	0.015939457945	0.999272652910	-0.020554389111
0.000000000000	0.000000000000	0.000000000000	1.000000000000
3	38	60
0.414114892047	-0.485874479127	0.769697893149	-2.227865226504
0.346454013309	0.866101713705	0.360329624343	-0.494472427686
-0.841711632833	0.117447060631	0.526998780931	1.448986089102
0.000000000000	0.000000000000	0.000000000000	1.000000000000
3	39	60
0.093809442030	-0.279196735433	0.955640607922	-2.233971770467
0.250724415456	0.935562048856	0.248718556273	-0.525488883622
-0.963502494071	0.216270283821	0.157765992076	1.554330496252
0.000000000000	0.000000000000	0.000000000000	1.000000000000
3	40	60
0.047769803605	-0.448256784434	0.892627526504	-1.908919777344
0.270662655851	0.866022894475	0.420411789764	-0.616587578297
-0.961488311209	0.221517948379	0.162696115365	1.755533075011
0.000000000000	0.000000000000	0.000000000000	1.000000000000
3	41	60
-0.156632191057	-0.487343872650	0.859047324957	-1.676664784539
0.211669277667	0.833009499609	0.511166597552	-0.728577464574
-0.964708491523	0.261899070924	-0.027320377596	1.792771550357
0.000000000000	0.000000000000	0.000000000000	1.000000000000
3	45	60
-0.098142563704	-0.032301156966	0.994648014349	-1.998732017664
0.249739286042	0.966690409862	0.056035171892	-0.740471173938
-0.963326697542	0.253902120394	-0.086806607253	1.561102081565
0.000000000000	0.000000000000	0.000000000000	1.000000000000
3	46	60
0.078544293747	-0.223631020780	0.971503968322	-2.424972994791
0.247673011478	0.948338164837	0.198274568464	-0.699882076758
-0.965654634590	0.225041977549	0.129873919767	1.553294326125
0.000000000000	0.000000000000	0.000000000000	1.000000000000
3	47	60
-0.128263154944	-0.504242712250	0.853983518709	-1.698063614011
0.224533441389	0.823971690796	0.520245505954	-0.758441107204
-0.965988248780	0.258476188285	0.007534142831	1.760211249888
0.000000000000	0.000000000000	0.000000000000	1.000000000000
4	5	60
0.996273116041	0.022126478344	-0.083368442534	-0.122341583781
-0.026375409233	0.998390156221	-0.050213880047	-0.121393101851
0.082123176036	0.052225615532	0.995252866884	0.162064398699
0.000000000000	0.000000000000	0.000000000000	1.000000000000
4	6	60
0.986530596832	-0.025839066467	-0.161523138150	-0.104653036500
-0.024188757181	0.953545319899	-0.300276917070	-0.223606569864
0.161778507657	0.300139410180	0.940076618642	0.307073150660
0.000000000000	0.000000000000	0.000000000000	1.000000000000
4	7	60
0.949409177376	-0.016005326101	-0.313633613394	-0.087048357979
-0.021832059566	0.992920278571	-0.116759074922	-0.183261366509
0.313281941849	0.117699405003	0.942338195646	0.329308730026
0.000000000000	0.000000000000	0.000000000000	1.000000000000
4	38	60
0.646883258617	-0.478111330312	0.594097303098	-2.280581575563
0.366052211809	0.878111370161	0.308100957194	-0.675312681943
-0.668990155347	0.018165280656	0.743049254510	1.148303477407
0.000000000000	0.000000000000	0.000000000000	1.000000000000
4	39	60
0.368990528896	-0.331003948258	0.868494315366	-2.309731112084
0.310424492065	0.924665159703	0.220524323280	-0.753093296457
-0.876060856511	0.188230520027	0.443944418840	1.263964382212
0.000000000000	0.000000000000	0.000000000000	1.000000000000
4	40	60
0.331248233554	-0.508780712524	0.794617388642	-2.047314497501
0.341825673666	0.849663621421	0.401530745095	-0.880378529988
-0.879448586667	0.138614274148	0.455363883517	1.495904336301
0.000000000000	0.000000000000	0.000000000000	1.000000000000
4	41	60
0.148535048709	-0.539186477948	0.828984487975	-1.873844255061
0.291761115903	0.824862509221	0.484228553608	-0.948989828744
-0.944887713198	0.169940527482	0.279834641471	1.601549513233
0.000000000000	0.000000000000	0.000000000000	1.000000000000
4	46	60
0.321328154168	-0.285533624670	0.902894659704	-2.531781846262
0.337781400122	0.925299680778	0.172407153228	-0.921699674634
-0.884676179780	0.249581750006	0.393772786000	1.254695465167
0.000000000000	0.000000000000	0.000000000000	1.000000000000
4	47	60
0.170652753407	-0.526727683053	0.832727798059	-1.887516457166
0.288118077517	0.834862661549	0.469033378087	-0.911996079884
-0.942266210347	0.159882094861	0.294231379326	1.534472812044
0.000000000000	0.000000000000	0.000000000000	1.000000000000
5	6	60
0.997929563033	-0.043435498940	-0.047433581532	-0.042683109358
0.030126809404	0.967277483726	-0.251925871701	-0.112417804317
0.056823961321	0.249975252594	0.966583369664	0.149895562255
0.000000000000	0.000000000000	0.000000000000	1.000000000000
5	7	60
0.966365297565	-0.011436334033	-0.256918901457	0.113019957483
-0.004085063457	0.998202093020	-0.059798777142	-0.071912538207
0.257140863961	0.058836993082	0.964581144501	0.183901729483
0.000000000000	0.000000000000	0.000000000000	1.000000000000
5	38	60
0.598689782116	-0.529268826910	0.601203005358	-1.987860291293
0.386342261272	0.848312707906	0.362084529856	-0.593082008912
-0.701648203835	0.015493820287	0.712355065671	1.091768539728
0.000000000000	0.000000000000	0.000000000000	1.000000000000
5	39	60
0.348414776246	-0.348974053052	0.869956466721	-2.026794561751
0.247073340931	0.929480437578	0.273899398248	-0.651779077370
-0.904191300497	0.119512453143	0.410066903870	1.178571375341
0.000000000000	0.000000000000	0.000000000000	1.000000000000
5	40	60
0.265294577548	-0.510838196164	0.817718242712	-1.789817338267
0.260837605873	0.854508854915	0.449197462409	-0.739518653666
-0.928214700641	0.094122017682	0.359942377752	1.516928720892
0.000000000000	0.000000000000	0.000000000000	1.000000000000
5	45	60
-0.020359672311	-0.046275096699	0.998721231961	-1.988600836595
0.276224196783	0.959786419697	0.050102112493	-0.769798203758
-0.960877555600	0.276891032701	-0.006758635577	1.635786968940
0.000000000000	0.000000000000	0.000000000000	1.000000000000
5	46	60
0.295355057778	-0.265161843576	0.917853248922	-2.305279073182
0.264079842200	0.945941618759	0.188298409030	-0.748015978185
-0.918165141349	0.186771653660	0.349412539272	1.247340042445
0.000000000000	0.000000000000	0.000000000000	1.000000000000
6	7	60
0.981432366030	0.018337842437	-0.190929920242	0.127652807224
0.010940163329	0.988447125095	0.151170743593	0.127873382688
0.191496276035	-0.150452665070	0.969893381686	0.010044412162
0.000000000000	0.000000000000	0.000000000000	1.000000000000
6	46	60
0.245642568981	-0.252099217601	0.936005188441	-2.219133495594
0.060516470614	0.967695142280	0.244752667792	-0.252441587222
-0.967469630060	-0.003477943601	0.252963275634	1.290433355814
0.000000000000	0.000000000000	0.000000000000	1.000000000000
7	38	60
0.370931681552	-0.522392333169	0.767799412521	-1.779124220160
0.309939158700	0.849015103915	0.427914794355	-0.488555665627
-0.875412705828	0.079243949736	0.476836440413	1.556357561807
0.000000000000	0.000000000000	0.000000000000	1.000000000000
7	46	60
0.119183708255	-0.197510348164	0.973028728278	-2.026850918871
0.145527970314	0.972904896898	0.179659877123	-0.526277354370
-0.982149099446	0.120190365503	0.144697693476	1.547830683743
0.000000000000	0.000000000000	0.000000000000	1.000000000000
8	9	60
-0.999215889522	0.014038277445	0.037020708980	-0.889952204493
-0.035410376457	-0.735145101675	-0.676984331224	2.206345893789
0.017711898999	-0.677764417958	0.735065767387	0.465220514642
0.000000000000	0.000000000000	0.000000000000	1.000000000000
8	35	60
0.972285276096	0.208352639229	0.106068466634	-1.445067819409
-0.229948892320	0.934184126810	0.272806752366	-0.370201986644
-0.042247471029	-0.289636314957	0.956203930263	0.004136282122
0.000000000000	0.000000000000	0.000000000000	1.000000000000
8	36	60
0.879319921071	-0.414877853158	0.233822247374	-1.466179968604
0.407200302172	0.909596736705	0.082593525699	-0.597462184833
-0.246950177807	0.022586357287	0.968764917896	0.378915302340
0.000000000000	0.000000000000	0.000000000000	1.000000000000
8	37	60
0.789512778678	-0.445485266331	0.422152164255	-1.445787932830
0.313135591328	0.883968233474	0.347197729907	-0.655738054743
-0.527840576071	-0.141926176905	0.837401508574	1.043128960986
0.000000000000	0.000000000000	0.000000000000	1.000000000000
8	38	60
-0.108707501676	-0.587944708417	0.801563284416	-0.978585711089
0.457299333983	0.686378148264	0.565475336973	-0.811772688679
-0.882643754987	0.428025767250	0.194252269875	1.376209588083
0.000000000000	0.000000000000	0.000000000000	1.000000000000
9	10	60
0.838965348106	0.162968355574	-0.519209456539	0.281262627574
-0.234890275794	0.969095398763	-0.075370195930	-0.186853744427
0.490880538436	0.185190235106	0.851317140557	0.429385348036
0.000000000000	0.000000000000	0.000000000000	1.000000000000
9	11	60
0.777511062889	-0.009587499170	-0.628796172814	0.430438724238
-0.287728393958	0.883665907538	-0.369251858715	-0.328060332344
0.559185942595	0.468019918074	0.684301423270	0.473396524161
0.000000000000	0.000000000000	0.000000000000	1.000000000000
9	32	60
0.616106034041	-0.153135743980	0.772633676934	-2.052194094721
0.393667639212	0.909484529132	-0.133655082610	-0.259902888708
-0.682231005346	0.386506578450	0.620623493077	-0.389404660377
0.000000000000	0.000000000000	0.000000000000	1.000000000000
9	33	60
-0.281120366043	-0.612740110293	-0.738593864742	1.965500760882
-0.781263345678	-0.300827168213	0.546928331288	-1.148379022533
-0.557314026825	0.730789006556	-0.394142744955	3.267293189076
0.000000000000	0.000000000000	0.000000000000	1.000000000000
9	35	60
0.843416804956	-0.332567132645	0.421956390403	-1.653421104506
0.287187005016	0.942836482223	0.169065052391	-0.359842523870
-0.454061358483	-0.021411914311	0.890713092223	0.016548699214
0.000000000000	0.000000000000	0.000000000000	1.000000000000
9	36	60
0.556365578058	-0.426036092510	0.713407731547	-1.432704855160
0.396214935209	0.890688129266	0.222908908528	-0.607804293570
-0.730391038191	0.158643954385	0.664350078699	0.500957952023
0.000000000000	0.000000000000	0.000000000000	1.000000000000
9	37	60
0.369443291106	-0.603976207459	0.706204216555	-0.956581985749
0.408455716804	0.788164102275	0.460392523067	-0.566525367350
-0.834670942388	0.118364220560	0.537879474626	0.867390945037
0.000000000000	0.000000000000	0.000000000000	1.000000000000
10	11	60
0.997134763695	-0.069436519955	-0.030013875595	0.076442998802
0.052338793599	0.919749808246	-0.388999924058	0.052058935311
0.054616057312	0.386314457313	0.920748731389	-0.008755993142
0.000000000000	0.000000000000	0.000000000000	1.000000000000
10	12	60
0.946406510913	-0.087144833454	-0.310999186662	0.125248769868
-0.014886877409	0.950118264871	-0.311534369917	-0.037408000149
0.322634618389	0.299467962828	0.897900797559	0.349682092424
0.000000000000	0.000000000000	0.000000000000	1.000000000000
10	32	60
0.102203576349	-0.084820200115	0.991140738056	-2.408592675643
0.349151060554	0.936028151332	0.044100304182	-0.417610992252
-0.931476229378	0.341550631045	0.125280487456	0.519281909564
0.000000000000	0.000000000000	0.000000000000	1.000000000000
10	33	60
0.630416945623	-0.188883997697	0.752925833058	-2.178870301069
0.342412037387	0.938145683735	-0.051348541769	-0.328369022421
-0.696655202610	0.290181859363	0.656099090971	0.349918529299
0.000000000000	0.000000000000	0.000000000000	1.000000000000
10	35	60
0.453523246723	-0.471212917829	0.756488632270	-1.795531798772
0.284585850584	0.880931199241	0.378115215049	-0.519205888732
-0.844587211796	0.043801920907	0.533623306646	0.593759362010
0.000000000000	0.000000000000	0.000000000000	1.000000000000
10	36	60
-0.027521571936	-0.462895185541	0.885985671600	-1.358598943459
0.326397392314	0.833580730535	0.445654471503	-0.675511909841
-0.944831892650	0.301448524434	0.128146329435	1.056191551023
0.000000000000	0.000000000000	0.000000000000	1.000000000000
11	12	60
0.947914024365	-0.036374063131	-0.316442617142	0.119033633412
0.054508290720	0.997327845372	0.048641701133	0.143960274612
0.313827737230	-0.063356896844	0.947363739525	0.386451898540
0.000000000000	0.000000000000	0.000000000000	1.000000000000
11	32	60
0.156017163566	-0.165100850456	-0.973858487590	3.179005112324
-0.916645521516	0.343114542972	-0.205020482601	0.365580067267
0.367994065927	0.924669735408	-0.097807197396	1.458514178419
0.000000000000	0.000000000000	0.000000000000	1.000000000000
11	33	60
-0.396700567297	-0.056957263522	-0.916179311073	3.015622187511
-0.768683532627	0.566159801672	0.297638548644	0.093454598567
0.501751219804	0.822325330452	-0.268378025037	1.702564050853
0.000000000000	0.000000000000	0.000000000000	1.000000000000
13	14	60
0.909733337885	0.074465281266	-0.408460739639	0.031571489750
-0.055782039137	0.996786916262	0.057482237937	-0.108207406192
0.411428752095	-0.029508735223	0.910964113725	0.435917860467
0.000000000000	0.000000000000	0.000000000000	1.000000000000
13	15	60
0.892304435816	0.209637207737	-0.399806246770	-0.000186567661
-0.091480860414	0.951230616739	0.294604083402	-0.166506774591
0.442067920123	-0.226301910976	0.867965090938	0.576297592437
0.000000000000	0.000000000000	0.000000000000	1.000000000000
13	16	60
0.889841517614	0.172579706223	-0.422372251138	-0.277956455711
-0.063977900515	0.963756023757	0.259000299068	-0.220038871430
0.451761996827	-0.203446729322	0.868631410065	0.924545553315
0.000000000000	0.000000000000	0.000000000000	1.000000000000
14	15	60
0.999155455854	0.041077739994	-0.000997153197	-0.005876661493
-0.040295042549	0.984290282963	0.171898075648	0.067638166365
0.008042672659	-0.171712719804	0.985114235647	0.125501012050
0.000000000000	0.000000000000	0.000000000000	1.000000000000
14	16	60
0.999829146402	0.018099292791	0.003754145071	-0.144782877436
-0.018442430969	0.990461616401	0.136549123671	-0.049183090236
-0.001246894025	-0.136595029324	0.990626187429	0.548799542123
0.000000000000	0.000000000000	0.000000000000	1.000000000000
15	16	60
0.999446996659	-0.031184647195	-0.011542038363	-0.085357679395
0.030639436842	0.998529107695	-0.044730817063	-0.166191007244
0.012919976016	0.044352439216	0.998932397790	0.412153059479
0.000000000000	0.000000000000	0.000000000000	1.000000000000
15	57	60
0.842413648853	-0.149762862503	0.517600549885	-2.099209630471
0.291516125845	0.934549047266	-0.204050059120	-0.605121343001
-0.453163979811	0.322783461890	0.830935162412	0.041022882208
0.000000000000	0.000000000000	0.000000000000	1.000000000000
16	24	60
0.974136037952	0.153229127884	-0.166071713215	-0.219523934395
-0.050817831412	0.864686786325	0.499734238937	-0.497611978675
0.220173857606	-0.478369727222	0.850109332089	1.367073009671
0.000000000000	0.000000000000	0.000000000000	1.000000000000
16	55	60
0.715340208877	-0.181571028611	0.674774293473	-1.736703150074
0.197938429540	0.978751796047	0.053528495646	-0.271378062114
-0.670155775678	0.095272678688	0.736080398477	0.114833121644
0.000000000000	0.000000000000	0.000000000000	1.000000000000
16	56	60
0.820163823429	-0.045960880949	0.570279668374	-1.618819835130
0.230085649112	0.939108260577	-0.255218081235	-0.220937068981
-0.523824299561	0.340533804987	0.780797560735	-0.037717086109
0.000000000000	0.000000000000	0.000000000000	1.000000000000
16	57	60
0.807032558847	0.009829914296	0.590425119508	-2.251219700673
0.180877680621	0.947685130497	-0.263013608179	-0.078394025283
-0.562122507657	0.319055271417	0.763034743748	-0.033497128992
0.000000000000	0.000000000000	0.000000000000	1.000000000000
16	58	60
0.432401749722	-0.901102434191	0.032297522074	0.377838310236
0.711338173099	0.362915379886	0.601905665810	-2.330359902534
-0.554099928108	-0.237290602716	0.797913804576	-0.568315262634
0.000000000000	0.000000000000	0.000000000000	1.000000000000
17	18	60
0.994361413858	0.089540851381	-0.056813858907	-0.305420651496
-0.092126614142	0.994745701301	-0.044650607052	-0.130798296365
0.052517288552	0.049632909216	0.997385837440	0.300853666631
0.000000000000	0.000000000000	0.000000000000	1.000000000000
17	19	60
0.999948854022	0.004946467592	0.008821666388	-0.606996829103
-0.004957835330	0.999986906934	0.001267212906	-0.248377810993
-0.008815282658	-0.001310884462	0.999960285398	0.517148499450
0.000000000000	0.000000000000	0.000000000000	1.000000000000
17	20	60
0.832253831409	-0.273220659420	0.482394062330	-0.570580563141
0.194789482622	0.958760816898	0.206965585161	-0.230703628563
-0.519047798922	-0.078282611399	0.851152874158	0.480184133097
0.000000000000	0.000000000000	0.000000000000	1.000000000000
17	21	60
0.759454159238	-0.463905071659	0.456093701453	-0.523635442570
0.188815918862	0.828078614290	0.527858273914	-0.371899282012
-0.622557570671	-0.314766410285	0.716480410169	0.541931818858
0.000000000000	0.000000000000	0.000000000000	1.000000000000
17	22	60
0.805568415397	-0.425172674256	0.412659333083	-0.546748434853
0.239926902441	0.870892497428	0.428930459875	-0.312608827417
-0.541751427871	-0.246524755327	0.803573851871	0.619911434085
0.000000000000	0.000000000000	0.000000000000	1.000000000000
17	54	60
0.965551286458	-0.167678069144	0.198984367095	-1.406747128603
0.119303509207	0.964853802193	0.234144854917	0.338312522629
-0.231251780341	-0.202339332611	0.951620412017	-0.986681429887
0.000000000000	0.000000000000	0.000000000000	1.000000000000
17	55	60
0.952938013899	-0.020759207728	0.302453627785	-1.442287602723
0.070395281835	0.985536463860	-0.154150519617	0.445112671599
-0.294879036150	0.168187198375	0.940616510775	-1.010483039496
0.000000000000	0.000000000000	0.000000000000	1.000000000000
17	56	60
0.968043606441	0.064773914503	0.242272400467	-1.440786208731
0.038355354964	0.916461284362	-0.398280781623	0.409313724677
-0.247831480594	0.394845608137	0.884690060395	-1.094860294337
0.000000000000	0.000000000000	0.000000000000	1.000000000000
17	57	60
0.982161029916	-0.033070342878	0.185110949801	-1.807052280504
0.086492405190	0.953547641647	-0.288558415150	0.203975819946
-0.166969383897	0.299421521490	0.939397667290	-1.483808242180
0.000000000000	0.000000000000	0.000000000000	1.000000000000
17	58	60
0.763069743393	-0.037595771817	0.645221763938	-2.551216143327
0.265685585236	0.928303692582	-0.260121940899	0.365117547620
-0.589182260863	0.369917304651	0.718349115127	-1.175295926651
0.000000000000	0.000000000000	0.000000000000	1.000000000000
18	19	60
0.994892106182	-0.077797513753	0.064321410978	-0.253063984469
0.080227806323	0.996122542413	-0.036102348804	-0.097716858022
-0.061263334458	0.041078307542	0.997275978103	0.211747602940
0.000000000000	0.000000000000	0.000000000000	1.000000000000
18	20	60
0.859534459118	-0.279284732586	0.428019335700	-0.185768846358
0.218436043693	0.957889066512	0.186371218464	-0.035381390915
-0.462045677833	-0.066697634143	0.884344512730	0.177727613280
0.000000000000	0.000000000000	0.000000000000	1.000000000000
18	21	60
0.768841360601	-0.391810925136	0.505338659884	-0.185427387203
0.213480077150	0.902220045986	0.374733565725	-0.089581548318
-0.602751374026	-0.180230928436	0.777307914243	0.209406460222
0.000000000000	0.000000000000	0.000000000000	1.000000000000
18	22	60
0.746959325744	-0.421381072259	0.514285677057	-0.275006907600
0.213735454188	0.884641501697	0.414399045725	-0.161263044588
-0.629578367884	-0.199618149016	0.750855294498	0.377678481700
0.000000000000	0.000000000000	0.000000000000	1.000000000000
18	23	60
0.929188178623	-0.254087828349	0.268418896861	-0.421901719939
0.106675348903	0.879684616274	0.463438610636	-0.279833716401
-0.353878084435	-0.401987999046	0.844497454099	0.530253621223
0.000000000000	0.000000000000	0.000000000000	1.000000000000
18	54	60
0.924369606024	-0.225143424564	0.307979333453	-1.328646254319
0.138065386267	0.949993916127	0.280088393969	0.361347515665
-0.355638553272	-0.216383912750	0.909230015854	-1.181885511416
0.000000000000	0.000000000000	0.000000000000	1.000000000000
18	55	60
0.896950761103	-0.105403834837	0.429382537790	-1.393330479180
0.134132441463	0.990268514984	-0.037104667888	0.281175933597
-0.421293033771	0.090875188218	0.902360171917	-1.247833963348
0.000000000000	0.000000000000	0.000000000000	1.000000000000
18	56	60
0.946068703040	-0.057743747050	0.318778400781	-1.238283534115
0.171009277770	0.924741971991	-0.340011929430	0.371305439357
-0.275154204120	0.376188709181	0.884744154567	-1.373692702404
0.000000000000	0.000000000000	0.000000000000	1.000000000000
18	57	60
0.965759858973	-0.072054814867	0.249230813607	-1.602829627871
0.151617471615	0.936288132184	-0.316822783006	0.423258464671
-0.210523245980	0.343762472043	0.915154263344	-1.664725048108
0.000000000000	0.000000000000	0.000000000000	1.000000000000
18	58	60
0.786991703845	-0.144084547669	0.599903076507	-2.005322815049
0.265883673769	0.956626940394	-0.119041038870	0.014340671885
-0.556731470372	0.253188743895	0.791167194632	-1.700048238629
0.000000000000	0.000000000000	0.000000000000	1.000000000000
19	20	60
0.893178234859	-0.199304685790	0.403125641701	0.092713033731
0.155650075387	0.978030062501	0.138673180090	0.112849229272
-0.421907211134	-0.061113329693	0.904576954232	-0.043135275322
0.000000000000	0.000000000000	0.000000000000	1.000000000000
19	22	60
0.812451632408	-0.378535602330	0.443433357751	0.015037000925
0.217798960339	0.902558490868	0.371418609439	-0.003146250153
-0.540819709213	-0.205180331247	0.815729779888	0.132596107371
0.000000000000	0.000000000000	0.000000000000	1.000000000000
19	23	60
0.981922242416	-0.136645746607	0.130983395063	-0.127145535914
0.081438672523	0.929650195718	0.359330288479	-0.104388279294
-0.170869694403	-0.342167288815	0.923972453052	0.253451497639
0.000000000000	0.000000000000	0.000000000000	1.000000000000
19	54	60
0.941404802440	-0.152263300758	0.300953294027	-1.006146307150
0.079960752476	0.967615665364	0.239428908458	0.584128701228
-0.327663357742	-0.201335072415	0.923093122393	-1.411924843437
0.000000000000	0.000000000000	0.000000000000	1.000000000000
19	55	60
0.937520004813	-0.124328202903	0.324959595240	-0.921403002942
0.134910927193	0.990805797611	-0.010144611568	0.337651179705
-0.320710589627	0.053351376580	0.945673489275	-1.590035059254
0.000000000000	0.000000000000	0.000000000000	1.000000000000
19	56	60
0.979578678744	-0.021127596904	0.199948085258	-0.721191583206
0.077079718376	0.957945314735	-0.276404578457	0.325134760975
-0.185699566947	0.286171973866	0.940011314937	-1.725699717016
0.000000000000	0.000000000000	0.000000000000	1.000000000000
19	57	60
0.987920618882	-0.059518808825	0.143074673451	-1.099640387408
0.095629624240	0.960678598235	-0.260675288168	0.394875940733
-0.121933694091	0.271208669275	0.954765956638	-2.048605088885
0.000000000000	0.000000000000	0.000000000000	1.000000000000
19	58	60
0.845319741713	-0.175543044707	0.504598031828	-1.481136349320
0.239626601593	0.968725280244	-0.064423778408	-0.010501098503
-0.477507723580	0.175373803262	0.860947386924	-2.138841252917
0.000000000000	0.000000000000	0.000000000000	1.000000000000
20	21	60
0.990471361598	-0.035705864261	0.133009673003	-0.041882464886
0.014235074973	0.987175954986	0.158999989112	-0.069564072674
-0.136981182998	-0.155591533043	0.978277787926	0.038183993665
0.000000000000	0.000000000000	0.000000000000	1.000000000000
20	22	60
0.972226278517	-0.009111833213	0.233865426809	-0.201548077929
-0.043152431881	0.975131285107	0.217386394304	-0.131334861703
-0.230030282754	-0.221440627034	0.947655062623	0.098538306461
0.000000000000	0.000000000000	0.000000000000	1.000000000000
20	23	60
0.892579515584	-0.041183888529	-0.449005229018	-0.180064307222
0.131207244779	0.976449140348	0.171265102199	-0.139240642157
0.431377407008	-0.211780460948	0.876962125227	0.151852346344
0.000000000000	0.000000000000	0.000000000000	1.000000000000
20	54	60
0.944670093694	0.086043996955	-0.316535692567	0.226252694281
0.008123624686	0.958550390622	0.284807224910	0.331434961741
0.327921363748	-0.271620285007	0.904814898181	-1.719439273028
0.000000000000	0.000000000000	0.000000000000	1.000000000000
20	55	60
-0.104742739255	-0.986814865695	0.123391164257	-0.301437607337
0.800811924073	-0.010122323356	0.598830360647	-0.470803556828
-0.589685696652	0.161536247985	0.791313351177	-0.566598188985
0.000000000000	0.000000000000	0.000000000000	1.000000000000
20	56	60
0.931904612125	0.001562680468	-0.362700085373	0.303675801553
-0.095728452907	0.965592477083	-0.241799982435	0.116526326889
0.349842617763	0.260055236885	0.899989675810	-1.864134811912
0.000000000000	0.000000000000	0.000000000000	1.000000000000
20	57	60
0.893961389043	0.043785026702	-0.445999894997	0.203162845957
-0.248585750809	0.876518231385	-0.412214646203	0.996369533631
0.372878209870	0.479373196462	0.794457789387	-2.098208767915
0.000000000000	0.000000000000	0.000000000000	1.000000000000
20	58	60
0.997227273185	0.021586511017	-0.071216487970	-0.079541310149
-0.036120742784	0.977116572545	-0.209615113003	0.301685677798
0.065061951687	0.211606300002	0.975187016034	-2.572790656514
0.000000000000	0.000000000000	0.000000000000	1.000000000000
21	22	60
0.993098879890	0.025650108197	-0.114440756338	-0.075412990391
-0.021329646924	0.999018580549	0.038819091686	-0.032260440495
0.115324155855	-0.036110215545	0.992671341084	0.044063245038
0.000000000000	0.000000000000	0.000000000000	1.000000000000
21	54	60
-0.366227749253	0.792725671291	0.487302006721	-0.459106798573
0.698975152666	-0.111335909780	0.706426253157	-0.726588208801
0.614256438007	0.599324891249	-0.513321247462	2.127792207920
0.000000000000	0.000000000000	0.000000000000	1.000000000000
21	55	60
-0.190204531439	0.957251254141	0.217927218735	-0.205886773116
-0.959164150271	-0.133858588566	-0.249170646551	-0.221467386288
-0.209347483996	-0.256421361654	0.943621595891	-0.672850676920
0.000000000000	0.000000000000	0.000000000000	1.000000000000
21	56	60
0.940956521911	0.024970030851	-0.337605274593	0.492467323600
0.119132713495	0.909057514945	0.399276634800	-0.949289802914
0.316872561843	-0.415921786014	0.852408849948	-0.308518625739
0.000000000000	0.000000000000	0.000000000000	1.000000000000
21	57	60
0.901672248416	-0.041974777065	-0.430378059997	0.178925609522
-0.236523880188	0.785320197555	-0.572126420831	1.474245375145
0.361999462068	0.617665204948	0.698173391114	-1.963068967695
0.000000000000	0.000000000000	0.000000000000	1.000000000000
21	58	60
0.949990358618	-0.172620576705	-0.260231541190	0.540031723197
0.003018857061	0.838367248197	-0.545097462526	1.337795181437
0.312264639424	0.517051732082	0.796961919615	-2.226921278552
0.000000000000	0.000000000000	0.000000000000	1.000000000000
22	23	60
0.886509688894	0.254417805338	-0.386486936163	-0.165766809321
-0.272045277835	0.962238366865	0.009417650510	-0.020392633614
0.374288576242	0.096793107505	0.922246797790	0.025476143738
0.000000000000	0.000000000000	0.000000000000	1.000000000000
22	54	60
-0.234418121641	-0.765722499170	-0.598930044755	0.215966471324
0.910203894313	-0.389266768862	0.141422252271	-0.062679324409
-0.341433763744	-0.511996520422	0.788214785482	-0.678606769699
0.000000000000	0.000000000000	0.000000000000	1.000000000000
22	55	60
0.973907703090	0.098014147244	-0.204687598064	0.099805441926
-0.183899427207	0.869346706332	-0.458712660456	1.322575900395
0.132984158959	0.484385725564	0.864688199489	-1.522861293647
0.000000000000	0.000000000000	0.000000000000	1.000000000000
22	56	60
0.943879187531	-0.143850496144	-0.297319885150	0.184613604405
-0.078414341018	0.776843841694	-0.624791834730	1.202916120777
0.320847737204	0.613042152207	0.721966792276	-1.650810598330
0.000000000000	0.000000000000	0.000000000000	1.000000000000
22	57	60
0.882404302848	-0.022122201211	-0.469971546509	0.377696098285
-0.273945167516	0.787951018649	-0.551441055241	1.455825127649
0.382513648788	0.615340393948	0.689231099173	-1.938712326921
0.000000000000	0.000000000000	0.000000000000	1.000000000000
22	58	60
0.999300017147	-0.031061762807	-0.020848084338	-0.116337843805
0.013330190749	0.816372298550	-0.577372129718	1.538662006481
0.034953994676	0.576690070187	0.816214911163	-2.274546882649
0.000000000000	0.000000000000	0.000000000000	1.000000000000
23	24	60
0.725415000310	0.523234044798	-0.447212714142	0.064874724025
-0.464504748504	0.851605716530	0.242905418201	0.170092677921
0.507945288336	0.031525195291	0.860812259508	-0.071757320789
0.000000000000	0.000000000000	0.000000000000	1.000000000000
23	54	60
0.998005519774	-0.056187596659	0.028773885416	-0.239920874165
0.057072365376	0.997891420144	-0.030910495188	1.084731400734
-0.026976426945	0.032491038518	0.999107904485	-1.635942330847
0.000000000000	0.000000000000	0.000000000000	1.000000000000
23	55	60
0.997673378653	0.035473430903	0.058219113925	-0.148238671067
-0.004269073786	0.884796774424	-0.465957554910	1.373425143411
-0.068041197338	0.464624906423	0.882889626055	-1.561925321895
0.000000000000	0.000000000000	0.000000000000	1.000000000000
23	56	60
0.888644610508	0.350033988801	0.296288647941	-1.139570402267
-0.158123667231	0.840326854844	-0.518505239017	0.951443596434
-0.430473764678	0.413916638602	0.802100588588	-1.551799468394
0.000000000000	0.000000000000	0.000000000000	1.000000000000
23	57	60
0.991456104098	0.100704782160	-0.082905611981	-0.437381778463
-0.129006191303	0.851023503243	-0.509034772421	1.220641655397
0.019292388478	0.515380969554	0.856743987413	-2.166305829220
0.000000000000	0.000000000000	0.000000000000	1.000000000000
23	58	60
0.963898704097	0.067527185623	0.257564297687	-0.662576935139
0.067291925470	0.874130573859	-0.481006794766	1.224108351100
-0.257625862459	0.480973823660	0.838029293012	-2.311836233687
0.000000000000	0.000000000000	0.000000000000	1.000000000000
24	25	60
0.908613270849	0.220362975497	-0.354770465325	-0.170135164190
-0.310541006056	0.924489431906	-0.221096299950	-0.034036237574
0.279260107417	0.311061809491	0.908435106698	-0.099116394600
0.000000000000	0.000000000000	0.000000000000	1.000000000000
25	26	60
0.911048788834	0.288923501500	-0.294131458103	-0.096522432616
-0.283118655537	0.957005392876	0.063122934760	0.025647228165
0.299723090955	0.025766029708	0.953678237385	-0.146802817309
0.000000000000	0.000000000000	0.000000000000	1.000000000000
26	27	60
0.974209000481	0.085093160094	-0.208987984075	-0.089123610144
-0.094601573683	0.994867240182	-0.035912625473	0.080342055725
0.204859380160	0.054756995141	0.977258566524	-0.087855131014
0.000000000000	0.000000000000	0.000000000000	1.000000000000
26	28	60
0.902642202354	0.111277589969	-0.415757564574	-0.179622964891
-0.169051030859	0.980028492660	-0.104718205392	0.075012559573
0.395801469799	0.164807316420	0.903426668280	-0.249822823768
0.000000000000	0.000000000000	0.000000000000	1.000000000000
26	50	60
0.987167528223	-0.159547261485	0.006703922330	-1.937196863024
0.159027919060	0.986033325331	0.049481332808	0.166588167030
-0.014504901972	-0.047780254184	0.998752549498	-0.412285160627
0.000000000000	0.000000000000	0.000000000000	1.000000000000
26	51	60
0.795188047544	-0.215921237358	0.566616261945	-2.132462079738
0.271644306005	0.962288110421	-0.014524584581	0.255742765481
-0.542111925766	0.165467857302	0.823853778375	-0.271130114664
0.000000000000	0.000000000000	0.000000000000	1.000000000000
27	28	60
0.979864913827	0.077516601626	-0.183999801967	-0.163936758167
-0.101731193446	0.986796268868	-0.126031297812	0.061297521144
0.171800800149	0.142212166218	0.974812897354	-0.110916873721
0.000000000000	0.000000000000	0.000000000000	1.000000000000
27	50	60
0.948865738214	-0.217662236866	0.228641556777	-1.918323051366
0.206371654289	0.975785303699	0.072482973105	0.033416803451
-0.238881876979	-0.021591473472	0.970808558432	0.124632641355
0.000000000000	0.000000000000	0.000000000000	1.000000000000
27	51	60
0.730026970427	-0.289625138537	0.619013652173	-1.657424693159
0.307222877417	0.948157937173	0.081305779421	-0.042172680907
-0.610470905155	0.130819743552	0.781160334795	0.117354761570
0.000000000000	0.000000000000	0.000000000000	1.000000000000
28	50	60
0.876448772530	-0.281134476902	0.390897627299	-1.661170989462
0.228129757646	0.957395486571	0.177061277443	0.023732746137
-0.424021653701	-0.066009758298	0.903243239112	0.564143183960
0.000000000000	0.000000000000	0.000000000000	1.000000000000
28	51	60
0.491379861378	-0.270918393298	0.827737310990	-1.743338492470
0.235799873906	0.956277357370	0.173008772169	-0.016565309123
-0.838417706933	0.110167327073	0.533777958282	0.695830394544
0.000000000000	0.000000000000	0.000000000000	1.000000000000
29	41	60
-0.306936473536	-0.951406404143	-0.024816433458	1.231990981746
0.916868755186	-0.302585693997	0.260372009924	-0.845009354351
-0.255228695441	0.057164254080	0.965189391300	1.146443607318
0.000000000000	0.000000000000	0.000000000000	1.000000000000
29	42	60
-0.568119078138	0.813716509998	-0.122907096674	2.230319912741
0.292738651857	0.339406312016	0.893928093905	-2.644067177077
0.769119493164	0.471877946847	-0.431029475227	3.664368246424
0.000000000000	0.000000000000	0.000000000000	1.000000000000
29	43	60
-0.075090445262	0.468167003785	0.880443684512	-2.045818013085
-0.318056343673	0.825575379431	-0.466117426328	1.523802142590
-0.945093427805	-0.315031664194	0.086910662613	3.024630504602
0.000000000000	0.000000000000	0.000000000000	1.000000000000
29	45	60
-0.203054471128	0.969117061264	0.139932138275	0.147433801462
-0.976362257237	-0.211204296660	0.045929159748	0.708908738084
0.074065001165	-0.127298337144	0.989095298221	1.484181230074
0.000000000000	0.000000000000	0.000000000000	1.000000000000
29	47	60
-0.418810794155	0.768930699577	-0.483055998769	2.220010979301
0.169017850318	0.588669108430	0.790507208730	-1.543423140921
0.892205405147	0.249427865379	-0.376503990682	3.262673050828
0.000000000000	0.000000000000	0.000000000000	1.000000000000
29	48	60
-0.017306176726	-0.547906894662	-0.836360287812	2.318272306082
-0.317470802673	0.796210427947	-0.515035187029	0.808707794570
0.948110112644	0.256606681929	-0.187723800016	3.409720548237
0.000000000000	0.000000000000	0.000000000000	1.000000000000
29	49	60
-0.931178064884	0.323339105201	0.168402002740	1.346409550015
0.311209057527	0.464411682969	0.829138535611	-0.886582633321
0.189885054684	0.824483845669	-0.533076030448	3.804169266900
0.000000000000	0.000000000000	0.000000000000	1.000000000000
29	50	60
0.774683814562	0.085228601487	0.626578864106	-0.916563529240
-0.156253710847	0.985948641733	0.059076676547	0.808513441887
-0.612739557481	-0.143671017794	0.777115739992	0.563980729911
0.000000000000	0.000000000000	0.000000000000	1.000000000000
31	32	60
0.904019096616	0.193980078651	-0.380947768126	-0.060674945352
-0.137634488475	0.975744186067	0.170235222379	0.026721042468
0.404729811771	-0.101464340746	0.908789726516	-0.109883772464
0.000000000000	0.000000000000	0.000000000000	1.000000000000
32	33	60
0.850201432811	0.130281613124	-0.510082566776	-0.059494996487
-0.054420634307	0.985454549104	0.160989832634	-0.075817340947
0.523637200940	-0.109114769540	0.844924877643	0.157199221564
0.000000000000	0.000000000000	0.000000000000	1.000000000000
32	35	60
0.950775342238	0.185099992079	-0.248524126645	-0.213101563233
-0.064911620692	0.903170129621	0.424346790325	0.022594919677
0.303006155204	-0.387326360957	0.870727029566	0.530092665325
0.000000000000	0.000000000000	0.000000000000	1.000000000000
32	36	60
0.997007355875	0.013940457443	0.076039436984	-0.320902246484
-0.038354018405	0.943213419637	0.329965777451	-0.041522526635
-0.067121543506	-0.331894725271	0.940925390100	1.069191957358
0.000000000000	0.000000000000	0.000000000000	1.000000000000
33	34	60
0.930880314804	0.253171623815	-0.263374198443	-0.032844283660
-0.146039091522	0.918705597092	0.366950418476	0.060458099069
0.334864783544	-0.303123992397	0.892177909374	0.108759899058
0.000000000000	0.000000000000	0.000000000000	1.000000000000
33	35	60
0.980411478687	-0.130644277097	0.147395404678	0.204936568480
0.081197972207	0.949892748355	0.301845417280	0.011169265859
-0.179444202380	-0.283964503918	0.941893804389	0.380156580955
0.000000000000	0.000000000000	0.000000000000	1.000000000000
33	36	60
0.831540843940	-0.219215327246	0.510376787442	0.231874459542
0.103396014588	0.963858222366	0.245533279505	-0.142793617872
-0.545755521297	-0.151400024695	0.824153470839	0.921917133337
0.000000000000	0.000000000000	0.000000000000	1.000000000000
34	35	60
0.792439437391	-0.349206636934	0.500094453866	0.168175472229
0.345737251020	0.932618828518	0.103382174239	-0.205959619022
-0.502499245098	0.090977169740	0.859777682463	0.245462362637
0.000000000000	0.000000000000	0.000000000000	1.000000000000
35	36	60
0.902063503390	-0.278391261918	0.329817739273	0.039147966194
0.308681660128	0.950229264829	-0.042189773208	-0.259671340368
-0.301657203713	0.139866541926	0.943101416549	0.464873020245
0.000000000000	0.000000000000	0.000000000000	1.000000000000
35	37	60
-0.872991502029	0.446519595579	-0.196229682129	1.394151842695
-0.487513524683	-0.810990816518	0.323457043167	0.005113416611
-0.014710562032	0.378039873938	0.925672432925	0.721059388324
0.000000000000	0.000000000000	0.000000000000	1.000000000000
36	37	60
0.972003695518	-0.097558167231	0.213755046506	-0.075467753046
0.065078388699	0.985918286826	0.154045236950	-0.059813149008
-0.225773380239	-0.135821705589	0.964665146601	0.577940584832
0.000000000000	0.000000000000	0.000000000000	1.000000000000
37	38	60
0.450800969090	-0.460637008118	0.764586184167	0.032352608271
0.575054177039	0.804995218353	0.145929407245	-0.433668884063
-0.682708707823	0.373893360707	0.627783860164	0.537990141336
0.000000000000	0.000000000000	0.000000000000	1.000000000000
38	39	60
0.921795092156	-0.036025147650	0.385999995873	-0.204843424064
0.121747334370	0.972201158939	-0.200006232734	-0.095638960876
-0.368064389273	0.231359234299	0.900556222595	0.068336659775
0.000000000000	0.000000000000	0.000000000000	1.000000000000
38	40	60
0.928981516998	-0.067586676571	0.363902984635	-0.152291081325
0.086189056074	0.995660138519	-0.035104631848	-0.257718804578
-0.359951090691	0.063976008896	0.930775097753	0.335827306738
0.000000000000	0.000000000000	0.000000000000	1.000000000000
38	41	60
0.843972540863	-0.122964122669	0.522101690101	-0.094967164408
0.125552864517	0.991615281128	0.030587782595	-0.451294869086
-0.521485214058	0.039736114165	0.852334566206	0.473786882417
0.000000000000	0.000000000000	0.000000000000	1.000000000000
38	46	60
0.925875796128	0.056487944545	0.373581480088	-0.289620648013
0.059742428606	0.954434000178	-0.292380884342	-0.056055075087
-0.373074861614	0.293027048965	0.880312612772	-0.142215508679
0.000000000000	0.000000000000	0.000000000000	1.000000000000
38	47	60
0.853141165596	-0.125794976551	0.506286258396	-0.067449524059
0.132838591919	0.990885530257	0.022355635196	-0.406557380829
-0.504483954218	0.048181841004	0.862075663811	0.418260796554
