0	7	60
0.972643011886	-0.151031085701	0.176508307401	0.781162205285
0.163817661115	0.984653100265	-0.060183436639	0.208858651712
-0.164709882328	0.087452177164	0.982457516320	0.094425658759
0.000000000000	0.000000000000	0.000000000000	1.000000000000
0	8	60
0.443054660898	-0.310459609767	0.841021639531	-0.622166442958
-0.258212763678	-0.942559598425	-0.211914067702	-0.062320396381
0.858503777587	-0.123273006451	-0.497770057105	2.597772536598
0.000000000000	0.000000000000	0.000000000000	1.000000000000
0	9	60
0.963607926004	0.021989712630	0.266413621049	1.191519875994
-0.009383212120	0.998779095147	-0.048500251837	-0.088444665335
-0.267154861966	0.044235411565	0.962637786549	0.040331578602
0.000000000000	0.000000000000	0.000000000000	1.000000000000
0	16	60
0.101727344194	0.460874519067	-0.881615690149	1.048583112477
-0.403148875680	0.829279454211	0.386996861565	-0.291318792396
0.909462770805	0.316054211327	0.270161440663	0.639460316757
0.000000000000	0.000000000000	0.000000000000	1.000000000000
0	17	60
0.465400893111	-0.469988983700	0.750008242550	0.069920628554
0.502464730100	0.837883308634	0.213262176952	-0.488901008707
-0.728650261578	0.277600281545	0.626104528005	0.758882555202
0.000000000000	0.000000000000	0.000000000000	1.000000000000
0	18	60
0.612350235467	-0.417034626400	0.671646714804	0.017151529773
0.441421962156	0.885151417480	0.147151688605	-0.465937401715
-0.655876391136	0.206371239557	0.726110921991	0.637290729833
0.000000000000	0.000000000000	0.000000000000	1.000000000000
0	20	60
0.827838848682	-0.281212655506	0.485388795705	0.122765540834
0.249710061335	0.959549698973	0.130035612311	-0.201047901209
-0.502322332652	0.013557934363	0.864574147505	-0.401044933360
0.000000000000	0.000000000000	0.000000000000	1.000000000000
0	25	60
-0.814009243650	0.348608625325	-0.464608413183	-0.218814532868
-0.368325912600	0.308703730702	0.876948133448	-2.316077205090
0.449138033748	0.884971204616	-0.122886100278	2.372599324296
0.000000000000	0.000000000000	0.000000000000	1.000000000000
0	30	60
0.436212206185	0.459393417663	-0.773741945989	2.017517610655
-0.064168805398	-0.841792585809	-0.535973513236	-0.354839101812
-0.897552937485	0.283448285026	-0.337721474187	3.125926903094
0.000000000000	0.000000000000	0.000000000000	1.000000000000
0	31	60
-0.843375648014	0.436083303897	-0.313924940710	-0.901349643079
0.111484093821	-0.429510107474	-0.896154207937	2.119372262837
-0.525631822821	-0.790792273382	0.313622013254	2.101565275819
0.000000000000	0.000000000000	0.000000000000	1.000000000000
0	32	60
-0.651781188519	0.555529852777	-0.516302106297	0.078705542718
-0.383502131455	0.345901532005	0.856316673507	-1.322968486538
0.654299165109	0.756134057446	-0.012405229013	1.897419838668
0.000000000000	0.000000000000	0.000000000000	1.000000000000
0	33	60
-0.873996750920	0.344709941165	-0.342497789545	0.189998537956
-0.297225955634	0.178374695094	0.937997441067	-1.259931975160
0.384429981503	0.921605948664	-0.053442162279	1.786187504927
0.000000000000	0.000000000000	0.000000000000	1.000000000000
0	34	60
0.954738291355	-0.280563541940	-0.098787114315	0.775291902684
0.297156481851	0.914344196543	0.275086741850	-0.264953164498
0.013146114033	-0.291991077230	0.956330690977	0.170976899950
0.000000000000	0.000000000000	0.000000000000	1.000000000000
0	36	60
0.911166543357	0.015938084122	-0.411729896583	-0.420415176435
0.028802304208	0.994343610447	0.102231167629	-0.430380666112
0.411030360847	-0.105008389365	0.905553576894	-0.027990503701
0.000000000000	0.000000000000	0.000000000000	1.000000000000
0	37	60
0.370031898532	-0.675990166774	0.637270498684	-0.256769427340
0.501727737412	0.722733238870	0.475316676484	-1.106293954448
-0.781885970957	0.143853953221	0.606597369400	1.184682560546
0.000000000000	0.000000000000	0.000000000000	1.000000000000
0	38	60
0.629725217520	-0.621545705012	0.465968976436	-0.432353317960
0.436412669009	0.779298980127	0.449707773896	-0.868388376067
-0.642643083482	-0.079837561055	0.761994639809	0.715692118270
0.000000000000	0.000000000000	0.000000000000	1.000000000000
0	41	60
0.965385032367	-0.105554031222	-0.238516426633	-0.519172217276
0.002151894238	0.917647413553	-0.397389725270	-0.198006231926
0.260820069459	0.383120830668	0.886110219146	0.025410608249
0.000000000000	0.000000000000	0.000000000000	1.000000000000
0	42	60
0.979884028850	-0.115675583734	-0.162623643216	-0.492498999687
0.050136844646	0.931434352985	-0.360439097336	-0.462923687162
0.193167250884	0.345035078517	0.918497255183	0.465209128190
0.000000000000	0.000000000000	0.000000000000	1.000000000000
0	43	60
0.955101705557	-0.116426138501	-0.272443914074	-0.472210554332
0.007912172559	0.929249598164	-0.369367813755	-0.611318735546
0.296172465917	0.350628205634	0.888449059792	0.874878135809
0.000000000000	0.000000000000	0.000000000000	1.000000000000
0	44	60
0.993722637588	-0.106306281757	-0.034846721564	-0.531231928971
0.090244233165	0.945818871476	-0.311901652351	-0.769815168434
0.066115791799	0.306799016977	0.949475152522	1.196829042676
0.000000000000	0.000000000000	0.000000000000	1.000000000000
0	45	60
0.979631168856	-0.050034502747	0.194471904247	-0.585816006710
0.103916072986	0.955014686714	-0.277756004321	-0.848010215631
-0.171826141148	0.292307195765	0.940761542859	1.480397873154
0.000000000000	0.000000000000	0.000000000000	1.000000000000
0	46	60
0.921523615976	0.026074436329	0.387445930380	-0.425887185025
0.080305515320	0.963378679192	-0.255836949416	-0.771525016156
-0.379927952916	0.266873835824	0.885682282958	1.619626818446
0.000000000000	0.000000000000	0.000000000000	1.000000000000
0	47	60
0.756833768696	-0.220085817707	0.615438769826	-0.300473691582
0.403320797153	0.898212819812	-0.174774325657	-0.977790585278
-0.514329642491	0.380494366803	0.768562980949	1.767198272945
0.000000000000	0.000000000000	0.000000000000	1.000000000000
0	48	60
0.652760584003	-0.270778329860	0.707518703676	-0.126511950149
0.317025364046	0.945866533824	0.069508407715	-1.141840431002
-0.688039634414	0.178929025789	0.703267989607	1.893723964167
0.000000000000	0.000000000000	0.000000000000	1.000000000000
0	49	60
0.548552311740	-0.325187041540	0.770288095001	0.068595552236
0.394797398249	0.912838471064	0.104215834116	-1.152422614797
-0.737038245697	0.246939899084	0.629122651492	1.893428739554
0.000000000000	0.000000000000	0.000000000000	1.000000000000
0	50	60
0.533391804750	-0.320256587895	0.782897758673	0.053894841651
0.312197780280	0.934743165748	0.169669561429	-1.073655323657
-0.786146124212	0.153918588862	0.598567740017	2.095160544439
0.000000000000	0.000000000000	0.000000000000	1.000000000000
0	51	60
0.776888127776	-0.206798213457	0.594709454970	0.004474160766
0.176718416793	0.978175235556	0.109287738157	-0.969809172618
-0.604330570207	0.020191767048	0.796477780266	2.110196999400
0.000000000000	0.000000000000	0.000000000000	1.000000000000
0	52	60
0.720252888683	-0.338952414045	0.605266088061	-0.004041189805
0.298928367124	0.938989135595	0.170121234896	-1.034285753022
-0.626001284082	0.058400892520	0.777632129018	2.059945170523
0.000000000000	0.000000000000	0.000000000000	1.000000000000
0	53	60
-0.547665921577	0.781083039308	-0.299952202940	0.406648073291
-0.828265687544	-0.455345919528	0.326551748436	0.004982188013
0.118482020498	0.427281381849	0.896321723236	0.192903533575
0.000000000000	0.000000000000	0.000000000000	1.000000000000
0	59	60
0.976521158686	0.036235336227	-0.212352129837	0.223938391408
-0.026327734726	0.998436924314	0.049300695226	-0.300065387487
0.213806634654	-0.042552421483	0.975948776527	0.930848259403
0.000000000000	0.000000000000	0.000000000000	1.000000000000
1	6	60
0.940001887561	-0.199700723473	0.276615387183	0.558322459205
0.228565434563	0.970555048212	-0.076031181188	0.072410915978
-0.253286978554	0.134694170009	0.957968259944	0.187317176492
0.000000000000	0.000000000000	0.000000000000	1.000000000000
1	7	60
0.575654035667	-0.135508353613	0.806386952599	-0.560477661317
-0.307112179213	-0.949803394529	0.059629029169	-0.112249585952
0.757828833312	-0.281976945586	-0.588374422931	2.281427483764
0.000000000000	0.000000000000	0.000000000000	1.000000000000
1	9	60
0.960473541361	0.045697091936	0.274594887303	1.371285069248
-0.029046797609	0.997501265886	-0.064401149864	-0.049721414874
-0.276851692957	0.053879498361	0.959400927539	-0.102086516437
0.000000000000	0.000000000000	0.000000000000	1.000000000000
1	18	60
0.548456548043	-0.489432348150	0.677975952002	0.180899838246
0.511139261988	0.837915462466	0.191400973388	-0.427628088605
-0.661764361207	0.241565010596	0.709728311323	0.510290629176
0.000000000000	0.000000000000	0.000000000000	1.000000000000
1	19	60
0.763990467126	-0.444820795237	0.467389587246	0.278581800370
0.490464738846	0.871034389382	0.027265957933	-0.114046421139
-0.419240868821	0.208407179910	0.883630885196	0.157637713994
0.000000000000	0.000000000000	0.000000000000	1.000000000000
1	20	60
0.379108881614	-0.515316359591	0.768586693496	-0.921142373176
0.408730863194	0.838424439629	0.360532301613	-0.866136120378
-0.830190060983	0.177464105022	0.528479852099	0.498534867432
0.000000000000	0.000000000000	0.000000000000	1.000000000000
1	25	60
0.963375776728	-0.075915345411	-0.257184706281	1.272182246014
0.077531565854	0.996982402901	-0.003865824773	-0.402908091230
0.256702101881	-0.016215691048	0.966354532381	0.510914433070
0.000000000000	0.000000000000	0.000000000000	1.000000000000
1	30	60
0.166483511659	0.421078376811	-0.891614401481	0.700944399074
-0.472300275048	0.827810581917	0.302757478282	-1.344862995774
0.865572464058	0.370705598891	0.336692245850	1.563379401462
0.000000000000	0.000000000000	0.000000000000	1.000000000000
1	33	60
-0.950639563406	0.213102896529	-0.225547281025	0.185532894737
-0.201877122128	0.127255420269	0.971108482907	-1.202741582843
0.235648144588	0.968706980208	-0.077953437697	1.603781880423
0.000000000000	0.000000000000	0.000000000000	1.000000000000
1	36	60
0.882986955836	0.079532074348	-0.462610727258	-0.124154117879
-0.075840359793	0.996764917963	0.026607107044	-0.242550131230
0.463230262019	0.011590835547	0.886162161729	-0.154831585159
0.000000000000	0.000000000000	0.000000000000	1.000000000000
1	37	60
0.298859676403	-0.714405606218	0.632698604096	-0.010110078133
0.533391593597	0.674818319114	0.510013376362	-1.092147352982
-0.791313023841	0.185053684085	0.582733929256	1.067272098399
0.000000000000	0.000000000000	0.000000000000	1.000000000000
1	38	60
0.549302952089	-0.692178060894	0.468140789553	-0.221854648067
0.493663417793	0.720820875390	0.486532317050	-0.874101636264
-0.674212649510	-0.036149655863	0.737652022042	0.615444725390
0.000000000000	0.000000000000	0.000000000000	1.000000000000
1	39	60
0.658102914490	-0.542528619109	0.522075905773	-0.131415109969
0.379369031407	0.837874854109	0.392485498918	-0.645555300777
-0.650368889131	-0.060236420039	0.757226440209	0.253931686803
0.000000000000	0.000000000000	0.000000000000	1.000000000000
1	41	60
0.972768919042	-0.108303673761	-0.204916920715	-0.362751580903
0.011253481203	0.905139070316	-0.424966613451	-0.172513231855
0.231503756570	0.411088284480	0.881709948371	-0.088309163052
0.000000000000	0.000000000000	0.000000000000	1.000000000000
1	42	60
0.986337874239	-0.122791920558	-0.109816857030	-0.347546417808
0.066950970248	0.907889922121	-0.413827810681	-0.387769199585
0.150516329431	0.400821697960	0.903707254048	0.343676198017
0.000000000000	0.000000000000	0.000000000000	1.000000000000
1	43	60
0.955064272081	-0.215120958565	-0.203899998482	-0.268896303000
0.123917975787	0.914717100581	-0.384625741704	-0.696879813336
0.269251873664	0.342075428949	0.900270975561	0.716584771883
0.000000000000	0.000000000000	0.000000000000	1.000000000000
1	44	60
0.990435399211	-0.132649508548	0.037971408615	-0.358995826996
0.137331487099	0.921140977575	-0.364196872699	-0.717819111994
0.013333515727	0.365928145015	0.930547586126	1.071366244330
0.000000000000	0.000000000000	0.000000000000	1.000000000000
1	45	60
0.956837121475	-0.143602376455	0.252667925237	-0.330844948830
0.196889341944	0.959784864871	-0.200118965104	-0.991223544875
-0.213769291518	0.241228876053	0.946631564740	1.336481931054
0.000000000000	0.000000000000	0.000000000000	1.000000000000
1	46	60
0.858552198086	-0.155834315352	0.488470868445	-0.225304302302
0.237363374087	0.965257290491	-0.109256541205	-1.022323426029
-0.454474148663	0.209747537085	0.865713127360	1.548563382426
0.000000000000	0.000000000000	0.000000000000	1.000000000000
1	59	60
0.988578183679	-0.003634743078	-0.150665070260	0.438357805478
0.008111770217	0.999543265251	0.029111167547	-0.388912645677
0.150490444673	-0.030000825568	0.988156149871	0.983503414917
0.000000000000	0.000000000000	0.000000000000	1.000000000000
2	5	60
0.879220455408	0.172442032386	0.444111625898	0.273517945079
-0.092885701953	0.976352115335	-0.195214736262	-0.209210409339
-0.467272551263	0.130385169202	0.874446150708	0.015283000708
0.000000000000	0.000000000000	0.000000000000	1.000000000000
2	10	60
0.939813200220	-0.108487448915	0.324008675996	0.768942955907
0.145313016913	0.985132476303	-0.091641318459	0.158036111792
-0.309249536472	0.133208398988	0.941605143694	-0.476445816814
0.000000000000	0.000000000000	0.000000000000	1.000000000000
2	15	60
0.604378099569	0.301718531293	-0.737355437110	1.621208856025
-0.300437664420	0.943498337577	0.139814508501	-0.512188705302
0.737878257275	0.137028518432	0.660877343065	1.067522648114
0.000000000000	0.000000000000	0.000000000000	1.000000000000
2	26	60
-0.608181839895	0.401788154933	-0.684602898167	1.319953611084
-0.379652375208	0.610174019465	0.695378846363	-1.597220951816
0.697121885771	0.682827902568	-0.218556930463	2.085941387389
0.000000000000	0.000000000000	0.000000000000	1.000000000000
2	32	60
-0.509394930780	0.679667034498	-0.527796861219	0.965025146874
-0.484305343238	0.280550956120	0.828697469244	-1.226387933923
0.711312265469	0.677749130015	0.186255141558	1.403207993042
0.000000000000	0.000000000000	0.000000000000	1.000000000000
2	44	60
0.942697439112	-0.131192677182	0.306773564286	0.038363657571
0.224131517793	0.930104923676	-0.290980916358	-0.757379561456
-0.247157037170	0.343064589264	0.906211943516	0.806943013477
0.000000000000	0.000000000000	0.000000000000	1.000000000000
2	45	60
0.876463244301	-0.109699750282	0.468805019360	0.168362814691
0.278773338188	0.909504016633	-0.308363210586	-0.718804051370
-0.392552680928	0.400959360180	0.827728206708	1.061140301502
0.000000000000	0.000000000000	0.000000000000	1.000000000000
3	6	60
0.801741088578	-0.238758943453	0.547910023459	0.523358962452
0.247604334007	0.967057297705	0.059095488290	0.560537209803
-0.543969963019	0.088285615342	0.834447319762	-0.549358684876
0.000000000000	0.000000000000	0.000000000000	1.000000000000
3	7	60
0.955569835608	-0.241897834981	0.168439089012	0.549283423585
0.242733056942	0.969962302412	0.015930943722	0.468059630111
-0.167233227390	0.025662605711	0.985583318814	-0.391159393734
0.000000000000	0.000000000000	0.000000000000	1.000000000000
3	15	60
0.680503947562	-0.539161226723	0.496205148051	0.415101185887
0.440284905992	0.842176301506	0.311268820696	-0.026451711347
-0.585716295581	0.006651975725	0.810488847740	0.319196145140
0.000000000000	0.000000000000	0.000000000000	1.000000000000
3	19	60
0.549950255497	-0.418139351388	0.722989764312	0.234434599444
0.440366520950	0.880718398942	0.174391596677	0.299814492725
-0.709670376798	0.222473784044	0.668485879962	-0.419072767715
0.000000000000	0.000000000000	0.000000000000	1.000000000000
3	25	60
0.989503616123	-0.136893573287	-0.046289775028	1.453677843195
0.142346329722	0.978541094193	0.148979358941	0.080650064383
0.024902130314	-0.154004793979	0.987756248949	-0.347504123391
0.000000000000	0.000000000000	0.000000000000	1.000000000000
3	31	60
0.072502047814	0.571647556190	-0.817289743337	0.846310911929
-0.408774190098	0.764490746365	0.498455173744	-0.601261069663
0.909751127821	0.297947932069	0.289101911449	1.193635456085
0.000000000000	0.000000000000	0.000000000000	1.000000000000
3	32	60
-0.409543104494	0.727267530731	-0.550777980955	0.803028671508
-0.369758009469	0.419593004026	0.828987771566	-0.652915048683
0.833998477214	0.543160795452	0.097071573021	1.125832277553
0.000000000000	0.000000000000	0.000000000000	1.000000000000
3	36	60
-0.240189515881	-0.482716936300	0.842195556786	0.759660422863
0.506541745364	0.677780967105	0.532943168483	-0.536842216305
-0.828084812483	0.554614568902	0.081720397068	0.840799961876
0.000000000000	0.000000000000	0.000000000000	1.000000000000
3	37	60
0.013262863043	-0.639482742735	0.768691042102	0.264412473534
0.447287116121	0.691349533565	0.567424054999	-0.499461010003
-0.894292084398	0.336299931881	0.295201665986	0.608822837361
0.000000000000	0.000000000000	0.000000000000	1.000000000000
3	38	60
0.336409693323	-0.694911610481	0.635552021362	-0.053016042122
0.416589820573	0.715076286147	0.561354456992	-0.338598655207
-0.844559908848	0.075919421822	0.530051697250	0.172598838793
0.000000000000	0.000000000000	0.000000000000	1.000000000000
3	39	60
0.426027027989	-0.585708278252	0.689526492754	-0.080842404793
0.325693852912	0.810342465828	0.487102250304	-0.161476986312
-0.844052418750	0.017055816086	0.535989378197	-0.221314682901
0.000000000000	0.000000000000	0.000000000000	1.000000000000
3	46	60
0.702038931581	-0.132824514111	0.699642042044	0.248870079171
0.247407839991	0.966747346210	-0.064721938367	-0.388336573144
-0.667780427427	0.218534246850	0.711556100177	1.010284743861
0.000000000000	0.000000000000	0.000000000000	1.000000000000
3	59	60
-0.964746364971	-0.090214317026	-0.247236381381	-0.637630167529
-0.254905722035	0.554025692124	0.792514104190	-0.926126406185
0.065479188670	0.827597069515	-0.557490418197	2.457031736766
0.000000000000	0.000000000000	0.000000000000	1.000000000000
4	8	60
0.990951976113	-0.038759292735	0.128498631373	1.261484309788
0.015515033022	0.984057118593	0.177174690903	0.475667123343
-0.133317158642	-0.173577949559	0.975754697984	-0.326266334599
0.000000000000	0.000000000000	0.000000000000	1.000000000000
4	16	60
0.749438829961	-0.488222028005	0.447192007438	-0.091803915262
0.381914122464	0.870528181553	0.310358322241	-0.090764984464
-0.540817014533	-0.061805634795	0.838866509225	0.486326084979
0.000000000000	0.000000000000	0.000000000000	1.000000000000
4	17	60
0.526608090772	-0.448465464991	0.722192941978	-0.017212961159
0.367095028773	0.886204669552	0.282634965131	-0.102095697109
-0.766762778559	0.116275579442	0.631311991841	0.375768818274
0.000000000000	0.000000000000	0.000000000000	1.000000000000
4	20	60
0.932504989958	-0.202600337956	0.298977502103	0.501590960836
0.159562722078	0.973771858827	0.162197733276	0.217840584896
-0.323997193547	-0.103544531564	0.940374578855	-0.892418284245
0.000000000000	0.000000000000	0.000000000000	1.000000000000
4	21	60
-0.117197128276	-0.349768348590	0.929476699788	-1.490203541071
-0.364425306559	-0.855488846990	-0.367876376812	0.954458060840
0.923828463008	-0.381838886182	-0.027203601520	1.744980835885
0.000000000000	0.000000000000	0.000000000000	1.000000000000
4	24	60
0.985916127775	-0.095715884708	0.137141745680	1.963174348198
0.079163311432	0.989435347784	0.121453129558	0.211989291610
-0.147317884579	-0.108886004476	0.983077453160	-0.407906545509
0.000000000000	0.000000000000	0.000000000000	1.000000000000
4	28	60
-0.007026108947	0.398029193225	-0.917345842708	1.340037095281
-0.231440727699	0.891812495644	0.388723117624	-0.539756894286
0.972823634250	0.215042400362	0.085854194370	1.480227213784
0.000000000000	0.000000000000	0.000000000000	1.000000000000
4	29	60
-0.995884932196	0.057855097992	-0.069756644567	-0.171022895226
-0.012877280041	0.671567705914	0.740831284458	-1.488624879424
0.089707176322	0.738680989338	-0.668059142970	3.565029037592
0.000000000000	0.000000000000	0.000000000000	1.000000000000
4	35	60
-0.339913586618	-0.620593177520	0.706627809846	-0.047734231195
0.544802845336	0.482513580717	0.685835624722	-0.736184471913
-0.766582424366	0.618097688427	0.174088007096	1.347007788635
0.000000000000	0.000000000000	0.000000000000	1.000000000000
4	36	60
0.378346183238	-0.624128167768	0.683606755253	-0.052431065763
0.496921000097	0.760014669678	0.418864204172	-0.631537045269
-0.780976110577	0.181222879550	0.597691042794	1.082996272140
0.000000000000	0.000000000000	0.000000000000	1.000000000000
4	40	60
0.920078759831	-0.019621384853	-0.391241711687	-0.183270682926
-0.096168431346	0.956867420605	-0.274146625362	0.460177123524
0.379745583938	0.289861588765	0.878506431871	-0.842385396153
0.000000000000	0.000000000000	0.000000000000	1.000000000000
4	41	60
0.892024466758	-0.090889292818	-0.442754432113	-0.251477443949
-0.068431893971	0.941122948025	-0.331065964105	0.379658988429
0.446776707755	0.325617464446	0.833284969416	-0.553825610051
0.000000000000	0.000000000000	0.000000000000	1.000000000000
4	43	60
0.893717482869	-0.077766719999	-0.441838656158	-0.467138349771
-0.047327265476	0.963023250301	-0.265228862160	-0.079895334752
0.446126877421	0.257950686451	0.856990229001	0.276060834815
0.000000000000	0.000000000000	0.000000000000	1.000000000000
4	48	60
0.780133963540	-0.225639641871	0.583504713733	-0.352869960367
0.275344017511	0.961338953810	0.003617721481	-0.486603572332
-0.561762112422	0.157842224718	0.812101693843	1.363265428487
0.000000000000	0.000000000000	0.000000000000	1.000000000000
4	49	60
0.747082503337	-0.228095523165	0.624371816725	-0.123037422251
0.251605653101	0.966431781142	0.052001997336	-0.530493812323
-0.615274189720	0.118245696377	0.779394397435	1.402442038858
0.000000000000	0.000000000000	0.000000000000	1.000000000000
4	50	60
0.773557300023	-0.266907586903	0.574777734115	-0.077087440008
0.205616305592	0.963621888678	0.170747739473	-0.488116513310
-0.599442272830	-0.013899486106	0.800297298403	1.522242979936
0.000000000000	0.000000000000	0.000000000000	1.000000000000
4	51	60
0.893710504924	-0.246613948289	0.374784063024	-0.073163936863
0.175698944126	0.961035038924	0.213404627396	-0.477817894527
-0.412809174342	-0.124872793155	0.902216920208	1.566478521577
0.000000000000	0.000000000000	0.000000000000	1.000000000000
4	52	60
0.878057202019	-0.192356332493	0.438194695692	-0.158594083328
0.137896037680	0.978522067207	0.153229392679	-0.394585900137
-0.458257823473	-0.074118859534	0.885723524519	1.524439127250
0.000000000000	0.000000000000	0.000000000000	1.000000000000
4	53	60
0.651693585827	-0.316920873213	0.689098418452	-0.190997626258
0.264828916309	0.946419871185	0.184810910157	-0.453395939804
-0.710746871451	0.062053102649	0.700705570960	1.504410238725
0.000000000000	0.000000000000	0.000000000000	1.000000000000
4	54	60
0.414167532885	-0.365620799214	0.833538652905	-0.037081401919
0.304867125769	0.918601472213	0.251450533652	-0.347836550043
-0.857625378781	0.149975886163	0.491920667629	1.259448501823
0.000000000000	0.000000000000	0.000000000000	1.000000000000
4	58	60
-0.693759331892	0.424145507677	-0.582064066689	1.399983241172
0.283942417251	-0.581649689720	-0.762273141423	1.337392950865
-0.661872112344	-0.694106783403	0.283091999419	0.785653315266
0.000000000000	0.000000000000	0.000000000000	1.000000000000
4	59	60
0.390019841959	-0.561507207864	0.729790503087	-0.338964392067
0.319936391682	0.825813643914	0.464405567154	-0.060262149647
-0.863438027977	0.052359154335	0.501730296874	0.794210769709
0.000000000000	0.000000000000	0.000000000000	1.000000000000
5	13	60
0.900978792928	0.124072995368	-0.415744039662	-0.284776880869
-0.064701986730	0.985946506364	0.154023178456	-0.083085600136
0.429011500553	-0.111872152071	0.896344662495	0.324380790763
0.000000000000	0.000000000000	0.000000000000	1.000000000000
5	14	60
0.968675231521	0.073260631851	-0.237278687746	-0.598676848659
-0.018059777879	0.973746029556	0.226919620894	-0.145725798024
0.247673454897	-0.215526215910	0.944566731361	0.526279350888
0.000000000000	0.000000000000	0.000000000000	1.000000000000
5	21	60
0.856602961721	-0.222490309874	0.465542079712	0.400122546034
0.127365773931	0.965511692031	0.227079572357	-0.076274505539
-0.500009325514	-0.135222906947	0.855397825480	-0.582062296831
0.000000000000	0.000000000000	0.000000000000	1.000000000000
5	24	60
0.998170398817	-0.025545553170	0.054802186446	1.819514884981
0.017508527073	0.989652010114	0.142416116914	-0.166502614498
-0.057873192462	-0.141196046653	0.988288606635	-0.092358208083
0.000000000000	0.000000000000	0.000000000000	1.000000000000
5	27	60
-0.008732441487	0.478569649037	-0.878006170528	1.538056755493
-0.228601602565	0.853831996875	0.467666792083	-0.730685868322
0.973480894404	0.204797490542	0.101945750756	1.524303703626
0.000000000000	0.000000000000	0.000000000000	1.000000000000
5	28	60
-0.069072577035	0.539043142854	-0.839441164850	0.842348090479
-0.187629919244	0.819414688167	0.541622176633	-0.861525846409
0.979808140661	0.194915517490	0.044541537190	1.661028283361
0.000000000000	0.000000000000	0.000000000000	1.000000000000
5	34	60
0.988864862485	-0.070301106217	-0.131164165104	0.539346241539
0.125678982349	0.866508309671	0.483081921280	-0.247893532203
0.079693645534	-0.494187316446	0.865694991972	-0.032799774951
0.000000000000	0.000000000000	0.000000000000	1.000000000000
5	35	60
-0.192266107503	-0.595698544842	0.779857030217	-0.503545773106
0.575990292651	0.574897511689	0.581143729060	-0.792823631790
-0.794524339890	0.560924321747	0.232583272390	1.504676986025
0.000000000000	0.000000000000	0.000000000000	1.000000000000
5	40	60
0.813270684829	0.047138627225	-0.579973053703	0.031828669288
-0.199382838642	0.958950371145	-0.201644909028	0.323028256468
0.546660110903	0.279628567040	0.789284858364	-0.592470458970
0.000000000000	0.000000000000	0.000000000000	1.000000000000
5	41	60
0.782156628804	-0.042745045112	-0.621613922895	-0.096900894750
-0.142016012289	0.959154734598	-0.244650050791	0.246092688901
0.606681514695	0.279633789476	0.744138752862	-0.346770521361
0.000000000000	0.000000000000	0.000000000000	1.000000000000
5	42	60
0.868515193163	-0.007349330050	-0.495608057433	-0.489326422139
-0.112465896273	0.970889010851	-0.211485107711	-0.015302035694
0.482734690509	0.239417033554	0.842405307808	0.029308068742
0.000000000000	0.000000000000	0.000000000000	1.000000000000
5	43	60
0.763445000988	0.010429117234	-0.645788637234	-0.478664032387
-0.125809735572	0.983118335642	-0.132854238018	-0.238203035344
0.633501097790	0.182673401561	0.751868863207	0.433502402234
0.000000000000	0.000000000000	0.000000000000	1.000000000000
5	44	60
-0.024949811525	-0.101802131117	0.994491746072	-1.452851627451
-0.957512596882	0.288339109976	0.005494039620	0.089406223539
-0.287310169882	-0.952101299106	-0.104670829383	2.825103913492
0.000000000000	0.000000000000	0.000000000000	1.000000000000
5	45	60
0.995993728325	0.026428672828	-0.085428440175	-1.036909278512
-0.038130500678	0.989642937840	-0.138394076826	-0.428540890070
0.080886080732	0.141097061752	0.986685897897	0.982924674143
0.000000000000	0.000000000000	0.000000000000	1.000000000000
5	50	60
0.833505864672	-0.062503053301	0.548963880311	-0.529658756099
-0.008960163368	0.991920910503	0.126540992488	-0.530372156453
-0.552437950389	-0.110391465410	0.826211858626	1.684741457385
0.000000000000	0.000000000000	0.000000000000	1.000000000000
5	51	60
0.879422070405	0.167174488956	0.445723582870	-0.598408094496
-0.245740346902	0.961334343928	0.124289826973	-0.416105246563
-0.407711299805	-0.218835484843	0.886500155998	1.758601489483
0.000000000000	0.000000000000	0.000000000000	1.000000000000
5	52	60
0.925387698151	-0.046944144248	0.376103516909	-0.578780899690
-0.015754372883	0.986678555949	0.161917346094	-0.501204724578
-0.378694346202	-0.155761595240	0.912320622151	1.670247780725
0.000000000000	0.000000000000	0.000000000000	1.000000000000
5	53	60
0.768232184375	-0.144288453561	0.623698767883	-0.578741341012
0.071408510141	0.987502814436	0.140495609044	-0.542970237933
-0.636176182806	-0.063395848839	0.768934867710	1.612762648901
0.000000000000	0.000000000000	0.000000000000	1.000000000000
5	54	60
0.494683093563	-0.302898042003	0.814580513573	-0.429466592113
0.240831737032	0.948368141312	0.206392691204	-0.517169220501
-0.835038149656	0.094077865063	0.542089147580	1.385428408047
0.000000000000	0.000000000000	0.000000000000	1.000000000000
5	55	60
0.096288013690	-0.445377049371	0.890150494194	-0.475447565355
0.280241251339	0.870258727092	0.405110588567	-0.395138195459
-0.955088194602	0.210449594475	0.208608505862	1.314685968251
0.000000000000	0.000000000000	0.000000000000	1.000000000000
5	57	60
-0.172131932043	-0.521801369434	0.835520154651	-0.685204696762
0.272069892912	0.790004860177	0.549427242014	-0.312294019769
-0.946756870238	0.321893851686	0.005981379798	1.311976205923
0.000000000000	0.000000000000	0.000000000000	1.000000000000
5	58	60
0.147142608481	-0.477775994130	0.866071101124	-0.817731412338
0.265224875348	0.862594594268	0.430797320601	-0.188792127262
-0.952892868200	0.166314958358	0.253642497150	1.102308408903
0.000000000000	0.000000000000	0.000000000000	1.000000000000
5	59	60
0.455933354804	-0.483002586154	0.747551521800	-0.673071281411
0.210945637612	0.874644150922	0.436462538176	-0.210747838485
-0.864654100754	-0.041305096862	0.500666730494	0.934171502519
0.000000000000	0.000000000000	0.000000000000	1.000000000000
6	13	60
0.884644858911	0.172921501028	-0.433014581839	-0.526820834088
-0.126187433721	0.982821015155	0.134683271944	-0.292393532315
0.448865464447	-0.064505865260	0.891268078736	0.310996400156
0.000000000000	0.000000000000	0.000000000000	1.000000000000
6	14	60
0.957926937708	0.058554277462	-0.280975761594	-0.967081355130
0.025321509224	0.957909061709	0.285952881900	-0.554155119626
0.285892992539	-0.281036698826	0.916124211409	0.522672712006
0.000000000000	0.000000000000	0.000000000000	1.000000000000
6	22	60
0.666883072871	-0.371547974387	0.645924972305	0.314853406704
0.238414792665	0.927648109385	0.287449772645	-0.261846897012
-0.705992460127	-0.037697319328	0.707215355008	-0.423132229724
0.000000000000	0.000000000000	0.000000000000	1.000000000000
6	27	60
0.058443503802	0.433341828900	-0.899332650463	1.253016323174
-0.230918872968	0.882308309173	0.410132322150	-0.850969234422
0.971216160785	0.183703312139	0.151631995761	1.396777800355
0.000000000000	0.000000000000	0.000000000000	1.000000000000
6	34	60
-0.857513999671	-0.346760065915	0.380035783913	-0.745429276957
0.266035372373	0.333385350393	0.904477411984	-0.984492004663
-0.440335009980	0.876705004451	-0.193632161988	1.292550798165
0.000000000000	0.000000000000	0.000000000000	1.000000000000
6	42	60
-0.783952015772	-0.244955129367	0.570452646207	-1.164618062078
-0.180155694832	0.969089609496	0.168550450568	-1.180640377499
-0.594107029572	0.029365172636	-0.803849814361	5.246689284403
0.000000000000	0.000000000000	0.000000000000	1.000000000000
6	44	60
0.174264769553	-0.967111766226	-0.185274449720	0.303618626509
0.503093375143	0.249186609216	-0.827528301434	0.724734855629
0.846480269103	0.050998680511	0.529971969642	1.183321214771
0.000000000000	0.000000000000	0.000000000000	1.000000000000
6	45	60
0.974213272511	-0.146303396850	-0.171766748042	0.046848658788
0.111881748936	0.974334353676	-0.195333155155	-0.501659286737
0.195936147553	0.171078588134	0.965578139129	0.868437800055
0.000000000000	0.000000000000	0.000000000000	1.000000000000
6	46	60
0.985840851815	-0.021168518786	0.166342143500	-1.293065923456
0.038869306162	0.993829123677	-0.103888642156	-0.732059861568
-0.163116498032	0.108883271181	0.980580155483	1.155082228046
0.000000000000	0.000000000000	0.000000000000	1.000000000000
6	47	60
0.939630516492	-0.075629556243	0.333728426567	-1.091674886504
0.091601561237	0.995269769803	-0.032361076866	-0.867254929533
-0.329702360403	0.060977500273	0.942113633276	1.300723737859
0.000000000000	0.000000000000	0.000000000000	1.000000000000
6	48	60
0.842240908266	-0.133370897942	0.522343235838	-1.085674154003
0.151521962396	0.988421052451	0.008057169676	-0.836379166819
-0.517369642862	0.072360394232	0.852697265148	1.474566511316
0.000000000000	0.000000000000	0.000000000000	1.000000000000
6	50	60
0.823210867084	-0.294242081790	0.485536266019	-0.775934940874
0.217614075113	0.953431527976	0.208835906335	-0.943572154828
-0.524373895830	-0.066256462068	0.848906413338	1.612250549049
0.000000000000	0.000000000000	0.000000000000	1.000000000000
6	51	60
0.943703796255	-0.097072803675	0.316227790872	-0.865501474400
0.076857743997	0.994155478037	0.075814066481	-0.750979842068
-0.321739074595	-0.047241467753	0.945649095386	1.689861127461
0.000000000000	0.000000000000	0.000000000000	1.000000000000
6	52	60
0.922186421142	-0.104571014113	0.372340043065	-0.884354644783
0.052874207026	0.987801467407	0.146466990206	-0.748496811092
-0.383114242614	-0.115382684993	0.916466209476	1.611993134630
0.000000000000	0.000000000000	0.000000000000	1.000000000000
6	55	60
0.101879951937	-0.491072963385	0.865140347011	-0.787973289604
0.296445615805	0.845140895881	0.444811041882	-0.626802527409
-0.949600164418	0.211149735359	0.231679340888	1.275345939455
0.000000000000	0.000000000000	0.000000000000	1.000000000000
6	56	60
-0.033443837555	-0.523939042174	0.851098930687	-0.950218649045
0.344661829815	0.793290212002	0.501895270559	-0.518417948962
-0.938130978488	0.310126618702	0.154051120003	1.199061850086
0.000000000000	0.000000000000	0.000000000000	1.000000000000
6	57	60
-0.138972159311	-0.571603802081	0.808675356607	-1.021159295146
0.298090559954	0.754580183207	0.584594530574	-0.538656324984
-0.944366855095	0.322300854107	0.065524060001	1.186147620432
0.000000000000	0.000000000000	0.000000000000	1.000000000000
6	58	60
0.153913758138	-0.558457729069	0.815129143080	-1.120191435630
0.310980695989	0.810414187596	0.496507654791	-0.475475947594
-0.937870759635	0.177070069143	0.298403466527	1.014805725571
0.000000000000	0.000000000000	0.000000000000	1.000000000000
7	12	60
0.961360122366	0.023837994503	-0.274259849674	-0.650967563910
-0.009560262871	0.998533919483	0.053278635639	-0.338945563529
0.275127818475	-0.048597959419	0.960178588514	0.489048781865
0.000000000000	0.000000000000	0.000000000000	1.000000000000
7	13	60
-0.753104100129	-0.230873810189	0.616061277908	-2.068369077366
-0.272349933688	-0.742995836474	-0.611377706988	-0.035516167008
0.598882065176	-0.628215306047	0.496674743932	0.851669924541
0.000000000000	0.000000000000	0.000000000000	1.000000000000
7	14	60
0.955937974698	-0.114477380326	-0.270328537015	-1.171983652134
0.116944333268	0.993113665250	-0.007019316895	-0.337010018553
0.269270517227	-0.024903358949	0.962742546720	0.688651848702
0.000000000000	0.000000000000	0.000000000000	1.000000000000
7	22	60
0.716797876619	-0.357183332937	0.598849622816	0.106922508084
0.246389469671	0.933176652829	0.261674538023	-0.332379854079
-0.652298270203	-0.040017512242	0.756905255236	-0.348524088159
0.000000000000	0.000000000000	0.000000000000	1.000000000000
7	23	60
0.759251389732	-0.400891310825	0.512663129253	0.641631005127
0.329503964667	0.916114672205	0.228387925775	-0.258955151702
-0.561216949547	-0.004479316416	0.827656614343	-0.395479687825
0.000000000000	0.000000000000	0.000000000000	1.000000000000
7	27	60
0.460468868192	-0.431780406065	0.775586295885	-1.288457886757
-0.380701032118	-0.885352843868	-0.266865258135	0.416126515651
0.801894722249	-0.172383359967	-0.572056668203	2.705707696864
0.000000000000	0.000000000000	0.000000000000	1.000000000000
7	34	60
-0.931176125425	-0.213875895058	0.295242485005	-0.973653570295
0.213200659910	0.337458666127	0.916879014521	-1.158020903270
-0.295730455064	0.916721740862	-0.268634971249	1.637439664695
0.000000000000	0.000000000000	0.000000000000	1.000000000000
7	46	60
0.963807902583	-0.103407862539	0.245725743224	-1.629902810026
0.149278694212	0.972996162092	-0.176052094588	-0.885781821302
-0.220885034287	0.206362018113	0.953217980899	1.351710026301
0.000000000000	0.000000000000	0.000000000000	1.000000000000
7	47	60
0.863451095524	-0.257642012493	0.433673608878	-1.488863181296
0.294448156506	0.955486350671	-0.018604214896	-1.076845307537
-0.409575986562	0.143758224393	0.900877951862	1.508788070999
0.000000000000	0.000000000000	0.000000000000	1.000000000000
7	48	60
0.818257282186	-0.064474420336	0.571225060087	-1.395283414129
0.195296950410	0.965766004454	-0.170748721230	-0.829956605958
-0.540660819100	0.251274896803	0.802836723703	1.648413711246
0.000000000000	0.000000000000	0.000000000000	1.000000000000
7	49	60
0.883739408071	-0.231665034543	0.406615260895	-0.902169427691
0.116625939087	0.950485662966	0.288054499755	-1.289577790336
-0.453214131459	-0.207143226457	0.866999789376	1.677761507404
0.000000000000	0.000000000000	0.000000000000	1.000000000000
7	50	60
-0.955085908994	0.113711592151	-0.273643162260	-0.913230257663
0.105203300999	-0.733173398475	-0.671854919777	-0.343111250406
-0.277025579866	-0.670467330733	0.688280746876	1.992201029835
0.000000000000	0.000000000000	0.000000000000	1.000000000000
7	51	60
-0.941725667191	0.127577098020	-0.311250464762	-0.208556006363
0.132454823202	0.991173728835	0.005509907295	-0.784276493241
0.309206221743	-0.036037804158	-0.950311943052	3.731043987693
0.000000000000	0.000000000000	0.000000000000	1.000000000000
7	52	60
0.895481301478	-0.109450996166	0.431432170962	-1.178229916973
0.058857846542	0.989900928075	0.128964749048	-0.886415301991
-0.441190426690	-0.090092352810	0.892879821343	1.798439153135
0.000000000000	0.000000000000	0.000000000000	1.000000000000
7	56	60
-0.184442212560	-0.527115555112	0.829536172680	-1.247754649355
0.340549336265	0.757456665520	0.557032808216	-0.712571370557
-0.921958361205	0.385238356630	0.039801869122	1.496997652979
0.000000000000	0.000000000000	0.000000000000	1.000000000000
7	57	60
-0.214630374460	-0.556503576056	0.802644113039	-1.370697832466
0.310069998491	0.740459280053	0.596302482486	-0.683060126189
-0.926169745994	0.376860484026	0.013630010438	1.416732058783
0.000000000000	0.000000000000	0.000000000000	1.000000000000
8	10	60
0.935368546342	0.085023331097	-0.343302659009	-0.375122117321
-0.132400147340	0.984270088430	-0.116972620753	-0.327451734669
0.327957136678	0.154865832871	0.931912383388	0.021912413055
0.000000000000	0.000000000000	0.000000000000	1.000000000000
8	11	60
0.957623118555	-0.127586357209	-0.258224096983	-0.716637642273
0.094655016073	0.986146459165	-0.136218901070	-0.271385145654
0.272026452281	0.106004162798	0.956433336270	0.142174303516
0.000000000000	0.000000000000	0.000000000000	1.000000000000
8	15	60
0.958431377780	-0.264856446717	-0.106114827993	-1.351274507309
0.273437115004	0.958845646993	0.076466786132	-0.685261593358
0.081495019635	-0.102303899612	0.991409337206	0.511880075974
0.000000000000	0.000000000000	0.000000000000	1.000000000000
8	26	60
0.506116699252	0.245249387364	-0.826860704554	1.014378599817
-0.292904568104	0.950613415402	0.102669608164	-0.798811292079
0.811204536921	0.190228474353	0.552955989952	1.049494763146
0.000000000000	0.000000000000	0.000000000000	1.000000000000
8	34	60
-0.859502481356	-0.400012332119	0.318191166906	-1.517209199745
0.267506508526	0.178420689368	0.946892985243	-1.350089082897
-0.435540758644	0.898975078497	-0.046347122904	1.158287106762
0.000000000000	0.000000000000	0.000000000000	1.000000000000
8	38	60
0.860787406805	-0.445114694655	0.246815617189	-1.752189222380
0.349817812741	0.869649033235	0.348336126296	-0.849489489052
-0.369692491369	-0.213502851495	0.904291985052	0.041797995936
0.000000000000	0.000000000000	0.000000000000	1.000000000000
8	48	60
0.869669655825	-0.274145493822	0.410510582026	-1.777714370023
0.362587645733	0.919075448301	-0.154371368759	-1.238313556901
-0.334969982087	0.283098160623	0.898693797994	1.165796369298
0.000000000000	0.000000000000	0.000000000000	1.000000000000
8	49	60
0.873442287978	-0.085450840846	0.479371174948	-1.733656519350
0.170886475358	0.975656574215	-0.137448396611	-0.960951640502
-0.455956557264	0.201971292490	0.866782103471	1.341619561977
0.000000000000	0.000000000000	0.000000000000	1.000000000000
8	50	60
0.796811515359	-0.497576130046	0.342796446596	-1.415616282623
0.456184419296	0.867418123403	0.198699710073	-1.503027422669
-0.396216083195	-0.001947819158	0.918155227300	1.434206634921
0.000000000000	0.000000000000	0.000000000000	1.000000000000
8	52	60
0.953912227287	-0.132130539234	0.269430850561	-1.650235247594
