0	1	55
0.989430020173	0.099162359207	0.105806718577	-0.317072984324
-0.093054674098	0.993778919557	-0.061190576659	0.144833369875
-0.111216288412	0.050697983784	0.992502217444	-0.166696282524
0.000000000000	0.000000000000	0.000000000000	1.000000000000
0	2	55
0.997756482457	0.022763205007	-0.062959020099	-0.527978362371
-0.007226782075	0.971546100716	0.236740253875	-0.025585648880
0.066556557415	-0.235754131845	0.969530924717	-0.397737247218
0.000000000000	0.000000000000	0.000000000000	1.000000000000
0	3	55
0.996571166223	0.082345553805	-0.008069722480	-0.570353058957
-0.082635031757	0.985649825464	-0.147193318764	0.050825616435
-0.004166794796	0.147355459115	0.989074823504	-0.137721560373
0.000000000000	0.000000000000	0.000000000000	1.000000000000
0	10	55
0.897734530510	-0.045721448823	0.438157804733	-0.473570789262
-0.056018848618	0.974677883157	0.216483054034	-0.285829449926
-0.436960640481	-0.218889408610	0.872440728914	-0.373065759122
0.000000000000	0.000000000000	0.000000000000	1.000000000000
0	19	55
0.069462132649	-0.144247133401	0.987100692246	-1.813626716968
0.159093990587	0.978428318338	0.131784399811	-0.550136339232
-0.984816792245	0.147887762780	0.090912569719	2.296994754113
0.000000000000	0.000000000000	0.000000000000	1.000000000000
0	35	55
0.923038966270	-0.012932842959	0.384489022367	-2.082144412529
-0.018799947740	0.996724288308	0.078659106664	0.085862081548
-0.384246833055	-0.079833794030	0.919772219964	-0.084364539233
0.000000000000	0.000000000000	0.000000000000	1.000000000000
0	36	55
0.332506384263	-0.215723459297	0.918097431394	-1.644837311510
0.148631785116	0.973308930364	0.174866573500	-0.056312075622
-0.931315251071	0.078314208055	0.355694796053	0.539678519242
0.000000000000	0.000000000000	0.000000000000	1.000000000000
0	43	55
0.996351258395	0.055343888691	0.064970946418	0.404704127882
-0.083378353013	0.793757521339	0.602492363078	-0.438056754589
-0.018226907108	-0.605711194632	0.795475787535	-0.698278011432
0.000000000000	0.000000000000	0.000000000000	1.000000000000
0	44	55
0.979640431144	-0.157277543156	0.124773394948	0.403138157102
0.114597555827	0.948383443713	0.295696202020	-0.304288676263
-0.164839394159	-0.275377228741	0.947098387721	-0.718449954016
0.000000000000	0.000000000000	0.000000000000	1.000000000000
0	45	55
0.998580624630	0.053191016084	0.002729820657	0.280753775353
-0.052809193618	0.982146227208	0.180554638409	-0.124042529320
0.006922801616	-0.180442523230	0.983561167711	-0.653519395603
0.000000000000	0.000000000000	0.000000000000	1.000000000000
0	54	55
0.886773688519	0.252920656125	-0.386863757743	0.119238543139
-0.159012806685	0.952846678808	0.258453349747	-0.057383204383
0.433990037512	-0.167673338342	0.885176987359	-0.253981692528
0.000000000000	0.000000000000	0.000000000000	1.000000000000
1	2	55
0.974821482614	-0.062963396758	-0.213912803972	-0.120904260891
0.118923432818	0.958289567285	0.259881362085	-0.167416763201
0.188627395044	-0.278777179663	0.941649080039	-0.247060787989
0.000000000000	0.000000000000	0.000000000000	1.000000000000
1	3	55
0.993222945849	-0.016152414590	-0.115096825939	-0.226941602514
0.004990400911	0.995309327395	-0.096614898949	-0.114839772967
0.116117508314	0.095385755242	0.988644669211	0.010979666989
0.000000000000	0.000000000000	0.000000000000	1.000000000000
1	10	55
0.936881989086	-0.139083443327	0.320792665626	-0.121808204146
0.046363752682	0.958794894037	0.280290480761	-0.373685792695
-0.346558135043	-0.247725951326	0.904726097819	-0.209250510141
0.000000000000	0.000000000000	0.000000000000	1.000000000000
1	11	55
0.918439859791	0.265874408066	-0.292880561120	-0.484457765404
-0.149814180936	0.919065436074	0.364519458198	-0.441803120687
0.366092795800	-0.290911538702	0.883938086923	0.182514609376
0.000000000000	0.000000000000	0.000000000000	1.000000000000
1	35	55
0.956153310825	-0.117407236862	0.268302789644	-1.715175275163
0.082007679738	0.986810616001	0.139569153513	-0.188028915606
-0.281150469788	-0.111446618975	0.953170532726	-0.112901500041
0.000000000000	0.000000000000	0.000000000000	1.000000000000
1	43	55
0.994836414977	-0.009576535743	-0.101038593614	0.829919348374
0.073046968363	0.758713114865	0.647316421656	-0.505920783056
0.070460257233	-0.651354511226	0.755494972092	-0.432958777337
0.000000000000	0.000000000000	0.000000000000	1.000000000000
1	44	55
0.976878939268	-0.211849977422	-0.028759782342	0.864860082725
0.206648746024	0.901166055221	0.381045977126	-0.477052035683
-0.054807242049	-0.378178962904	0.924108672308	-0.413773772394
0.000000000000	0.000000000000	0.000000000000	1.000000000000
1	45	55
0.989745560043	-0.039778592384	-0.137191071006	0.717259476142
0.068038102316	0.975775633323	0.207924818253	-0.172217532772
0.125596747605	-0.215126885815	0.968476060618	-0.392744467209
0.000000000000	0.000000000000	0.000000000000	1.000000000000
1	54	55
0.843039672466	0.159808689024	-0.513561382466	0.464292753097
-0.039037667412	0.970501050563	0.237915471081	-0.106609955006
0.536432820743	-0.180523942371	0.824409446246	-0.034583836690
0.000000000000	0.000000000000	0.000000000000	1.000000000000
2	3	55
0.993587568387	0.100192008380	0.052395662072	-0.006293353592
-0.073503922002	0.924510946958	-0.374000912305	0.012637114355
-0.085912265699	0.367751370373	0.925947089304	0.282496052735
0.000000000000	0.000000000000	0.000000000000	1.000000000000
2	10	55
0.852337364731	-0.069145232242	0.518401344079	-0.009307895511
0.077016853675	0.997009541692	0.006354370497	-0.228635304733
-0.517290460896	0.034509573058	0.855113833611	-0.013043852434
0.000000000000	0.000000000000	0.000000000000	1.000000000000
2	11	55
0.936049878728	0.334142894381	-0.110268538882	-0.222510247661
-0.320626122002	0.939068818209	0.123889646689	-0.364251348148
0.144946591622	-0.080611914759	0.986150193822	0.415352554936
0.000000000000	0.000000000000	0.000000000000	1.000000000000
2	34	55
0.957224566748	-0.060362774961	0.282979618017	-1.687684899165
0.044381602935	0.997054231757	0.062555033816	0.285908180963
-0.285922021074	-0.047320126097	0.957083801729	0.075514685445
0.000000000000	0.000000000000	0.000000000000	1.000000000000
2	35	55
0.900708897978	-0.007854211807	0.434352152591	-1.493859039123
0.078810338575	0.986200350001	-0.145594643416	0.039099531036
-0.427214713741	0.165369831029	0.888898423527	0.430413669209
0.000000000000	0.000000000000	0.000000000000	1.000000000000
2	43	55
0.987939152152	0.010695888155	0.154472747180	0.825128890109
-0.074849064747	0.906302932378	0.415947848017	-0.396036649034
-0.135550172081	-0.422493304965	0.896172727831	-0.436172147896
0.000000000000	0.000000000000	0.000000000000	1.000000000000
2	44	55
0.952304122855	-0.205730652180	0.225370265001	0.794937036996
0.186529988670	0.976966767141	0.103646028527	-0.265482618925
-0.241502424252	-0.056664227307	0.968744416461	-0.446734360945
0.000000000000	0.000000000000	0.000000000000	1.000000000000
2	45	55
0.995225321533	0.045611480709	0.086291089964	0.748892698128
-0.041153153178	0.997758959064	-0.052758673142	-0.047936364028
-0.088504109301	0.048955616998	0.994872037099	-0.318577823202
0.000000000000	0.000000000000	0.000000000000	1.000000000000
2	46	55
0.839707367353	0.299631157125	-0.452893703747	0.551836048072
-0.303152926062	0.950595418236	0.066833032617	-0.151649240336
0.450543938627	0.081175861615	0.889056038086	0.163795421769
0.000000000000	0.000000000000	0.000000000000	1.000000000000
2	53	55
0.792781732506	0.274961922180	-0.543960537131	0.323436513687
-0.313400123958	0.949339768280	0.023116372219	-0.034784951130
0.522759492413	0.152151062148	0.838792326729	0.085101138849
0.000000000000	0.000000000000	0.000000000000	1.000000000000
2	54	55
0.916408788907	0.217047672529	-0.336281488434	0.661202945466
-0.221449780785	0.974832734350	0.025712538396	-0.032671978034
0.333399049495	0.050906265725	0.941410444974	0.098683315137
0.000000000000	0.000000000000	0.000000000000	1.000000000000
3	10	55
0.895932300804	-0.131279983151	0.424347591486	0.075236985422
-0.038826334904	0.928525916478	0.369231821688	-0.336134940972
-0.442490483619	-0.347282577237	0.826799240114	-0.182656760174
0.000000000000	0.000000000000	0.000000000000	1.000000000000
3	35	55
0.923739870133	-0.096008042056	0.370792540631	-1.483524365821
0.009800041946	0.973682520146	0.227697846147	-0.045824787153
-0.382895039802	-0.206699796378	0.900370247550	0.038140490500
0.000000000000	0.000000000000	0.000000000000	1.000000000000
3	45	55
0.999701194810	-0.021974333376	-0.010707463225	0.840769686745
0.024277014980	0.943690990933	0.329936266839	-0.212444976647
0.002854407061	-0.330097625416	0.943942482387	-0.479799906895
0.000000000000	0.000000000000	0.000000000000	1.000000000000
3	54	55
0.906582115867	0.155237644907	-0.392441257763	0.615601882383
-0.012830129256	0.939598792578	0.342037273946	-0.046435802012
0.421834392829	-0.305049803457	0.853815180491	-0.143224140698
0.000000000000	0.000000000000	0.000000000000	1.000000000000
4	5	55
0.922226384730	-0.052998446260	0.383000861621	0.222498320918
0.048478273009	0.998593854386	0.021451597359	-0.008852735578
-0.383599207969	-0.001216008747	0.923498873290	0.095875276988
0.000000000000	0.000000000000	0.000000000000	1.000000000000
4	6	55
0.904589559893	-0.135751353857	0.404090705237	0.423219876834
0.083051520850	0.985897533030	0.145287643140	-0.002366978725
-0.418115023669	-0.097865337534	0.903106971899	-0.316223891797
0.000000000000	0.000000000000	0.000000000000	1.000000000000
4	9	55
0.970833964613	0.205882112843	-0.122857514074	0.694483108412
-0.125281675081	0.872543175238	0.472200073310	-0.333706217430
0.204416034210	-0.443036074102	0.872887806079	-0.179832967829
0.000000000000	0.000000000000	0.000000000000	1.000000000000
4	10	55
0.812973079675	0.304770087668	-0.496175337342	0.539311337311
-0.115911789623	0.919740949096	0.375021390834	-0.331868132814
0.570648077847	-0.247369723732	0.783051078175	-0.259325741233
0.000000000000	0.000000000000	0.000000000000	1.000000000000
4	18	55
0.441812801709	-0.209447523152	0.872314841838	-2.398296681102
0.051285427253	0.976670661066	0.208528714484	0.096969175783
-0.895640135991	-0.047393616220	0.442247206825	-0.387626736773
0.000000000000	0.000000000000	0.000000000000	1.000000000000
4	19	55
0.908382745076	-0.024775687540	0.417405023635	-2.405086402544
-0.057005815920	0.981584769531	0.182323002324	-0.177797771826
-0.414235591663	-0.189413583283	0.890242309188	-0.107484830408
0.000000000000	0.000000000000	0.000000000000	1.000000000000
4	20	55
0.590031433882	-0.042268813909	0.806273064415	-2.282099566216
0.027315771998	0.999102024970	0.032388150618	-0.026745703454
-0.806918060048	0.002913944246	0.590656205671	-0.275031723791
0.000000000000	0.000000000000	0.000000000000	1.000000000000
4	36	55
0.987655225903	0.005175485453	0.156557877789	-0.702101369247
-0.041663949597	0.972131815358	0.230702945089	0.076351151432
-0.151000894207	-0.234377788877	0.960346698870	-0.804581048718
0.000000000000	0.000000000000	0.000000000000	1.000000000000
4	37	55
0.758767954945	-0.233930635477	0.607904308534	-0.183644619905
0.096763023599	0.963409613276	0.249957665038	-0.003956686694
-0.644133610219	-0.130837207371	0.753640177641	-0.146361443983
0.000000000000	0.000000000000	0.000000000000	1.000000000000
5	6	55
0.998827860351	-0.043292191473	0.021649285089	0.367866147748
0.040720768374	0.993350812120	0.107684646461	0.011532561190
-0.026167239259	-0.106676849494	0.993949357549	-0.311202202485
0.000000000000	0.000000000000	0.000000000000	1.000000000000
5	7	55
0.995839993672	0.083637332685	0.036159419023	0.710618204986
-0.090967750323	0.935421519925	0.341630573080	-0.044256311760
-0.005251228806	-0.343498728736	0.939138460480	-0.284773411821
0.000000000000	0.000000000000	0.000000000000	1.000000000000
5	8	55
0.973504836855	0.179128559004	-0.142131249092	0.626966807026
-0.069561364173	0.824096244314	0.562162429128	-0.344307640066
0.217829174432	-0.537381000276	0.814722106800	-0.113225370373
0.000000000000	0.000000000000	0.000000000000	1.000000000000
5	9	55
0.818756401864	0.403282390140	-0.408657886514	0.491387356375
-0.196408040378	0.865566313340	0.460672159877	-0.318043430113
0.539501469953	-0.296914585385	0.787895864251	-0.116421106107
0.000000000000	0.000000000000	0.000000000000	1.000000000000
5	37	55
0.958215343697	-0.101168392693	0.267559921183	-0.254671438711
0.024016745692	0.960519191458	0.277175177040	-0.068626508021
-0.285037806317	-0.259167588947	0.922813962730	-0.359201748490
0.000000000000	0.000000000000	0.000000000000	1.000000000000
5	38	55
0.961084511229	-0.122875002598	0.247423313397	0.284781121184
0.039793372662	0.947871534055	0.316158255343	-0.108318176707
-0.273373462077	-0.294008994192	0.915874260784	0.104164121118
0.000000000000	0.000000000000	0.000000000000	1.000000000000
5	39	55
0.925339817109	0.215517069887	-0.311927259886	0.709080273177
-0.073664206232	0.909245603572	0.409690147679	-0.166700573139
0.371913709876	-0.356124732323	0.857237054399	0.421158707510
0.000000000000	0.000000000000	0.000000000000	1.000000000000
5	40	55
0.903962716041	0.344029085725	-0.253959438067	1.025534890031
-0.121780730214	0.776430342959	0.618324652817	-0.326345803686
0.409903478586	-0.528015066742	0.743760194912	0.412508771969
0.000000000000	0.000000000000	0.000000000000	1.000000000000
5	41	55
0.897693323856	0.384251567407	-0.215632625663	0.901771090326
-0.078424506748	0.620906323074	0.779951879739	-0.562627982223
0.433585393027	-0.683246713064	0.587518200605	0.551513392596
0.000000000000	0.000000000000	0.000000000000	1.000000000000
6	7	55
0.990451452074	0.132723305994	0.037288672952	0.324310152876
-0.137712880076	0.965077713965	0.222845616220	-0.069479804953
-0.006409660339	-0.225852894720	0.974140331883	0.014470788152
0.000000000000	0.000000000000	0.000000000000	1.000000000000
6	8	55
0.957942189525	0.231948619080	-0.168957390000	0.295381115452
-0.126258304561	0.869407211822	0.477692307412	-0.415181386339
0.257692844406	-0.436269341277	0.862127287472	0.172191382873
0.000000000000	0.000000000000	0.000000000000	1.000000000000
6	9	55
0.793294699092	0.448901972014	-0.411303464505	0.093910926079
-0.297985540203	0.875382894763	0.380669680151	-0.360972155986
0.530931387490	-0.179420754311	0.828202906720	0.145883846601
0.000000000000	0.000000000000	0.000000000000	1.000000000000
6	37	55
0.961336047513	-0.051077865636	0.270599437164	-0.637620608934
0.020258627562	0.993102598889	0.115485133629	0.007633971061
-0.274631738444	-0.105538048693	0.955740094648	-0.085064110583
0.000000000000	0.000000000000	0.000000000000	1.000000000000
6	38	55
0.967107123516	-0.042802344148	0.250742439528	-0.121626762278
-0.016721887737	0.972911059160	0.230574173392	-0.208450806266
-0.253819207539	-0.227182812511	0.940193479867	0.410958197331
0.000000000000	0.000000000000	0.000000000000	1.000000000000
6	39	55
0.919314701493	0.230382273315	-0.319036812548	0.319039421549
-0.138805146052	0.948448030026	0.284920104186	-0.251394443959
0.368230377682	-0.217647289167	0.903900462700	0.686871141147
0.000000000000	0.000000000000	0.000000000000	1.000000000000
6	40	55
0.886491536263	0.392471206646	-0.245151194343	0.616645834034
-0.185272144581	0.786490574281	0.589157711491	-0.524444521001
0.424036541558	-0.476863637239	0.769931219592	0.729669503801
0.000000000000	0.000000000000	0.000000000000	1.000000000000
6	41	55
0.879662254702	0.437858529542	-0.185672361326	0.469796763356
-0.176915747950	0.663636758304	0.726833592478	-0.721277581023
0.441469292001	-0.606519712075	0.661240276363	0.803753157924
0.000000000000	0.000000000000	0.000000000000	1.000000000000
7	8	55
0.968860739269	0.082994675189	-0.233282557841	-0.003490920403
-0.034960078758	0.978565204136	0.202948107033	-0.313769612255
0.245125806058	-0.188472876418	0.950994907483	0.063702520753
0.000000000000	0.000000000000	0.000000000000	1.000000000000
7	37	55
0.952648267534	-0.187205847967	0.239614792638	-0.954969646538
0.203776348818	0.977930167126	-0.046127951262	-0.059483282472
-0.225691111979	0.092771540422	0.969771603658	-0.121114113133
0.000000000000	0.000000000000	0.000000000000	1.000000000000
7	38	55
0.954857985827	-0.220589745538	0.198963290751	-0.402327653113
0.230128888091	0.972816248960	-0.025869685462	-0.191275454337
-0.187848134856	0.070489076626	0.979665436926	0.321692985460
0.000000000000	0.000000000000	0.000000000000	1.000000000000
7	39	55
0.932808927567	0.094374123066	-0.347794522021	0.003508919952
-0.101878934356	0.994791299722	-0.003309491325	-0.314465145979
0.345670634255	0.038520058332	0.937564940535	0.614529820192
0.000000000000	0.000000000000	0.000000000000	1.000000000000
7	40	55
0.927651841522	0.214464815898	-0.305723573940	0.322343860892
-0.124567584483	0.949470039747	0.288079087264	-0.449346213979
0.352058202315	-0.229153848679	0.907492994914	0.539801677627
0.000000000000	0.000000000000	0.000000000000	1.000000000000
7	41	55
0.909214493017	0.290750596260	-0.297981704912	0.248576046380
-0.105361729703	0.853132010190	0.510944888519	-0.764859600058
0.402775261904	-0.433162629925	0.806313973856	0.618982369492
0.000000000000	0.000000000000	0.000000000000	1.000000000000
8	9	55
0.939004889071	0.232901724921	-0.253034789761	-0.170247936948
-0.260377954316	0.962130103566	-0.080678279098	-0.040106785934
0.224662278113	0.141641979444	0.964087345863	0.045652624474
0.000000000000	0.000000000000	0.000000000000	1.000000000000
8	36	55
0.999433099731	0.023369388520	-0.024235322199	-1.384272013451
-0.030747159311	0.926804593984	-0.374283123804	0.794678435423
0.013714640214	0.374816109913	0.926997730522	-0.433316920930
0.000000000000	0.000000000000	0.000000000000	1.000000000000
8	37	55
0.858500122100	-0.185706055531	0.478007114271	-1.001740467726
0.337355719504	0.906548125445	-0.253695910039	0.246696964318
-0.386223586634	0.379056403708	0.840920676363	0.141316885221
0.000000000000	0.000000000000	0.000000000000	1.000000000000
8	38	55
0.880684785942	-0.224433042192	0.417161979792	-0.316369394489
0.315732355320	0.934615095785	-0.163730579111	-0.002577934520
-0.353139331731	0.275906564445	0.893962068592	0.359283125607
0.000000000000	0.000000000000	0.000000000000	1.000000000000
8	39	55
0.989972411443	0.078352251114	-0.117539564941	0.136465727056
-0.096483758519	0.982794861013	-0.157496493639	-0.146560916767
0.103177075570	0.167257842602	0.980499518187	0.531933489315
0.000000000000	0.000000000000	0.000000000000	1.000000000000
8	40	55
0.985276262695	0.128915258099	-0.112301123763	0.481109189192
-0.113039493418	0.983987466410	0.137806889797	-0.279246188222
0.128268309012	-0.123083395212	0.984072008913	0.377009917961
0.000000000000	0.000000000000	0.000000000000	1.000000000000
8	41	55
0.982544564604	0.157487438376	-0.099014571256	0.384691581640
-0.119815005854	0.942900841025	0.310777039638	-0.523922258336
0.142304402390	-0.293488859665	0.945311454661	0.375138341528
0.000000000000	0.000000000000	0.000000000000	1.000000000000
8	42	55
0.570345926760	0.714575323008	-0.405077315553	0.200366219077
-0.523860531284	0.696279609136	0.490677949030	-0.546087215811
0.632673428864	-0.067652151843	0.771458047311	0.449049458570
0.000000000000	0.000000000000	0.000000000000	1.000000000000
9	10	55
0.922395942824	0.155383954863	-0.353612148029	-0.200163314338
-0.210383721034	0.969902053363	-0.122591585380	0.020496901025
0.323920383098	0.187472220484	0.927323973571	-0.024891812544
0.000000000000	0.000000000000	0.000000000000	1.000000000000
9	20	55
0.361370697266	-0.151718728165	0.919996003623	-3.045755254138
0.512080395616	0.856850689470	-0.059837817305	-0.317752832923
-0.779220692476	0.492735551262	0.387332917448	0.532662281669
0.000000000000	0.000000000000	0.000000000000	1.000000000000
9	36	55
0.930811235112	-0.173373937069	0.321763768213	-1.557083621910
0.246656804896	0.947615614554	-0.202941044770	0.364773809846
-0.269723683031	0.268265027536	0.924815121964	-0.177785730022
0.000000000000	0.000000000000	0.000000000000	1.000000000000
9	43	55
0.665653148679	0.549789667955	-0.504615900130	0.569267212504
-0.408816689970	0.834352571088	0.369763033740	-0.326860763481
0.624319469227	-0.039838525677	0.780152608286	0.284653577698
0.000000000000	0.000000000000	0.000000000000	1.000000000000
9	44	55
0.790968917894	0.175271947990	-0.586214905281	0.587271611548
-0.174904877072	0.982882857845	0.057875484711	-0.283242454336
0.586324530360	0.056754136431	0.808085709003	0.289284482243
0.000000000000	0.000000000000	0.000000000000	1.000000000000
9	45	55
0.634050638608	0.271319480501	-0.724130877108	0.520352147826
-0.401579225765	0.915784890292	-0.008494712845	-0.106775924592
0.660843334773	0.296181995085	0.689610261432	0.365659351724
0.000000000000	0.000000000000	0.000000000000	1.000000000000
10	18	55
-0.176121538092	-0.352340633948	0.919150304079	-2.489338586186
0.396991049578	0.829019294341	0.393859259337	-0.607254219984
-0.900765957602	0.434261542482	-0.006132075147	1.536427417671
0.000000000000	0.000000000000	0.000000000000	1.000000000000
10	19	55
0.482287606618	-0.256324257612	0.837673289214	-2.350288466555
0.373565494857	0.925108019619	0.067999802123	-0.808994362543
-0.792368276469	0.280130374997	0.541922030784	1.682060484252
0.000000000000	0.000000000000	0.000000000000	1.000000000000
10	20	55
-0.043254664085	-0.173712009499	0.983846111844	-2.338964680874
0.390634784158	0.903430101290	0.176687626869	-0.689412124353
-0.919528955194	0.391967077493	0.028780387780	1.610456551936
0.000000000000	0.000000000000	0.000000000000	1.000000000000
10	35	55
0.993978217890	-0.055536945198	-0.094461368181	-1.488845798143
0.043436296467	0.991123089837	-0.125651537759	0.311200484040
0.100601145669	0.120791839584	0.987567081762	-0.409530959293
0.000000000000	0.000000000000	0.000000000000	1.000000000000
10	36	55
0.711336564709	-0.264019318012	0.651378608357	-1.405564236326
0.316857752992	0.947707339660	0.038104628643	0.091265423023
-0.627376646105	0.179289146552	0.757795451194	0.316060856231
0.000000000000	0.000000000000	0.000000000000	1.000000000000
10	43	55
0.910103918938	0.278190715684	-0.307116887261	0.918277105365
-0.129718538681	0.895163134005	0.426445851475	-0.182797389854
0.393552991929	-0.348271286823	0.850777969460	0.067724260781
0.000000000000	0.000000000000	0.000000000000	1.000000000000
10	44	55
0.945479296839	-0.050294304056	-0.321775359883	0.964611066968
0.086786984403	0.991186870664	0.100082999365	-0.062481085339
0.313905907218	-0.122552317005	0.941511556493	0.079151906632
0.000000000000	0.000000000000	0.000000000000	1.000000000000
10	45	55
0.885106371101	0.086488302439	-0.457281625890	0.853557938847
-0.112800989413	0.993149514254	-0.030495559085	0.144204226524
0.451511515493	0.078573633477	0.888798928610	0.153141356065
0.000000000000	0.000000000000	0.000000000000	1.000000000000
10	54	55
0.590853711919	0.263167123968	-0.762649956385	0.515381639594
-0.292201688102	0.950927869071	0.101756382087	0.121520655052
0.752004032291	0.162724468619	0.638757139084	0.427761446063
0.000000000000	0.000000000000	0.000000000000	1.000000000000
11	34	55
0.852741372096	-0.373811039763	0.364825244284	-1.556763330211
0.369638349335	0.925356724649	0.084157131893	0.136259379346
-0.369052358096	0.063089132971	0.927264858757	-0.134183013877
0.000000000000	0.000000000000	0.000000000000	1.000000000000
11	35	55
0.747374862785	-0.315422057816	0.584756137137	-1.323563790190
0.424232864810	0.903903290394	-0.054638063929	-0.078376713459
-0.511328945877	0.288907886805	0.809367000841	0.210435790964
0.000000000000	0.000000000000	0.000000000000	1.000000000000
11	46	55
0.942347844261	-0.022007788565	-0.333910463535	0.683256371115
-0.030235335281	0.988154039652	-0.150457364124	0.454705109688
0.333266207282	0.151879067554	0.930519416199	-0.302169534134
0.000000000000	0.000000000000	0.000000000000	1.000000000000
11	47	55
0.784755059597	0.107228350978	-0.610460135622	0.192011706268
-0.145314426058	0.989299699632	-0.013031572748	0.275842521800
0.602530674751	0.098935256888	0.791939771023	-0.134387822799
0.000000000000	0.000000000000	0.000000000000	1.000000000000
11	53	55
0.923169779953	-0.031466471059	-0.383102360448	0.335863460263
-0.056438432625	0.974746964272	-0.216062627417	0.461254146888
0.380226591264	0.221084184967	0.898081022210	-0.338711097130
0.000000000000	0.000000000000	0.000000000000	1.000000000000
11	54	55
0.980173070391	-0.080281719382	-0.181150759350	0.664496040379
0.053460641587	0.987486594058	-0.148365044256	0.592944158937
0.190794947210	0.135738985148	0.972199679094	-0.366667475273
0.000000000000	0.000000000000	0.000000000000	1.000000000000
12	13	55
0.836997276435	0.261802111721	-0.480515570548	-0.044350100749
-0.267887188873	0.961740955493	0.057365395187	-0.320592572216
0.477149885548	0.080709285871	0.875107992133	0.711649456346
0.000000000000	0.000000000000	0.000000000000	1.000000000000
12	32	55
0.784913006329	-0.469791976369	0.403988949644	-1.487594457625
0.369049833366	0.878208325555	0.304224189404	-0.424219834367
-0.497708542209	-0.089697468555	0.862693787590	1.201680645686
0.000000000000	0.000000000000	0.000000000000	1.000000000000
12	33	55
0.619376315400	-0.492498193069	0.611406991900	-1.794227017664
0.476675798565	0.854701289920	0.205586692349	-0.259099361188
-0.623821419144	0.164107388110	0.764143705192	0.802387744681
0.000000000000	0.000000000000	0.000000000000	1.000000000000
12	47	55
0.947626567346	-0.195314498897	0.252697715423	-0.681251315193
0.220083536104	0.972708153055	-0.073498885138	0.545326377988
-0.231445730130	0.125264103002	0.964749593679	-0.721959947069
0.000000000000	0.000000000000	0.000000000000	1.000000000000
12	48	55
0.989413713057	-0.127742278681	-0.068865191881	-0.942793209707
0.119058868304	0.985835866017	-0.118121256141	0.400256827492
0.082978854496	0.108671778819	0.990608375795	-0.463252604661
0.000000000000	0.000000000000	0.000000000000	1.000000000000
12	52	55
0.996894764389	-0.060880571279	0.049943816174	-1.108515058753
0.073185804767	0.950402411127	-0.302289753223	0.582585310279
-0.029063150445	0.305006250696	0.951906781320	-0.685694187269
0.000000000000	0.000000000000	0.000000000000	1.000000000000
12	53	55
0.846670871630	-0.219568317629	0.484704228398	-0.655745436392
0.318551567316	0.938785479530	-0.131174396835	0.679905470326
-0.426231549857	0.265464832544	0.864786151941	-1.103700105848
0.000000000000	0.000000000000	0.000000000000	1.000000000000
13	14	55
0.783609727955	0.255974554777	-0.566067859502	0.244945672060
-0.363450437563	0.927859473494	-0.083549846696	-0.181274413487
0.503844791269	0.271208083867	0.820113773544	0.354609114363
0.000000000000	0.000000000000	0.000000000000	1.000000000000
13	24	55
0.639593616266	0.241057936502	-0.729939091487	-0.077799928121
-0.393708607169	0.918288078107	-0.041719758466	-0.286483879982
0.660237486570	0.314066994215	0.682237777078	0.688547529441
0.000000000000	0.000000000000	0.000000000000	1.000000000000
13	25	55
0.906912416042	0.245903086599	-0.342113346174	-0.122599545599
-0.163315304132	0.953698443177	0.252561657654	-0.257800547228
0.388378656810	-0.173178957965	0.905080696652	0.709266428027
0.000000000000	0.000000000000	0.000000000000	1.000000000000
13	26	55
0.989118555892	-0.055176867910	-0.136381800979	-0.072762112768
0.043697284670	0.995355403675	-0.085779762692	-0.433546729274
0.140481421203	0.078886840618	0.986935578786	0.988175331571
0.000000000000	0.000000000000	0.000000000000	1.000000000000
13	47	55
0.600380851356	-0.364310657426	0.711913322120	-1.506838622507
0.472242987229	0.879931342169	0.052032625159	0.627675551249
-0.645390884920	0.304956682095	0.700337081488	-0.822177263111
0.000000000000	0.000000000000	0.000000000000	1.000000000000
13	48	55
0.832784649998	-0.305945667290	0.461375091865	-1.522198176921
0.386051779632	0.918279829761	-0.087898678584	0.468109892466
-0.396779220940	0.251315345573	0.882840215956	-0.530061156516
0.000000000000	0.000000000000	0.000000000000	1.000000000000
13	49	55
0.996572059990	-0.059657862728	0.057315518516	-1.791265454613
0.074015916437	0.952446716980	-0.295578915737	0.435297555004
-0.036956371063	0.298807949574	0.953597418154	-0.355479592552
0.000000000000	0.000000000000	0.000000000000	1.000000000000
13	51	55
0.998904083704	0.046438059446	-0.005842790023	-1.987865191906
-0.044415357296	0.901134250928	-0.431259014793	0.619242002869
-0.014761693555	0.431045900617	0.902209246220	-0.425589530510
0.000000000000	0.000000000000	0.000000000000	1.000000000000
13	52	55
0.814083066722	-0.162294476223	0.557610315062	-1.739506950911
0.340995232883	0.910797444229	-0.232745068126	0.582563993755
-0.470096810910	0.379616278068	0.796806419276	-0.708309657472
0.000000000000	0.000000000000	0.000000000000	1.000000000000
14	15	55
0.927814308701	0.140884022928	-0.345416126799	0.233728908930
-0.137265606899	0.989914038864	0.035047807659	0.013742995596
0.346869949306	0.014895896843	0.937794940552	0.047050832063
0.000000000000	0.000000000000	0.000000000000	1.000000000000
14	16	55
0.858401489492	0.220383069959	-0.463225846984	0.249915429309
-0.197356536538	0.975388167428	0.098327617319	0.143439598777
0.473494752161	0.007016075631	0.880768695151	-0.338439240523
0.000000000000	0.000000000000	0.000000000000	1.000000000000
14	23	55
0.889759905963	0.133052264037	-0.436605548265	-0.083261199684
-0.115653712408	0.991072371934	0.066330780150	0.023583693523
0.441533156793	-0.008523416194	0.897204448734	0.149323483282
0.000000000000	0.000000000000	0.000000000000	1.000000000000
14	24	55
0.991509312377	0.019124435474	-0.128621691159	-0.226544124353
-0.021127977461	0.999675497417	-0.014230545733	-0.149390144768
0.128307801935	0.016827234807	0.991591625686	0.503028750723
0.000000000000	0.000000000000	0.000000000000	1.000000000000
14	25	55
0.959323031427	-0.254499500242	0.122185620065	-0.154917243568
0.184956717432	0.893570790074	0.409050431858	-0.108196768921
-0.213284631539	-0.369812449092	0.904294431281	0.516151040113
0.000000000000	0.000000000000	0.000000000000	1.000000000000
14	26	55
0.808296787265	-0.362159232078	0.464216538178	0.064883492538
0.322126702855	0.931992422781	0.166206230888	-0.172335967354
-0.492839417056	0.015192580403	0.869987640427	0.724484533061
0.000000000000	0.000000000000	0.000000000000	1.000000000000
14	49	55
0.731450319088	-0.241608974114	0.637656282282	-2.210666140052
0.318840402260	0.947785286124	-0.006621879886	-0.125174195012
-0.602761336346	0.208154161702	0.770292552458	0.538030111080
0.000000000000	0.000000000000	0.000000000000	1.000000000000
14	51	55
0.800784223695	-0.120632455215	0.586679160897	-2.346452873334
0.230917324545	0.965965333405	-0.116568279923	-0.155808329263
-0.552649813450	0.228820421746	0.801385923439	0.467794481630
0.000000000000	0.000000000000	0.000000000000	1.000000000000
15	16	55
0.990333761231	0.063358709287	-0.123388473221	-0.178896761717
-0.061107488725	0.997889840695	0.021948591283	0.191259551681
0.124518738301	-0.014196471223	0.992115690843	-0.359286392145
0.000000000000	0.000000000000	0.000000000000	1.000000000000
15	22	55
0.921452843247	0.189906865713	-0.338910076609	-0.355713409014
-0.116334764438	0.967229557996	0.225683860126	0.325564802851
0.370662758117	-0.168530010660	0.913349196776	-0.533363861127
0.000000000000	0.000000000000	0.000000000000	1.000000000000
15	23	55
0.995154422428	-0.019095599215	-0.096452234879	-0.274713845387
0.019783092659	0.999785217165	0.006176470067	0.005917159634
0.096313575197	-0.008054665002	0.995318450349	0.202239556715
0.000000000000	0.000000000000	0.000000000000	1.000000000000
15	24	55
0.969768066244	-0.116121431850	0.214629240224	-0.229259960234
0.124757951001	0.991817221079	-0.027093424176	-0.189776966438
-0.209726849392	0.053051041807	0.976319740458	0.568283458591
0.000000000000	0.000000000000	0.000000000000	1.000000000000
15	49	55
0.414522619069	-0.285190434182	0.864197555268	-2.077674642136
0.415189960012	0.904301889750	0.099274313392	-0.480556861800
-0.809807566886	0.317654700020	0.493261792732	1.328794711828
0.000000000000	0.000000000000	0.000000000000	1.000000000000
15	50	55
0.648716999866	-0.125084302582	0.750679806131	-2.168814011885
0.323721662522	0.938065024177	-0.123443491647	-0.666851534714
-0.688745627426	0.323091206417	0.649031226551	1.486992612824
0.000000000000	0.000000000000	0.000000000000	1.000000000000
15	51	55
0.522899841997	-0.137637699087	0.841208427816	-2.227331072101
0.315594283372	0.948005295395	-0.041063465591	-0.444589329937
-0.791818163180	0.286952650613	0.539149490183	1.307231150802
0.000000000000	0.000000000000	0.000000000000	1.000000000000
16	17	55
0.935535024023	0.125534840335	-0.330174533677	-0.249647575330
-0.131954391194	0.991251266479	0.002994219217	0.178735199359
0.327661803498	0.040766782631	0.943915150828	-0.291498402546
0.000000000000	0.000000000000	0.000000000000	1.000000000000
16	22	55
0.968398288131	0.105968220207	-0.225777527337	-0.242303135857
-0.064672883474	0.980978327876	0.183027152034	0.151014988725
0.240877922790	-0.162641496995	0.956831003766	-0.149926713561
0.000000000000	0.000000000000	0.000000000000	1.000000000000
16	23	55
0.997737037523	-0.066871084916	0.007004424120	0.027990545133
0.067020109388	0.997467765622	-0.023798350422	-0.183397837446
-0.005395265764	0.024213932919	0.999692240922	0.567246598445
0.000000000000	0.000000000000	0.000000000000	1.000000000000
16	24	55
0.916110828123	-0.139726038104	0.375789282539	-0.004794853682
0.175443682720	0.982510897217	-0.062384701994	-0.331451750350
-0.360500297904	0.123081156661	0.924602922387	0.942416299515
0.000000000000	0.000000000000	0.000000000000	1.000000000000
16	48	55
-0.192662170269	-0.328790961441	0.924541936216	-1.784269789873
0.513512904992	0.769096373876	0.380519728921	-0.555292211744
-0.836173298159	0.548075972258	0.020662625208	1.659571987168
0.000000000000	0.000000000000	0.000000000000	1.000000000000
16	49	55
0.354487591458	-0.261841819438	0.897651050852	-1.663577353410
0.418341106860	0.902967322269	0.098187235557	-0.657236728993
-0.836259090123	0.340718177543	0.429629907803	1.773479149484
0.000000000000	0.000000000000	0.000000000000	1.000000000000
16	51	55
0.374175188548	-0.188694346112	0.907957802995	-1.786705238573
0.378226605564	0.924998451365	0.036366190560	-0.882555556968
-0.846721656224	0.329806471612	0.417480691966	1.938923226118
0.000000000000	0.000000000000	0.000000000000	1.000000000000
17	21	55
0.944685116573	0.163982399055	-0.284041904172	-0.243278085543
-0.156878868661	0.986463115131	0.047744560472	0.046466336604
0.288026129185	-0.000543403096	0.957622396156	-0.093115548183
0.000000000000	0.000000000000	0.000000000000	1.000000000000
17	22	55
0.992664006178	-0.080269514353	0.090415573346	0.053536462481
0.061867212357	0.979725886925	0.190550871222	-0.008920444973
-0.103877903681	-0.183559231732	0.977504674962	0.128628631970
0.000000000000	0.000000000000	0.000000000000	1.000000000000
18	19	55
0.773027467411	0.180870615125	-0.608041409127	-0.238920653497
-0.207663597331	0.977831493775	0.026858892839	-0.215033628330
0.599420023833	0.105505404437	0.793450845776	0.077315410132
0.000000000000	0.000000000000	0.000000000000	1.000000000000
18	20	55
0.988455045455	0.033738752005	-0.147710255997	-0.107790369963
-0.060586607822	0.981571947213	-0.181234034877	-0.099797382719
0.138873633445	0.188090959534	0.972283860236	0.102516202207
0.000000000000	0.000000000000	0.000000000000	1.000000000000
18	36	55
0.562822620516	0.248055870814	-0.788478904467	1.174086368459
-0.236438833925	0.962363679282	0.133988158471	-0.334389865038
0.792040008868	0.111015466278	0.600290088707	1.310708486427
0.000000000000	0.000000000000	0.000000000000	1.000000000000
18	45	55
-0.627217351179	0.322306816359	-0.709025183269	0.882070605645
-0.207673041718	0.808186932092	0.551095083029	-1.223557276296
0.750646589364	0.492901814689	-0.439974429884	3.364255728968
0.000000000000	0.000000000000	0.000000000000	1.000000000000
19	20	55
0.846962728323	-0.111804869349	0.519763223037	0.097493246938
0.173021011871	0.982382890327	-0.070622845058	0.098795751385
-0.502710519368	0.149744876316	0.851386284676	-0.051944013569
0.000000000000	0.000000000000	0.000000000000	1.000000000000
19	35	55
0.458051181309	0.228074565429	-0.859168847145	2.445259027552
-0.222581952994	0.965162384067	0.137545798128	0.373183253685
0.860608150962	0.128232464633	0.492859052379	-0.365943037542
0.000000000000	0.000000000000	0.000000000000	1.000000000000
19	36	55
0.967237431043	0.036964400454	-0.251168041536	1.803117550027
-0.020396616614	0.997459755272	0.068249649400	0.270557864310
0.253052820614	-0.060890637307	0.965534359962	0.081606270301
0.000000000000	0.000000000000	0.000000000000	1.000000000000
20	36	55
0.693294840933	0.217087933060	-0.687179083540	1.394342285676
-0.074273326925	0.969995785530	0.231498701856	0.018690121942
0.716816389631	-0.109457778952	0.688616916859	1.000160185800
0.000000000000	0.000000000000	0.000000000000	1.000000000000
21	22	55
0.898668141030	-0.278574586309	0.338809344853	0.343086068588
0.218697819117	0.954138656012	0.204427710981	-0.021044892914
-0.380219457959	-0.109615806186	0.918377666771	0.128140122851
0.000000000000	0.000000000000	0.000000000000	1.000000000000
22	23	55
0.956760386361	-0.123201247815	0.263497657725	0.434007567064
0.175748642699	0.966672061824	-0.186165355206	-0.424809954359
-0.231780020018	0.224424992874	0.946525987437	0.564767084153
0.000000000000	0.000000000000	0.000000000000	1.000000000000
23	24	55
0.944710538938	-0.091408349887	0.314907146934	0.064876864501
0.108233635309	0.993461639343	-0.036324252805	-0.196826216322
-0.309527830424	0.068399449741	0.948427138724	0.360003777540
0.000000000000	0.000000000000	0.000000000000	1.000000000000
23	49	55
0.342131739378	-0.258444866569	0.903411381295	-1.707599330659
0.421732732012	0.901392039990	0.098152396773	-0.524936433668
-0.839694811024	0.347417099732	0.417389486156	1.297492784436
0.000000000000	0.000000000000	0.000000000000	1.000000000000
23	50	55
0.610447065281	-0.059870936550	0.789791017578	-1.777462993136
0.330299212010	0.925541924954	-0.185133939889	-0.537548003561
-0.719900556352	0.373881821048	0.584769675047	1.387033000370
0.000000000000	0.000000000000	0.000000000000	1.000000000000
23	51	55
0.409236097806	-0.119302729833	0.904595310018	-1.904309636586
0.336833908535	0.941139883126	-0.028260191981	-0.542214067387
-0.847979206298	0.316263464605	0.425333618049	1.400088679312
0.000000000000	0.000000000000	0.000000000000	1.000000000000
24	25	55
0.919266508919	-0.311201252266	0.241045361224	0.061754772395
0.187966135854	0.885066566773	0.425823794724	0.030181507620
-0.345858088458	-0.346137188076	0.872107349859	0.024171542637
0.000000000000	0.000000000000	0.000000000000	1.000000000000
24	49	55
0.634009241922	-0.239045987601	0.735451763863	-1.989413697332
0.347884234977	0.937525072870	0.004826675284	-0.001711361781
-0.690658265868	0.252791917496	0.677559891255	0.314115478974
0.000000000000	0.000000000000	0.000000000000	1.000000000000
24	50	55
0.827912837384	-0.094601027948	0.552820928697	-2.091461691806
0.248944374647	0.945238767858	-0.211069585849	-0.131412727628
-0.502580373698	0.312368880092	0.806125704046	0.416344543115
0.000000000000	0.000000000000	0.000000000000	1.000000000000
24	51	55
0.701847699552	-0.092832518657	0.706252030166	-2.179821754825
0.239380973887	0.964547874808	-0.111104214790	-0.015862079676
-0.670899810683	0.247041536351	0.699188045766	0.334325537981
0.000000000000	0.000000000000	0.000000000000	1.000000000000
25	26	55
0.938726196912	-0.179907997950	0.293983400050	0.162897512289
0.267365174267	0.918378345594	-0.291714034517	-0.184940148622
-0.217506300646	0.352440529194	0.910206944909	0.199268521991
0.000000000000	0.000000000000	0.000000000000	1.000000000000
25	48	55
0.548400935461	-0.306919960492	0.777853811353	-1.888614318753
0.653511645576	0.737652548668	-0.169679835399	0.702467717729
-0.521707718059	0.601389104737	0.605105116176	-0.418920624319
0.000000000000	0.000000000000	0.000000000000	1.000000000000
25	49	55
0.892740074603	-0.115409579862	0.435540799552	-1.967402106555
0.330561923225	0.824619944965	-0.459054202987	0.529067097137
-0.306176377456	0.553789287764	0.774321283865	-0.274358946526
0.000000000000	0.000000000000	0.000000000000	1.000000000000
25	51	55
0.918250975857	0.065331429308	0.390572592077	-2.226127264637
0.198704840762	0.777125796625	-0.597153148260	0.702092122595
-0.342536905449	0.625945125841	0.700614849858	-0.196521070434
0.000000000000	0.000000000000	0.000000000000	1.000000000000
25	52	55
