0	1	60
0.997597192263	0.057868198193	-0.038093485366	-0.121824470106
-0.056978152331	0.998085694088	0.024050725852	-0.048126778717
0.039412334952	-0.021822440170	0.998984709072	0.111995339598
0.000000000000	0.000000000000	0.000000000000	1.000000000000
0	2	60
0.965434219244	0.110576031104	-0.236029044101	-0.423452827563
-0.097620479010	0.993037882374	0.065924246282	-0.204210429358
0.241675423640	-0.040604254893	0.969507237772	0.343211817877
0.000000000000	0.000000000000	0.000000000000	1.000000000000
0	3	60
0.937067409161	0.096537483321	-0.335537158900	-0.309316265340
-0.122215920832	0.990909855214	-0.056222126733	-0.524970923627
0.327059534923	0.093691905484	0.940347748157	0.600968045415
0.000000000000	0.000000000000	0.000000000000	1.000000000000
0	4	60
0.980118603991	-0.093724680091	0.174880549096	-0.069649909495
0.104340976782	0.993154250830	-0.052512804372	-0.512104670051
-0.168761614932	0.069715983826	0.983188282540	0.512825143222
0.000000000000	0.000000000000	0.000000000000	1.000000000000
0	5	60
0.946262627510	-0.227339574730	0.230008168421	0.153197889584
0.257454312618	0.959969344467	-0.110345523685	-0.200559763419
-0.195714886233	0.163632440073	0.966912668167	0.329531523897
0.000000000000	0.000000000000	0.000000000000	1.000000000000
0	6	60
0.957701491378	-0.125981760556	0.258720794330	0.393212720607
0.149148796498	0.986198677079	-0.071880496869	0.001259758032
-0.246094473556	0.107427954156	0.963273971802	0.303442624850
0.000000000000	0.000000000000	0.000000000000	1.000000000000
0	10	60
0.999358062710	-0.029578646762	-0.020213019374	0.726565920114
0.028236521921	0.997567261541	-0.063735841805	-0.177846598662
0.022049066336	0.063124182027	0.997762084025	0.187064501273
0.000000000000	0.000000000000	0.000000000000	1.000000000000
0	11	60
0.972650576089	-0.227202421636	0.048269207944	0.464861748659
0.228556142687	0.973219919878	-0.024598316868	-0.228884091995
-0.041387757527	0.034957791051	0.998531424829	0.376721927590
0.000000000000	0.000000000000	0.000000000000	1.000000000000
0	12	60
0.983666082653	-0.160101811711	-0.082270576303	0.189469544924
0.159311422259	0.987096658346	-0.016126308329	-0.358650328350
0.083790862129	0.002756260020	0.996479550445	0.662307565153
0.000000000000	0.000000000000	0.000000000000	1.000000000000
0	13	60
0.968432132718	-0.156679192004	-0.193883560707	-0.084560788414
0.154794197019	0.987632116498	-0.024931085651	-0.411795877524
0.195391813771	-0.005867985647	0.980707706636	0.705141163233
0.000000000000	0.000000000000	0.000000000000	1.000000000000
0	14	60
0.977610056602	-0.204019079355	-0.051524678461	-0.274597596234
0.206968358618	0.976479147808	0.060436515681	-0.600557354506
0.037982571825	-0.069747323645	0.996841328939	0.959157239084
0.000000000000	0.000000000000	0.000000000000	1.000000000000
0	15	60
0.888252431354	-0.401295426332	0.223538808709	-0.050293651086
0.364311407306	0.911835651477	0.189295914384	-0.600369357791
-0.279794239935	-0.086704818208	0.956136735932	1.034564403411
0.000000000000	0.000000000000	0.000000000000	1.000000000000
0	19	60
0.806380701583	-0.386026157514	0.448033447222	0.116110625664
0.424138930124	0.905442119037	0.016755208943	-0.177387792787
-0.412136302779	0.176517349822	0.893859772640	0.292316913375
0.000000000000	0.000000000000	0.000000000000	1.000000000000
0	26	60
0.781389288646	0.124793116675	-0.611438842093	2.407852084266
-0.120822664992	0.991514855433	0.047960140524	-0.322370020503
0.612235790536	0.036400130293	0.789836924498	0.719964793789
0.000000000000	0.000000000000	0.000000000000	1.000000000000
0	27	60
0.279824270223	0.329062449809	-0.901895937412	2.107048556982
-0.321960875200	0.917188008679	0.234749550747	-0.731765719496
0.904455401131	0.224686583626	0.362596699522	1.359311540034
0.000000000000	0.000000000000	0.000000000000	1.000000000000
0	28	60
0.187785210209	0.340881394585	-0.921160458146	1.567859150752
-0.316115198377	0.908920450917	0.271909535068	-0.980930603623
0.929950480500	0.240132231763	0.278439607611	1.679703391569
0.000000000000	0.000000000000	0.000000000000	1.000000000000
0	29	60
0.216662417122	0.290892949416	-0.931900578917	1.060761340487
-0.265724131554	0.936106030602	0.230426095268	-1.069776966697
0.939387078321	0.197703797259	0.280116271632	1.871690216985
0.000000000000	0.000000000000	0.000000000000	1.000000000000
0	31	60
-0.826916362883	0.438194736816	-0.352412686241	-0.845546998556
0.156501568475	-0.422607660593	-0.892698170869	2.127615310441
-0.540107940936	-0.793339862754	0.280883026015	2.132324621058
0.000000000000	0.000000000000	0.000000000000	1.000000000000
0	32	60
-0.662950539317	0.553705861303	-0.503891259676	0.054465903583
-0.380980395901	0.329879199180	0.863732395993	-1.327207024330
0.644476935475	0.764584549351	-0.007742514754	1.878701786547
0.000000000000	0.000000000000	0.000000000000	1.000000000000
0	37	60
0.373727281033	-0.682013537374	0.628637776665	-0.247110122411
0.515581665924	0.716145872308	0.470436643278	-1.109912513779
-0.771040508128	0.148299104565	0.619276925462	1.175723045119
0.000000000000	0.000000000000	0.000000000000	1.000000000000
0	38	60
0.638957242192	-0.617212219355	0.459110791562	-0.411796495301
0.423931317258	0.780558788448	0.459358483131	-0.878554680078
-0.641884632078	-0.098878986925	0.760399280014	0.718687802515
0.000000000000	0.000000000000	0.000000000000	1.000000000000
0	39	60
0.701251889977	-0.497542741925	0.510584965271	-0.304514509042
0.340042130702	0.862909149750	0.373843748946	-0.665018015220
-0.626591682159	-0.088538236010	0.774302166220	0.369465226481
0.000000000000	0.000000000000	0.000000000000	1.000000000000
0	41	60
0.962661213127	-0.099474524632	-0.251770148529	-0.492167128178
-0.002956672291	0.926120658620	-0.377215831808	-0.241923405562
0.270692901329	0.363875452081	0.891246323158	0.011241637208
0.000000000000	0.000000000000	0.000000000000	1.000000000000
1	2	60
0.971766634544	0.053611975567	-0.229772417976	-0.221443238540
-0.047600330199	0.998365507981	0.031631013874	-0.175753909182
0.231092657936	-0.019800720934	0.972730237475	0.236036368687
0.000000000000	0.000000000000	0.000000000000	1.000000000000
1	3	60
0.948979620459	0.033962573101	-0.313503147642	-0.106915649239
-0.064758653767	0.993982634752	-0.088344997449	-0.516826359263
0.308616261263	0.104139643941	0.945468633982	0.476516920715
0.000000000000	0.000000000000	0.000000000000	1.000000000000
1	4	60
0.967270306908	-0.135079545202	0.214806121518	0.076648917653
0.154965760950	0.984793879264	-0.078527882290	-0.450957927854
-0.200932243074	0.109245282882	0.973494582348	0.381873100185
0.000000000000	0.000000000000	0.000000000000	1.000000000000
1	5	60
0.923720909538	-0.254889433755	0.285956391504	0.278546904169
0.296171441183	0.948647260080	-0.111134393279	-0.154655878057
-0.242944764729	0.187349279428	0.951776280850	0.208004367798
0.000000000000	0.000000000000	0.000000000000	1.000000000000
1	10	60
0.995198057047	-0.096574166813	0.015945455605	0.871371500446
0.097603296938	0.991389092421	-0.087299850260	-0.069237581457
-0.007377240459	0.088436970398	0.996054455635	0.049433149230
0.000000000000	0.000000000000	0.000000000000	1.000000000000
1	11	60
0.954281163287	-0.286588184275	0.084939237282	0.628400620621
0.290995528110	0.955674183104	-0.044815827207	-0.146047025981
-0.068330549657	0.067483837931	0.995377751209	0.240029442679
0.000000000000	0.000000000000	0.000000000000	1.000000000000
1	12	60
0.972609945528	-0.231780528526	-0.017540822536	0.314444524659
0.230645384094	0.971702786211	-0.050954902275	-0.281446289581
0.028854820311	0.045513534975	0.998546902994	0.532993906723
0.000000000000	0.000000000000	0.000000000000	1.000000000000
1	13	60
0.971546693556	-0.184563748757	-0.148435995919	0.078708421700
0.173645341609	0.981258634778	-0.083539134606	-0.328380347311
0.161072398559	0.055386950791	0.985387217344	0.572704175476
0.000000000000	0.000000000000	0.000000000000	1.000000000000
1	14	60
0.961254673802	-0.273905801839	-0.031065476217	-0.080926749315
0.274651245460	0.961270558901	0.022926097727	-0.547495434484
0.023582736504	-0.030569990326	0.999254387146	0.811680006532
0.000000000000	0.000000000000	0.000000000000	1.000000000000
1	26	60
0.917980663460	-0.029542224693	-0.395523398138	2.300319147819
-0.002740159782	0.996726029547	-0.080806642963	0.106602858168
0.396615674222	0.075262733028	0.914894271476	0.109421157953
0.000000000000	0.000000000000	0.000000000000	1.000000000000
1	27	60
0.341405015063	0.294354967709	-0.892635294325	2.314626123163
-0.346195491429	0.922310621213	0.171731766752	-0.580548782302
0.873837111483	0.250396227971	0.416785834229	1.117189410418
0.000000000000	0.000000000000	0.000000000000	1.000000000000
1	28	60
0.204004073117	0.278358608818	-0.938562103991	1.805969979601
-0.265060382931	0.938619648037	0.220762654721	-0.851906691630
0.942404017156	0.203739149933	0.265264070752	1.573944849936
0.000000000000	0.000000000000	0.000000000000	1.000000000000
1	29	60
0.280676701414	0.238888466177	-0.929598241183	1.321966066422
-0.272055202701	0.948610135054	0.161631613109	-0.988602811878
0.920438241256	0.207535809924	0.331243613723	1.685100024715
0.000000000000	0.000000000000	0.000000000000	1.000000000000
1	31	60
-0.147392797950	0.422121378202	-0.894476889124	0.412382693748
-0.404013488509	0.799772031478	0.444002025636	-1.197949671723
0.902800345711	0.426823429219	0.052662093140	1.912681619675
0.000000000000	0.000000000000	0.000000000000	1.000000000000
1	32	60
-0.631270826488	0.560963060573	-0.535553534483	0.315199262427
-0.433606667354	0.317252057552	0.843407606087	-1.317826526196
0.643025972765	0.764638199838	0.042965354628	1.714872365273
0.000000000000	0.000000000000	0.000000000000	1.000000000000
1	40	60
0.979520255072	-0.114336706263	-0.165732276593	-0.306529838934
0.039390935560	0.916037813798	-0.399152950495	0.013014578024
0.197454865980	0.384450050454	0.901781422855	-0.360367905993
0.000000000000	0.000000000000	0.000000000000	1.000000000000
1	41	60
0.968755155793	-0.143745474103	-0.202115528346	-0.344611325459
0.039438129708	0.893830862175	-0.446666568872	-0.130698800647
0.244863394669	0.424739483093	0.871572308792	-0.085395619240
0.000000000000	0.000000000000	0.000000000000	1.000000000000
2	3	60
0.996721344150	0.019919696656	-0.078420455252	0.180496229615
-0.030266514701	0.990646989983	-0.133050664506	-0.320571400006
0.075036659072	0.134987951028	0.988001899225	0.187544289945
0.000000000000	0.000000000000	0.000000000000	1.000000000000
2	11	60
0.872270827739	-0.338073662404	0.353340914506	0.669604306932
0.381226402300	0.922639312437	-0.058336346602	0.112920160789
-0.306284236069	0.185587978960	0.933673962795	-0.180033864405
0.000000000000	0.000000000000	0.000000000000	1.000000000000
2	12	60
0.935595913875	-0.281030811028	0.213733406823	0.565187089949
0.301835523788	0.950696425392	-0.071215330700	-0.068972498087
-0.183181883710	0.131141107208	0.974292772980	0.152195670304
0.000000000000	0.000000000000	0.000000000000	1.000000000000
2	13	60
0.970657809062	-0.223522884369	0.088661930224	0.373328227035
0.231767925501	0.967901282523	-0.097214895978	-0.162604113107
-0.064086242022	0.114911389577	0.991306373494	0.243400157113
0.000000000000	0.000000000000	0.000000000000	1.000000000000
2	14	60
0.923516837246	-0.319783646871	0.211790156801	0.268080080749
0.327628353157	0.944804423658	-0.002064762257	-0.373653806315
-0.199439999829	0.071295302997	0.977312982743	0.518299437710
0.000000000000	0.000000000000	0.000000000000	1.000000000000
2	26	60
-0.642123735196	0.381206929488	-0.665100282370	1.262076767637
-0.403836509775	0.569246010264	0.716152953754	-1.667808362110
0.651608150709	0.728450586319	-0.211581098450	2.032399163968
0.000000000000	0.000000000000	0.000000000000	1.000000000000
2	27	60
0.528038041742	0.203360857106	-0.824512091039	2.816844872735
-0.303776628052	0.951893428827	0.040232578900	-0.057358515948
0.793029373177	0.229223170628	0.564412217555	0.475794250127
0.000000000000	0.000000000000	0.000000000000	1.000000000000
2	28	60
0.421184482254	0.257184153064	-0.869747057093	2.371304673816
-0.302574557544	0.943860501845	0.132574470330	-0.545916650975
0.855015946656	0.207325021329	0.475356778110	0.887523048067
0.000000000000	0.000000000000	0.000000000000	1.000000000000
2	29	60
0.491051901648	0.250307116753	-0.834394617187	1.902389456939
-0.298315574578	0.948235023448	0.108895171019	-0.799798964802
0.818459435679	0.195439728842	0.540303122828	1.041652243567
0.000000000000	0.000000000000	0.000000000000	1.000000000000
2	30	60
0.342259542208	0.352376395049	-0.871027715965	1.398749530503
-0.402539602543	0.892623746807	0.202940175964	-1.043496388899
0.849011351015	0.281164938868	0.447354448955	1.256242994702
0.000000000000	0.000000000000	0.000000000000	1.000000000000
2	31	60
0.023538130685	0.561534151576	-0.827118705518	0.930851663013
-0.545890006914	0.700336846198	0.459926518270	-1.088439718326
0.837526152879	0.440690025381	0.323020502095	1.329459420078
0.000000000000	0.000000000000	0.000000000000	1.000000000000
2	40	60
0.995245674156	-0.055859497643	0.079785741815	-0.258993924639
0.085682894624	0.891648132222	-0.444547016494	0.258074417266
-0.046308634647	0.449269768433	0.892195149914	-0.537763780156
0.000000000000	0.000000000000	0.000000000000	1.000000000000
2	41	60
0.994636888847	-0.099293119442	0.028954028667	-0.187452407394
0.101461051323	0.882361257151	-0.459504370973	0.002474572548
0.020077709257	0.459977704145	0.887703439939	-0.304989127738
0.000000000000	0.000000000000	0.000000000000	1.000000000000
2	42	60
0.984211389376	-0.108473351148	0.139862336291	-0.102113682060
0.157659098909	0.896425153266	-0.414204723685	-0.263545313307
-0.080445941807	0.429715576495	0.899373656366	0.132669958931
0.000000000000	0.000000000000	0.000000000000	1.000000000000
3	4	60
0.842513126490	-0.180572194738	0.507508930148	0.141951710210
0.174676337958	0.982813953774	0.059706860778	0.026979811332
-0.509568257106	0.038345987452	0.859575346666	-0.157579660951
0.000000000000	0.000000000000	0.000000000000	1.000000000000
3	5	60
0.783234357456	-0.240830279458	0.573188204516	0.259603603432
0.286494460056	0.958018299163	0.011039149666	0.315638505402
-0.551783350290	0.155569003867	0.819349387855	-0.398017913918
0.000000000000	0.000000000000	0.000000000000	1.000000000000
3	10	60
0.941227743411	-0.138219719148	0.308197411202	0.815959165878
0.132398300510	0.990396037630	0.039829369421	0.403058838873
-0.310742699117	0.003316305963	0.950488283494	-0.762773584856
0.000000000000	0.000000000000	0.000000000000	1.000000000000
3	11	60
0.864480945402	-0.319589067382	0.387989075937	0.590148340516
0.312143328081	0.946314480860	0.083996702612	0.340089070540
-0.394004108826	0.048494652538	0.917828432172	-0.496535953420
0.000000000000	0.000000000000	0.000000000000	1.000000000000
3	12	60
0.921522124363	-0.284739568545	0.264046117967	0.441628356653
0.272234714811	0.958590963093	0.083615940630	0.202783781445
-0.276920989382	-0.005171419618	0.960878775944	-0.105065551018
0.000000000000	0.000000000000	0.000000000000	1.000000000000
3	13	60
0.952823869264	-0.246249646991	0.177447979754	0.173215837241
0.239704487688	0.969125731693	0.057767419470	0.125181095020
-0.186194609869	-0.012507099059	0.982433274950	0.017866185820
0.000000000000	0.000000000000	0.000000000000	1.000000000000
3	14	60
0.894095353275	-0.358552349264	0.268390968719	0.148580912301
0.326545899245	0.932005487843	0.157269025290	-0.031864977934
-0.306531034218	-0.052971534496	0.950385575224	0.312334482343
0.000000000000	0.000000000000	0.000000000000	1.000000000000
3	26	60
0.980233212574	-0.053699808068	-0.190418432880	2.363774515931
0.084834632579	0.983573032824	0.159333531360	0.337565415708
0.178734255481	-0.172338097106	0.968686557254	-0.999450339208
0.000000000000	0.000000000000	0.000000000000	1.000000000000
3	27	60
0.619433841743	0.221775769884	-0.753071858189	2.553520737502
-0.155183618256	0.974929960252	0.159466664940	0.160205166332
0.769558159159	0.018085366867	0.638320577122	-0.094732816253
0.000000000000	0.000000000000	0.000000000000	1.000000000000
3	28	60
0.498881891349	0.237517068157	-0.833488152776	2.206817861476
-0.175767424877	0.969455948650	0.171058399326	-0.076589823509
0.848659337330	0.061162128492	0.525391780676	0.500030316977
0.000000000000	0.000000000000	0.000000000000	1.000000000000
3	29	60
0.546447492033	0.210636437669	-0.810572285226	1.819611448082
-0.168088478525	0.975745129752	0.140241595655	-0.277242879881
0.820451949743	0.059613193933	0.568599037347	0.818040034434
0.000000000000	0.000000000000	0.000000000000	1.000000000000
3	30	60
0.395812332112	0.348674157789	-0.849563964301	1.296435931222
-0.267617110488	0.928758322959	0.256493781032	-0.568991922888
0.878472355810	0.125834451658	0.460925168388	1.055653395403
0.000000000000	0.000000000000	0.000000000000	1.000000000000
3	40	60
0.985791764534	-0.079330826575	0.148058153887	-0.469367715941
0.120528566525	0.948006010363	-0.294546208543	0.396405452677
-0.116993425580	0.308206463706	0.944098148553	-0.794626886168
0.000000000000	0.000000000000	0.000000000000	1.000000000000
3	41	60
0.989740172361	-0.096229868418	0.105613463342	-0.400642143826
0.125950333605	0.936621553717	-0.326919835094	0.237396648679
-0.067460393414	0.336867744875	0.939132162043	-0.511069347311
0.000000000000	0.000000000000	0.000000000000	1.000000000000
3	42	60
0.976701645772	-0.089574407026	0.195013642477	-0.238936277261
0.142124723120	0.950864266839	-0.275059464712	0.024641882737
-0.160793215729	0.296367291811	0.941441432124	-0.085280488768
0.000000000000	0.000000000000	0.000000000000	1.000000000000
3	43	60
0.987405824793	-0.111199970143	0.112535788992	-0.103349522082
0.139649900300	0.946886211378	-0.289662576197	-0.122103706158
-0.074348117058	0.301730126675	0.950490025275	0.316217250476
0.000000000000	0.000000000000	0.000000000000	1.000000000000
3	44	60
0.919170953583	-0.125544192503	0.373314095392	-0.060500381061
0.209829622388	0.958218097688	-0.194395490769	-0.265961638843
-0.333311097412	0.257015044290	0.907109133099	0.665911999045
0.000000000000	0.000000000000	0.000000000000	1.000000000000
3	45	60
0.836734007555	-0.120211485153	0.534252187115	0.066049146673
0.236863159052	0.959071441620	-0.155170273421	-0.319201865752
-0.493732766266	0.256380905504	0.830961363006	0.916065598256
0.000000000000	0.000000000000	0.000000000000	1.000000000000
4	5	60
0.986859356680	-0.144348428803	0.072609512022	0.237719353658
0.147662340548	0.988123062444	-0.042528186535	0.231252529111
-0.065608256476	0.052691029296	0.996453316575	-0.158384855684
0.000000000000	0.000000000000	0.000000000000	1.000000000000
4	6	60
0.994620586760	-0.084701520111	0.059628356380	0.578277207566
0.085746061578	0.996201409758	-0.015177750836	0.447747832979
-0.058116274119	0.020209000160	0.998105252463	-0.148979979881
0.000000000000	0.000000000000	0.000000000000	1.000000000000
4	7	60
0.997761884186	-0.066507764657	-0.006923850561	0.968508672433
0.066637599674	0.997564435272	0.020606498718	0.537372445450
0.005536494907	-0.021021767769	0.999763688330	-0.298833479067
0.000000000000	0.000000000000	0.000000000000	1.000000000000
4	9	60
0.988236736773	0.112782027253	0.103287784469	1.354212399257
-0.115898315350	0.992954810102	0.024664257428	0.219076285880
-0.099778417460	-0.036345005492	0.994345668259	-0.271353786671
0.000000000000	0.000000000000	0.000000000000	1.000000000000
4	10	60
0.977949032033	0.068349045049	-0.197342592431	0.883580580603
-0.066813940000	0.997661035247	0.014434547846	0.231563558017
0.197867602624	-0.000931015964	0.980228312711	-0.188801093618
0.000000000000	0.000000000000	0.000000000000	1.000000000000
4	11	60
0.982278196107	-0.138903698641	-0.125838420035	0.597251055852
0.146777456574	0.987606846984	0.055579618859	0.188771303883
0.116558670612	-0.073064890985	0.990492603713	-0.047699028441
0.000000000000	0.000000000000	0.000000000000	1.000000000000
4	12	60
0.967306456450	-0.073681950985	-0.242670948838	0.253256092776
0.094074492567	0.992845939862	0.073531826766	0.123600495433
0.235516897820	-0.093956957158	0.967317880039	0.186714700145
0.000000000000	0.000000000000	0.000000000000	1.000000000000
4	13	60
0.939165750750	-0.011424081594	-0.343274209603	-0.042531848624
0.031854180167	0.998036201688	0.053935622052	0.119710456369
0.341983923343	-0.061589207496	0.937685323387	0.182869339167
0.000000000000	0.000000000000	0.000000000000	1.000000000000
4	14	60
0.968967793726	-0.112153565008	-0.220279351228	-0.269604415921
0.141048783430	0.982688503406	0.120118882642	0.001003058845
0.202994225077	-0.147461463204	0.968012634967	0.392631106061
0.000000000000	0.000000000000	0.000000000000	1.000000000000
4	15	60
0.948744255708	-0.311309699250	0.054503288111	-0.041315470920
0.288123624136	0.922839481644	0.255640506051	-0.105469517596
-0.129881155203	-0.226833776744	0.965234335926	0.520650037699
0.000000000000	0.000000000000	0.000000000000	1.000000000000
4	18	60
0.739446266662	-0.360616978673	0.568484488277	0.019572166956
0.323314339630	0.930901710008	0.169970127064	-0.017371558659
-0.590497295937	0.058115411015	0.804944434414	0.147418579856
0.000000000000	0.000000000000	0.000000000000	1.000000000000
4	19	60
0.899219964418	-0.330476909907	0.286685311118	0.262245516939
0.331374469727	0.942333718736	0.046884148129	0.286087617147
-0.285647363731	0.052841030938	0.956876903809	-0.211307562259
0.000000000000	0.000000000000	0.000000000000	1.000000000000
4	20	60
0.930982175322	-0.231945190066	0.281910656126	0.525935382962
0.191206765068	0.967634682945	0.164690902461	0.216535033447
-0.310985791033	-0.099421070033	0.945200131511	-0.901970418902
0.000000000000	0.000000000000	0.000000000000	1.000000000000
4	25	60
0.871790671992	0.065639437381	-0.485461109140	2.502388895733
0.027965251346	0.982698123694	0.183091076802	0.101364035445
0.489079716349	-0.173193134817	0.854871434257	0.186731467962
0.000000000000	0.000000000000	0.000000000000	1.000000000000
4	26	60
0.640348850348	0.214306744133	-0.737581161145	2.421808867594
-0.149982773937	0.976689131278	0.153569229881	-0.024515302571
0.753298425181	0.012286588749	0.657564082320	0.661975745702
0.000000000000	0.000000000000	0.000000000000	1.000000000000
4	27	60
0.119186646140	0.357133046517	-0.926418118598	1.985641380609
-0.229383627127	0.917730918773	0.324273206317	-0.327887828889
0.966011229225	0.173856112386	0.191301743845	1.219103786478
0.000000000000	0.000000000000	0.000000000000	1.000000000000
4	37	60
0.540606230579	-0.611916552958	0.577324030052	-0.353242393822
0.410068045731	0.790872917620	0.454273294445	-0.540239664136
-0.734567288497	-0.008840836606	0.678478251883	0.662949560610
0.000000000000	0.000000000000	0.000000000000	1.000000000000
4	38	60
0.782034551471	-0.501252369522	0.370362015267	-0.425737781777
0.308039463002	0.827471080255	0.469471298990	-0.330219410541
-0.541787457900	-0.253056660435	0.801516485839	0.158652880654
0.000000000000	0.000000000000	0.000000000000	1.000000000000
4	39	60
0.817682028160	-0.381517485188	0.431092228322	-0.283407005643
0.212879170135	0.896163589661	0.389324131655	-0.167186340801
-0.534863122440	-0.226572789766	0.813993987196	-0.183240967984
0.000000000000	0.000000000000	0.000000000000	1.000000000000
4	41	60
0.888816086584	-0.093555600889	-0.448612654494	-0.228710509765
-0.067685377664	0.941401815173	-0.330425955456	0.386036988924
0.453237966062	0.324052421578	0.830400731087	-0.537501194022
0.000000000000	0.000000000000	0.000000000000	1.000000000000
5	6	60
0.996899747304	0.078299853706	0.007747692200	0.346471174903
-0.078496976106	0.996472340774	0.029683308682	0.165718464036
-0.005396162255	-0.030199453333	0.999529326459	0.017696910134
0.000000000000	0.000000000000	0.000000000000	1.000000000000
5	7	60
0.994724477211	0.082135055770	-0.061457685050	0.769575488837
-0.077470069213	0.994185864369	0.074785396069	0.181976588430
0.067242864411	-0.069629732894	0.995304022640	-0.107879601045
0.000000000000	0.000000000000	0.000000000000	1.000000000000
5	8	60
0.992303462869	0.088010224862	0.087109344495	1.069175616279
-0.102407613044	0.978739650428	0.177711500669	0.190777360085
-0.069616940245	-0.185264397549	0.980219661419	-0.096945689701
0.000000000000	0.000000000000	0.000000000000	1.000000000000
5	9	60
0.961572666876	0.268626595184	0.056725291326	1.062991857245
-0.271841185611	0.960495105279	0.059594651940	-0.177999840466
-0.038475656222	-0.072724858845	0.996609612027	-0.042213351313
0.000000000000	0.000000000000	0.000000000000	1.000000000000
5	10	60
0.946562663101	0.221136932574	-0.234771339551	0.595390812674
-0.203413723042	0.974224855694	0.097513013622	-0.106092476188
0.250283803114	-0.044546465620	0.967147160622	0.004589640877
0.000000000000	0.000000000000	0.000000000000	1.000000000000
5	11	60
0.982094009474	0.010364691882	-0.188106166079	0.357535557265
0.010441004043	0.993956253734	0.109279234521	-0.058094050258
0.188101945736	-0.109286498823	0.976050264682	0.139298320713
0.000000000000	0.000000000000	0.000000000000	1.000000000000
5	12	60
0.956852929496	0.092975013141	-0.275296418876	-0.071881895647
-0.056278112600	0.988785549377	0.138332611428	-0.059331215013
0.285070597146	-0.116870801630	0.951354807824	0.336425533356
0.000000000000	0.000000000000	0.000000000000	1.000000000000
5	15	60
0.986927372244	-0.147991683675	0.063818676566	-0.408787394346
0.123951994617	0.950082142613	0.286321192575	-0.221682497526
-0.103006140332	-0.274667769952	0.956005936804	0.672042566827
0.000000000000	0.000000000000	0.000000000000	1.000000000000
5	16	60
0.850775215428	-0.338205746852	0.402241725347	-0.350044484504
0.235146676107	0.929492662520	0.284164443656	-0.222708472980
-0.469986780165	-0.147174261061	0.870317277406	0.604138040719
0.000000000000	0.000000000000	0.000000000000	1.000000000000
5	17	60
0.630243434367	-0.319678710767	0.707530024323	-0.331153896720
0.248451116039	0.946420122863	0.206303160373	-0.248383155889
-0.735571380884	0.045765411860	0.675899601051	0.506941500799
0.000000000000	0.000000000000	0.000000000000	1.000000000000
5	18	60
0.809602601263	-0.240052093256	0.535647851253	-0.278026480164
0.201700049588	0.970756420101	0.130188566431	-0.180542376301
-0.551235628407	0.002639196122	0.834345442019	0.291568980620
0.000000000000	0.000000000000	0.000000000000	1.000000000000
5	19	60
0.953998765799	-0.168066755591	0.248273882071	-0.010590724995
0.158660524423	0.985653242660	0.057571896136	0.044528623456
-0.254387878728	-0.015532253528	0.966977536583	-0.044838859200
0.000000000000	0.000000000000	0.000000000000	1.000000000000
5	20	60
0.965660140368	-0.065277334870	0.251474378133	0.315080606242
0.025069444991	0.986816485880	0.159889793679	-0.069936898952
-0.258596241723	-0.148094877518	0.954565812828	-0.713855553649
0.000000000000	0.000000000000	0.000000000000	1.000000000000
5	21	60
0.867218742527	-0.221038634754	0.446176618118	0.452867406324
0.127025029817	0.964628870190	0.230988710969	-0.085381913572
-0.481452276357	-0.143642141245	0.864621674983	-0.591244523491
0.000000000000	0.000000000000	0.000000000000	1.000000000000
5	25	60
0.830416207306	0.206930513351	-0.517289749838	2.242482554904
-0.054465770289	0.954171960482	0.294260683232	-0.424586954855
0.554474888981	-0.216184255841	0.803630490348	0.521677456038
0.000000000000	0.000000000000	0.000000000000	1.000000000000
5	26	60
0.582649007853	0.369324618441	-0.723960951890	2.027387624533
-0.205334166251	0.928779019484	0.308556985234	-0.557089369425
0.786357433880	-0.031126502858	0.616987136820	0.929237326785
0.000000000000	0.000000000000	0.000000000000	1.000000000000
5	36	60
0.475785125883	-0.536086141751	0.697309230264	-0.463363582851
0.420137140728	0.835017624362	0.355289107610	-0.764294472077
-0.772731063805	0.123924233418	0.622518664300	1.252722487867
0.000000000000	0.000000000000	0.000000000000	1.000000000000
5	37	60
0.642970653194	-0.483426735748	0.594043205748	-0.750400076577
0.278070548752	0.870044926373	0.407060924199	-0.631180931358
-0.713628411043	-0.096542308118	0.693840092309	0.808216393834
0.000000000000	0.000000000000	0.000000000000	1.000000000000
5	38	60
0.844049438201	-0.370157413406	0.388025817664	-0.782080346782
0.179250797676	0.876692355186	0.446407511014	-0.427478040813
-0.505420317563	-0.307236071545	0.806322701489	0.281458489766
0.000000000000	0.000000000000	0.000000000000	1.000000000000
5	39	60
0.871611433413	-0.228501371820	0.433682639981	-0.572223610912
0.061636881814	0.928775543866	0.365481714888	-0.312884705234
-0.486306903040	-0.291827195774	0.823615495157	-0.039877889271
0.000000000000	0.000000000000	0.000000000000	1.000000000000
6	7	60
0.997162417283	0.031093164148	-0.068558943264	0.437498089807
-0.029126746099	0.999140386120	0.029497821697	0.081688164863
0.069417189657	-0.027417220255	0.997210885326	-0.112767615987
0.000000000000	0.000000000000	0.000000000000	1.000000000000
6	8	60
0.994557557713	0.075441612221	0.071859776933	0.768299626156
-0.085844012526	0.984202420778	0.154843147890	0.056373975391
-0.059042949695	-0.160169154586	0.985322166609	-0.106057177575
0.000000000000	0.000000000000	0.000000000000	1.000000000000
6	9	60
0.979657048646	0.195056419201	0.047170545541	0.763355692389
-0.196175012389	0.980358072905	0.020332570020	-0.258113271246
-0.042278026823	-0.029172627893	0.998679891772	-0.067584012189
0.000000000000	0.000000000000	0.000000000000	1.000000000000
6	10	60
0.958368298607	0.126898219307	-0.255787111015	0.297977024339
-0.122534516545	0.991915704819	0.032992829345	-0.211794246274
0.257905983800	-0.000276531739	0.966169978343	-0.017301302142
0.000000000000	0.000000000000	0.000000000000	1.000000000000
6	11	60
0.982273341762	-0.046183823415	-0.181675910670	-0.007561696598
0.059297917036	0.995960657391	0.067424965433	-0.218192018377
0.177828116726	-0.077002749192	0.981044207729	0.115418035732
0.000000000000	0.000000000000	0.000000000000	1.000000000000
6	12	60
0.955783968298	0.024637128123	-0.293035864466	-0.377379496529
0.007335842310	0.994176624381	0.107512905983	-0.281073111217
0.293978215797	-0.104908776817	0.950037345152	0.310820265473
0.000000000000	0.000000000000	0.000000000000	1.000000000000
6	15	60
0.974839598043	-0.216517985043	0.052987925425	-0.745884995747
0.196541008852	0.947041593197	0.253936709820	-0.440277260033
-0.105163634053	-0.237133259809	0.965768309257	0.644269447549
0.000000000000	0.000000000000	0.000000000000	1.000000000000
6	16	60
0.831662416735	-0.388451274666	0.396791169006	-0.651935736343
0.290734589844	0.913418968077	0.284849411138	-0.443286361668
-0.473086696980	-0.121537631898	0.872592448497	0.580807377135
0.000000000000	0.000000000000	0.000000000000	1.000000000000
6	17	60
0.604231807982	-0.388285169415	0.695800653517	-0.640086527781
0.320853638385	0.917873741207	0.233582400743	-0.462947720818
-0.729353731023	0.082112254958	0.679191219487	0.478867686771
0.000000000000	0.000000000000	0.000000000000	1.000000000000
6	18	60
0.804885771977	-0.285287344852	0.520355671570	-0.569006494908
0.260169728486	0.957740767192	0.122655351443	-0.364865910947
-0.533357859648	0.036657246555	0.845095047806	0.251674678059
0.000000000000	0.000000000000	0.000000000000	1.000000000000
6	19	60
0.944204207350	-0.240519422237	0.225008493947	-0.307162265972
0.237936561637	0.970499544023	0.038946472093	-0.130999845327
-0.227738023743	0.016764324577	0.973578117032	-0.080601712926
0.000000000000	0.000000000000	0.000000000000	1.000000000000
6	20	60
0.960823250204	-0.133692018906	0.242786173306	-0.025970888861
0.097656302459	0.983095562027	0.154875312797	-0.217080594319
-0.259387602745	-0.125098201445	0.957636941402	-0.744692233652
0.000000000000	0.000000000000	0.000000000000	1.000000000000
6	21	60
0.850068825999	-0.244697153618	0.466375700564	0.060379827475
0.148612997929	0.960975558765	0.233324135707	-0.240905285408
-0.505269401322	-0.129032083095	0.853260542636	-0.596014928375
0.000000000000	0.000000000000	0.000000000000	1.000000000000
6	24	60
0.996067393567	-0.049697281006	0.073347990653	1.463339236006
0.041522498316	0.993168688596	0.109049704843	-0.250631905307
-0.078266401513	-0.105575263454	0.991326502289	-0.118689181151
0.000000000000	0.000000000000	0.000000000000	1.000000000000
6	25	60
0.840402539627	0.167549070866	-0.515413310113	1.911752071158
-0.055238137980	0.972540680689	0.226082667442	-0.466881662411
0.539140352322	-0.161529976343	0.826580756636	0.458953988243
0.000000000000	0.000000000000	0.000000000000	1.000000000000
6	26	60
0.590421810408	0.302120975520	-0.748414993132	1.750449886452
-0.183379028878	0.953258764734	0.240145495951	-0.627008976538
0.785986143365	-0.004543523842	0.618227416757	0.901890136111
0.000000000000	0.000000000000	0.000000000000	1.000000000000
6	35	60
-0.201234840386	-0.654489633974	0.728798914678	-0.726147394901
0.604198637177	0.502687432512	0.618263173761	-1.041053664621
-0.771004893531	0.564755402112	0.294283519648	1.387925822659
0.000000000000	0.000000000000	0.000000000000	1.000000000000
6	36	60
0.461548536142	-0.587538206094	0.664659164659	-0.735397960263
0.479451743144	0.795595136062	0.370343631605	-1.000902902444
-0.746390631493	0.147740434056	0.648901987486	1.173616715889
0.000000000000	0.000000000000	0.000000000000	1.000000000000
6	37	60
0.629000081483	-0.547362769042	0.552044288587	-1.026195125958
0.361045564475	0.834564344632	0.416111109012	-0.869980832156
-0.688480208770	-0.062420779686	0.722563940697	0.729682430838
0.000000000000	0.000000000000	0.000000000000	1.000000000000
6	38	60
0.840550601958	-0.423130885523	0.338282336612	-1.022658998868
0.247111782261	0.855170587128	0.455652316991	-0.673664254690
-0.482089672795	-0.299405278223	0.823374779039	0.217359316715
0.000000000000	0.000000000000	0.000000000000	1.000000000000
6	39	60
0.868501068093	-0.296569318942	0.397180731889	-0.851091713560
0.144375403303	0.917879121286	0.369666960423	-0.526289948779
-0.474195779866	-0.263713021615	0.839996312247	-0.095750590326
0.000000000000	0.000000000000	0.000000000000	1.000000000000
6	53	60
0.756517252850	-0.220263399430	0.615764306380	-0.855522363298
0.141781130218	0.974419904442	0.174367316153	-0.819408663385
-0.638419734387	-0.044608123697	0.768394662947	1.566190823917
0.000000000000	0.000000000000	0.000000000000	1.000000000000
6	54	60
0.439087327423	-0.349398120741	0.827721735923	-0.761668274919
0.290018537357	0.927084817892	0.237493133425	-0.764387229114
-0.850347909321	0.135774421954	0.508403126915	1.406186171719
0.000000000000	0.000000000000	0.000000000000	1.000000000000
6	59	60
0.426662039458	-0.523646217837	0.737396869149	-0.990575601277
0.284749611962	0.851645641412	0.440019726776	-0.438411652030
-0.858415495301	0.022233758324	0.512472923595	0.915936526758
0.000000000000	0.000000000000	0.000000000000	1.000000000000
7	8	60
0.988843597679	0.037483664020	0.144164192019	0.311360697843
-0.056665100134	0.989716376408	0.131341389882	-0.020357659393
-0.137758505202	-0.138045170871	0.980798717905	-0.011170685931
0.000000000000	0.000000000000	0.000000000000	1.000000000000
7	9	60
0.975691257679	0.184161607349	0.118790033537	0.328341069783
-0.185534790671	0.982637563676	0.000509807799	-0.348993044232
-0.116633662120	-0.022537099018	0.992919265614	0.014352078069
0.000000000000	0.000000000000	0.000000000000	1.000000000000
7	10	60
0.979031361231	0.113276544955	-0.169310419315	-0.179930576186
-0.114370795078	0.993432625124	0.003307653669	-0.302172036524
0.168573173901	0.016125870598	0.985557223777	0.106025385772
0.000000000000	0.000000000000	0.000000000000	1.000000000000
7	11	60
0.988002749291	-0.043940499884	-0.148053368297	-0.309273439575
0.050405573751	0.997919449128	0.040200139152	-0.307478211047
0.145978921523	-0.047180562979	0.988162005416	0.249752298388
0.000000000000	0.000000000000	0.000000000000	1.000000000000
7	15	60
0.955558566422	-0.270327989862	0.117603588529	-1.133867748647
0.238234493849	0.943073723247	0.232069555224	-0.585974666610
-0.173643750473	-0.193738820112	0.965563626854	0.835670340103
0.000000000000	0.000000000000	0.000000000000	1.000000000000
7	16	60
0.779786821498	-0.425710490136	0.459024064300	-1.050643999081
0.331841460250	0.902801747052	0.273551184935	-0.569467479034
-0.530861336205	-0.060988393230	0.845261295467	0.766422369457
0.000000000000	0.000000000000	0.000000000000	1.000000000000
7	17	60
0.551634556649	-0.392293067002	0.736074361388	-1.006647516023
0.357165507470	0.908588122844	0.216565055584	-0.568239497222
-0.753745392148	0.143435604398	0.641322158674	0.639871075859
0.000000000000	0.000000000000	0.000000000000	1.000000000000
7	18	60
0.757163077028	-0.303622246244	0.578374970388	-0.982988881860
0.293736579811	0.949100130759	0.113700323101	-0.478161911193
-0.583457707522	0.083800199152	0.807808535580	0.435730830748
0.000000000000	0.000000000000	0.000000000000	1.000000000000
7	19	60
0.920091266813	-0.253881395847	0.298288949807	-0.742116407528
0.259486235512	0.965510364864	0.021368877350	-0.231187943255
-0.293426233173	0.057740559249	0.954236382404	0.081868288383
0.000000000000	0.000000000000	0.000000000000	1.000000000000
7	20	60
0.936924107303	-0.159476156200	0.311031465865	-0.512703688740
0.120090351921	0.982549763513	0.142036155948	-0.306019363471
-0.328255273423	-0.095725220422	0.939726107781	-0.594170171097
0.000000000000	0.000000000000	0.000000000000	1.000000000000
7	21	60
0.806060491835	-0.279851115602	0.521488098233	-0.445219281438
0.204483800338	0.958566348951	0.198335397893	-0.266533723187
-0.555385324708	-0.053234460216	0.829887482340	-0.476405797216
0.000000000000	0.000000000000	0.000000000000	1.000000000000
7	24	60
0.992636061302	-0.054090005710	0.108387827197	1.099605071690
0.042483450988	0.993386516468	0.106669514348	-0.387545938170
-0.113440760727	-0.101279317639	0.988369209164	-0.078129821630
0.000000000000	0.000000000000	0.000000000000	1.000000000000
7	25	60
0.880548336575	0.146602029617	-0.450713292312	1.483746458869
-0.069032518526	0.980489127185	0.184053206596	-0.524930915392
0.468902056234	-0.130953871208	0.873488377298	0.439287788629
0.000000000000	0.000000000000	0.000000000000	1.000000000000
7	26	60
0.640634525651	0.262396505914	-0.721620037296	1.401045067088
-0.194330626190	0.964608400130	0.178230867483	-0.642975480700
0.742847906552	0.026052026473	0.668953122161	0.925241494236
0.000000000000	0.000000000000	0.000000000000	1.000000000000
7	35	60
-0.254801931460	-0.623991504950	0.738722260037	-1.035812672422
0.624835431479	0.476793480220	0.618262614742	-1.150616860953
-0.738008576707	0.619114350479	0.268404101568	1.509877989056
0.000000000000	0.000000000000	0.000000000000	1.000000000000
7	36	60
0.364302912845	-0.592432730373	0.718544951743	-1.098710211288
0.500290418429	0.775276329338	0.385559477119	-1.145265772380
-0.785488946402	0.219020713978	0.578823843607	1.365624301953
0.000000000000	0.000000000000	0.000000000000	1.000000000000
7	37	60
0.550170145588	-0.572732459936	0.607692636321	-1.413877292285
0.392978168557	0.819687004136	0.416750973949	-1.011092229489
-0.736804566993	0.009525995256	0.676038671581	0.953492578140
0.000000000000	0.000000000000	0.000000000000	1.000000000000
7	38	60
0.793192230386	-0.468521337013	0.389016506615	-1.436649888396
0.291004616829	0.852769911609	0.433704727711	-0.796901540927
-0.534941490857	-0.230805620854	0.812752340348	0.408421536346
0.000000000000	0.000000000000	0.000000000000	1.000000000000
7	39	60
0.823742430004	-0.323029509699	0.465940280373	-1.299471412090
0.168934925237	0.924330125740	0.342161964111	-0.616774567862
-0.541211049449	-0.203139741342	0.815980909974	0.113526882218
0.000000000000	0.000000000000	0.000000000000	1.000000000000
7	53	60
0.713761961144	-0.258396240363	0.650980219200	-1.146722819595
0.212084425155	0.965558013126	0.150724649264	-0.969522462567
-0.667505849735	0.030481244325	0.743980399147	1.710592659663
0.000000000000	0.000000000000	0.000000000000	1.000000000000
7	54	60
0.364008612292	-0.344783337271	0.865229553655	-1.051263045607
0.331911947846	0.915991909441	0.225373646898	-0.905196124511
-0.870248349067	0.205142078033	0.447866652885	1.568411446628
0.000000000000	0.000000000000	0.000000000000	1.000000000000
7	58	60
0.083178315915	-0.551770524254	0.829837728912	-1.487875260189
0.327047924526	0.801716216059	0.500290679476	-0.603182645809
-0.941340014461	0.229783370748	0.247140809465	1.239337981887
0.000000000000	0.000000000000	0.000000000000	1.000000000000
7	59	60
0.332221613236	-0.532937013660	0.778207516778	-1.374847376222
0.319472930559	0.839882024683	0.438788367272	-0.569295024687
