0	4	55
0.493249560468	-0.032632334344	0.869275561519	-0.523480266360
0.198927447198	0.977047415235	-0.076198550728	-0.052681728103
-0.846836903925	0.210507670019	0.488419675088	0.276693203762
0.000000000000	0.000000000000	0.000000000000	1.000000000000
0	9	55
0.657415865727	-0.338453366591	0.673241188679	-0.314140165161
0.090055591619	0.922338532468	0.375741429633	-0.227803645877
-0.748127241790	-0.186389243703	0.636839602980	-0.525185222080
0.000000000000	0.000000000000	0.000000000000	1.000000000000
0	11	55
0.939323556639	0.311391062030	-0.143898792322	-0.854577021629
-0.247847305280	0.906092526279	0.342881972531	-0.277760641728
0.237156001841	-0.286412186035	0.928291490040	0.069846663861
0.000000000000	0.000000000000	0.000000000000	1.000000000000
0	18	55
-0.554903964354	-0.139763346854	0.820090115305	-2.039839524190
0.221227900188	0.925500805151	0.307419055758	-0.355247166009
-0.801959978130	0.352014866932	-0.482644514043	2.179632434470
0.000000000000	0.000000000000	0.000000000000	1.000000000000
0	20	55
-0.459470721893	-0.039118734243	0.887331043272	-1.852449970231
0.185896987066	0.972667575255	0.139140570100	-0.508008736389
-0.868521137292	0.228883185663	-0.439640218130	2.204450899341
0.000000000000	0.000000000000	0.000000000000	1.000000000000
0	34	55
0.975975694268	-0.065785633593	0.207710603028	-2.175142268302
-0.000448447018	0.952719665668	0.303850353868	0.187445076508
-0.217878964319	-0.296643707270	0.929801735772	-0.507914133187
0.000000000000	0.000000000000	0.000000000000	1.000000000000
0	43	55
0.995379264940	0.016106122339	0.094661036076	0.300146260509
-0.070010017660	0.796433691401	0.600659614614	-0.431300249136
-0.065716941157	-0.604511346481	0.793881172230	-0.725609694527
0.000000000000	0.000000000000	0.000000000000	1.000000000000
0	46	55
0.817475739835	0.233869198532	-0.526344576072	0.064919478525
-0.114875879971	0.961694707295	0.248891185384	-0.144227621904
0.564390775069	-0.142998209566	0.813028022320	-0.162587596562
0.000000000000	0.000000000000	0.000000000000	1.000000000000
0	53	55
0.672913678232	0.266388948177	-0.690089928877	0.072042805703
-0.150843013823	0.962718962809	0.224540828870	-0.072305826062
0.724177855798	-0.047001350387	0.688009670160	-0.237464191112
0.000000000000	0.000000000000	0.000000000000	1.000000000000
1	9	55
0.688846855954	-0.399205980183	0.605082303846	-0.079129691771
0.124537427384	0.887464405983	0.443731176833	-0.254450622840
-0.714129146739	-0.230307432574	0.661043151601	-0.299226418764
0.000000000000	0.000000000000	0.000000000000	1.000000000000
1	11	55
0.920130690170	0.247220988528	-0.303712521702	-0.480455661033
-0.125423591703	0.920732004231	0.369488158173	-0.476199042028
0.370983066529	-0.301884678672	0.878201118840	0.193068929026
0.000000000000	0.000000000000	0.000000000000	1.000000000000
1	18	55
-0.506336234496	-0.316143084787	0.802294938023	-1.857055716862
0.114650372912	0.897434226941	0.425989554221	-0.664797421946
-0.854680589242	0.307677360649	-0.418157544613	2.179403078771
0.000000000000	0.000000000000	0.000000000000	1.000000000000
1	20	55
-0.332370705069	-0.139826094604	0.932726314457	-1.754839322416
0.099788890411	0.978184731299	0.182199914389	-0.622963536045
-0.937854941749	0.153633637986	-0.311166857999	2.142955677475
0.000000000000	0.000000000000	0.000000000000	1.000000000000
1	34	55
0.993523745506	-0.110703554148	0.025598636969	-1.691514748752
0.094159751331	0.928254671663	0.359829412034	-0.124443441835
-0.063596449154	-0.355088703895	0.932666877304	-0.637164479061
0.000000000000	0.000000000000	0.000000000000	1.000000000000
1	36	55
0.367977227511	-0.313922706088	0.875240135412	-1.448583266117
0.171028198210	0.948076695138	0.268141633385	-0.230472895588
-0.913970522200	0.051020728527	0.402560268544	0.674422065858
0.000000000000	0.000000000000	0.000000000000	1.000000000000
1	43	55
0.991198326102	0.057384593609	-0.119301662806	0.951879866579
0.029834796950	0.781159368537	0.623618413645	-0.443752379997
0.128979700817	-0.621688868617	0.772571800815	-0.399510665947
0.000000000000	0.000000000000	0.000000000000	1.000000000000
1	46	55
0.761664751327	0.190140495269	-0.619446041754	0.355919995077
-0.037054312391	0.967194245289	0.251321049284	-0.253678999363
0.646910955634	-0.168469237366	0.743723289632	0.031287489569
0.000000000000	0.000000000000	0.000000000000	1.000000000000
1	53	55
0.716191641551	0.175565782873	-0.675459982869	0.096377582621
-0.090858952616	0.983059816479	0.159179294991	-0.093795256140
0.691964004340	-0.052631294003	0.720010946853	-0.140082393947
0.000000000000	0.000000000000	0.000000000000	1.000000000000
2	18	55
-0.619309843619	-0.129395100926	0.774410889291	-1.323829310215
0.392226680111	0.803447763041	0.447917317675	-0.994931835944
-0.680157003203	0.581144216112	-0.446830897626	2.533707553130
0.000000000000	0.000000000000	0.000000000000	1.000000000000
2	19	55
-0.034385177791	-0.160122468380	0.986498076363	-1.066894653548
0.407546517008	0.899034923204	0.160131331518	-1.249297113127
-0.912536846392	0.407549999361	0.034343878608	2.603432895755
0.000000000000	0.000000000000	0.000000000000	1.000000000000
2	20	55
-0.490756889821	0.030342385933	0.870768060226	-1.202727037021
0.398338522684	0.896648562084	0.193255730725	-0.995959907619
-0.774909089145	0.441702044061	-0.452123000778	2.522401035171
0.000000000000	0.000000000000	0.000000000000	1.000000000000
2	21	55
-0.823630438888	-0.074498798477	0.562212441309	-1.311888055111
0.361315146970	0.695174101675	0.621437312148	-0.866689653734
-0.437131861922	0.714970557006	-0.545649006145	2.368878012310
0.000000000000	0.000000000000	0.000000000000	1.000000000000
2	36	55
0.277092165351	-0.214224692174	0.936657735336	-0.995549720937
0.387779951264	0.916845801954	0.094976233007	-0.262894411247
-0.879116966790	0.336899920899	0.337122829247	1.010114384656
0.000000000000	0.000000000000	0.000000000000	1.000000000000
2	43	55
0.997484686611	-0.006735645453	0.070561540926	1.031230091663
-0.022810622953	0.912016529282	0.409518651341	-0.327711540092
-0.067111664098	-0.410098136300	0.909568877626	-0.382864688782
0.000000000000	0.000000000000	0.000000000000	1.000000000000
2	47	55
0.626255966116	0.371132875798	-0.685612028341	0.044652877199
-0.314665798898	0.924935759414	0.213258706649	-0.032116051122
0.713294399184	0.082184119267	0.696029360467	0.284362492546
0.000000000000	0.000000000000	0.000000000000	1.000000000000
3	11	55
0.952496929801	0.234856941781	-0.193886089283	-0.220893616127
-0.122251630734	0.877946243694	0.462887601872	-0.323060574083
0.278933930355	-0.417196129034	0.864952745771	0.242269067140
0.000000000000	0.000000000000	0.000000000000	1.000000000000
3	18	55
-0.586897214010	-0.254641179975	0.768576300473	-1.406449384965
0.083266661879	0.925240648231	0.370130255289	-0.283783343084
-0.805368439416	0.281225198589	-0.521818037702	2.368227870339
0.000000000000	0.000000000000	0.000000000000	1.000000000000
3	20	55
-0.464884796465	-0.103792645317	0.879266292311	-1.254953451666
0.048978554264	0.988569100584	0.142591144862	-0.293224345914
-0.884015399887	0.109353647167	-0.454487131405	2.386054529116
0.000000000000	0.000000000000	0.000000000000	1.000000000000
3	34	55
0.975163665485	-0.106312953137	0.194302294155	-1.658113554809
0.003975163208	0.885528338157	0.464568359232	-0.045718410202
-0.221449821847	-0.452257800725	0.863957671467	-0.427681855304
0.000000000000	0.000000000000	0.000000000000	1.000000000000
3	36	55
0.320821358008	-0.314721471089	0.893321919513	-1.036881198415
0.057322615267	0.947901535130	0.313363682447	-0.102956414916
-0.945403497997	-0.049326213451	0.322147715562	0.714033823180
0.000000000000	0.000000000000	0.000000000000	1.000000000000
3	43	55
0.999362834449	0.011611607268	0.033750491821	0.983677164009
-0.031645479890	0.725590502750	0.687398709572	-0.399169844346
-0.016507232476	-0.688028773305	0.725495636362	-0.539417241416
0.000000000000	0.000000000000	0.000000000000	1.000000000000
3	44	55
0.962617189823	-0.253154681345	0.096337184775	1.003166262729
0.185127020204	0.874525309479	0.448256031160	-0.371299499691
-0.197727419059	-0.413664345085	0.888698867647	-0.523396670269
0.000000000000	0.000000000000	0.000000000000	1.000000000000
3	46	55
0.823773811517	0.191460802178	-0.533609846881	0.607872210987
-0.007529718428	0.944858022799	0.327393677538	-0.111158746453
0.566868601000	-0.265680405715	0.779790940714	-0.033002990642
0.000000000000	0.000000000000	0.000000000000	1.000000000000
3	53	55
0.745457070330	0.225077369867	-0.627402529377	0.415882589048
-0.068772536940	0.962211567197	0.263475308361	-0.023541421920
0.662996300485	-0.153261467847	0.732766557654	-0.125631105044
0.000000000000	0.000000000000	0.000000000000	1.000000000000
4	7	55
0.917576063267	-0.060758830579	0.392889975216	0.766749532832
-0.112419536048	0.908264724892	0.403009971876	-0.124772992334
-0.381334519856	-0.413960812184	0.826571491126	-0.398174118250
0.000000000000	0.000000000000	0.000000000000	1.000000000000
4	8	55
0.988619790109	-0.075625643958	0.130044886788	0.811078725039
-0.019701761630	0.791921165371	0.610305422249	-0.400037325219
-0.149140038865	-0.605922131807	0.781418977882	-0.226530749595
0.000000000000	0.000000000000	0.000000000000	1.000000000000
4	10	55
0.813267901644	0.322496359877	-0.484346382274	0.521724820366
-0.171312524613	0.928176539205	0.330363937165	-0.201690901036
0.556100116046	-0.185699784423	0.810103851984	-0.291818549434
0.000000000000	0.000000000000	0.000000000000	1.000000000000
4	19	55
0.899239140074	-0.019666691392	0.437015091512	-2.447575423965
-0.071100850534	0.979134966487	0.190366453071	-0.203184480923
-0.431640635266	-0.202257110262	0.879078166795	-0.072958646423
0.000000000000	0.000000000000	0.000000000000	1.000000000000
4	38	55
0.706496633012	-0.283042494007	0.648652028540	0.417715104516
0.054162611560	0.935478579882	0.349208015501	-0.116261952657
-0.705640786131	-0.211581599312	0.676242787600	0.177762196710
0.000000000000	0.000000000000	0.000000000000	1.000000000000
4	39	55
0.996813175432	-0.045780467211	0.065327192711	0.999062914767
0.014123882856	0.907277447054	0.420295312845	-0.127394449494
-0.078511204414	-0.418033231800	0.905032710952	0.226387607048
0.000000000000	0.000000000000	0.000000000000	1.000000000000
4	40	55
0.998937312174	-0.031739647851	0.033419172649	1.306387737298
-0.005016756829	0.645905290218	0.763401066425	-0.448954509407
-0.045815701426	-0.762757465268	0.645059664434	0.224172862772
0.000000000000	0.000000000000	0.000000000000	1.000000000000
4	41	55
0.999681520406	0.021626156174	-0.013006426407	1.261353961807
-0.003570296199	0.631407004496	0.775443387784	-0.492510058915
0.024982208545	-0.775149988094	0.631283126033	0.251651994302
0.000000000000	0.000000000000	0.000000000000	1.000000000000
4	43	55
0.554672799300	0.634335673778	-0.538475940678	1.103366410101
-0.123857201709	0.702888144387	0.700433901282	-0.467553587513
0.822798565447	-0.321817509548	0.468439976140	0.273765675460
0.000000000000	0.000000000000	0.000000000000	1.000000000000
4	44	55
0.666946892856	0.368416619969	-0.647650396619	1.158087452391
0.126879536770	0.800357053211	0.585943828814	-0.632062008082
0.734223007852	-0.472966998327	0.487051119734	0.473074620536
0.000000000000	0.000000000000	0.000000000000	1.000000000000
4	45	55
0.335129653608	0.514645031272	-0.789194910690	1.167978592208
-0.130110670108	0.854887785489	0.502233101005	-0.415502263997
0.933144859492	-0.065630526495	0.353459057312	0.395997096754
0.000000000000	0.000000000000	0.000000000000	1.000000000000
5	36	55
0.963177018772	0.195016304110	-0.185090982062	-0.561369911653
-0.174846325182	0.977278083701	0.119817818738	0.454692531604
0.204251788436	-0.083043291410	0.975389675295	-1.191053412866
0.000000000000	0.000000000000	0.000000000000	1.000000000000
5	42	55
0.501819493859	0.772540808652	-0.389047419411	0.612074709977
-0.101461689510	0.499248561697	0.860497762464	-0.560510886449
0.859001001830	-0.392341143154	0.328915956202	0.522081709535
0.000000000000	0.000000000000	0.000000000000	1.000000000000
5	43	55
0.164580859570	0.787760463731	-0.593587897826	0.719801954578
-0.095407715935	0.611686402278	0.785326118888	-0.612906961855
0.981738513253	-0.072616782151	0.175830300422	0.586781448558
0.000000000000	0.000000000000	0.000000000000	1.000000000000
5	44	55
0.565321509888	0.414457937264	-0.713187358761	0.696311825470
-0.056628180833	0.882065356666	0.467711402154	-0.448140673320
0.822924564947	-0.224020813338	0.522120518269	0.253194498678
0.000000000000	0.000000000000	0.000000000000	1.000000000000
6	36	55
0.970174463303	0.097250268682	-0.222044806279	-0.928364377538
-0.077529352490	0.992368371249	0.095886470616	0.200385098994
0.229675227782	-0.075811615113	0.970310202336	-0.866038299250
0.000000000000	0.000000000000	0.000000000000	1.000000000000
6	42	55
0.334560303028	0.858895770604	-0.387772431816	0.271585590956
-0.244660166047	0.476539572450	0.844423731925	-0.679901963511
0.910060880814	-0.187638192081	0.369568805617	0.810825763479
0.000000000000	0.000000000000	0.000000000000	1.000000000000
6	43	55
0.014450506310	0.782855338325	-0.622035933145	0.390948952965
-0.150337040099	0.616730171483	0.772685362846	-0.763054536754
0.988529188867	0.082349346313	0.126604217624	1.015281476693
0.000000000000	0.000000000000	0.000000000000	1.000000000000
6	44	55
0.251116893955	0.530973629387	-0.809325219220	0.412601535468
-0.094047213776	0.845545116769	0.525555493825	-0.669942367935
0.963377094990	-0.055861081304	0.262267253854	0.856653305623
0.000000000000	0.000000000000	0.000000000000	1.000000000000
7	36	55
0.947552212031	-0.088053415092	-0.307231836837	-1.055336501306
0.015958873233	0.973134619447	-0.229683100814	0.412100470807
0.319202318038	0.212733656305	0.923501094550	-0.852217828423
0.000000000000	0.000000000000	0.000000000000	1.000000000000
7	42	55
0.448383813976	0.690164598906	-0.568000688187	0.125333275883
-0.325038465904	0.717853358387	0.615659444445	-0.722109383432
0.832647555120	-0.091429657490	0.546203869159	0.626190254639
0.000000000000	0.000000000000	0.000000000000	1.000000000000
7	43	55
-0.976538486071	0.110695968917	-0.184713258019	-1.044466536337
-0.168827384194	-0.926025846874	0.337599533869	-2.967506637582
-0.133678343678	0.360863593880	0.922988389441	-0.127188524020
0.000000000000	0.000000000000	0.000000000000	1.000000000000
8	10	55
0.709351765178	0.410581802648	-0.572924651742	-0.385516833125
-0.546300862376	0.833874134822	-0.078799080211	0.027654766696
0.445393579889	0.368885497965	0.815811282335	-0.064242631170
0.000000000000	0.000000000000	0.000000000000	1.000000000000
8	18	55
0.869815849149	-0.145096825889	-0.471558373572	1.548674200038
0.462723041335	0.571552896758	0.677653800422	-2.620722195283
0.171195138913	-0.807634940629	0.564285412790	-0.295639069052
0.000000000000	0.000000000000	0.000000000000	1.000000000000
8	20	55
-0.848213469974	0.021472833933	0.529219072556	-1.765170625880
0.529283515803	0.071755119565	0.845405324513	-1.882921622456
-0.019820929688	0.997191115193	-0.072228875992	1.364897590349
0.000000000000	0.000000000000	0.000000000000	1.000000000000
8	36	55
0.998591777174	0.045395752300	0.027453382901	-1.503891003957
-0.028900535191	0.899451397700	-0.436064149226	0.917081009892
-0.044488443726	0.434656656279	0.899496731249	-0.327744343885
0.000000000000	0.000000000000	0.000000000000	1.000000000000
8	43	55
0.343004026398	0.724448661574	-0.597931747459	0.257276120261
-0.628367959596	0.650113340774	0.427207621071	-0.553114311206
0.698213395194	0.229187217993	0.678211820805	0.408669444293
0.000000000000	0.000000000000	0.000000000000	1.000000000000
8	44	55
0.517655336131	0.425402179137	-0.742338156746	0.254490608641
-0.464388357544	0.868407652436	0.173814851404	-0.518217413814
0.718593352567	0.254757012025	0.647087674485	0.418632691696
0.000000000000	0.000000000000	0.000000000000	1.000000000000
9	18	55
0.184654163051	-0.385296362029	0.904129168579	-3.164512342878
0.498935883674	0.829336432799	0.251523488394	-0.413935438629
-0.846738344502	0.404657626444	0.345378605751	0.462579123604
0.000000000000	0.000000000000	0.000000000000	1.000000000000
9	19	55
0.809970097844	-0.206857848403	0.548778890951	-2.964976254106
0.351310223996	0.920403323855	-0.171577527527	-0.445912979995
-0.469605757114	0.331764301863	0.818170447336	0.505289558532
0.000000000000	0.000000000000	0.000000000000	1.000000000000
9	20	55
0.391491544862	-0.206849073713	0.896631379668	-2.965289148696
0.524143950191	0.851008166869	-0.032530284366	-0.360809864803
-0.756311767580	0.482699244486	0.441581192527	0.453785193893
0.000000000000	0.000000000000	0.000000000000	1.000000000000
9	37	55
0.619425389897	-0.330308865874	0.712185537256	-0.843335924657
0.464607463736	0.885492191808	0.006594155591	0.081616145186
-0.632812840414	0.326802128775	0.701960310584	0.280438586306
0.000000000000	0.000000000000	0.000000000000	1.000000000000
9	38	55
0.622073745804	-0.414854571319	0.664018026440	-0.128968171272
0.492174014454	0.866771954654	0.080443260262	0.027563843167
-0.608924456954	0.276770777507	0.743376716370	0.370678635986
0.000000000000	0.000000000000	0.000000000000	1.000000000000
9	39	55
0.977436165303	-0.122027589392	0.172417546049	0.399286137990
0.137538089218	0.987176009184	-0.081035800143	0.093533458690
-0.160317861676	0.102921301575	0.981684974373	0.389639179963
0.000000000000	0.000000000000	0.000000000000	1.000000000000
9	40	55
0.982334637918	-0.169482987743	0.079335843174	0.726038342013
0.146389500054	0.960073682609	0.238387579868	-0.012930335689
-0.116570894396	-0.222562442535	0.967924163224	0.184142601539
0.000000000000	0.000000000000	0.000000000000	1.000000000000
9	41	55
0.987718908251	-0.140194356538	0.068970288380	0.671069066279
0.096643929977	0.895062577690	0.435342316823	-0.336513854410
-0.122765260082	-0.423330278167	0.897619165629	0.237265713432
0.000000000000	0.000000000000	0.000000000000	1.000000000000
9	42	55
0.833772326214	0.442279029190	-0.330473854303	0.548344172907
-0.260724995223	0.843032042459	0.470446014174	-0.307569006514
0.486668454808	-0.306082073512	0.818209984887	0.321722578400
0.000000000000	0.000000000000	0.000000000000	1.000000000000
10	11	55
0.704740432312	0.374201318160	-0.602755586081	-0.393068671183
-0.345262562318	0.923092678691	0.169392058869	-0.133941963589
0.619786000267	0.088731505305	0.779738439376	0.254873682533
0.000000000000	0.000000000000	0.000000000000	1.000000000000
10	34	55
0.968750282805	0.029860600912	-0.246234104215	-1.467157133125
-0.005585577536	0.995101560447	0.098699978311	0.551059775449
0.247975182002	-0.094240272220	0.964171706805	-0.815374411269
0.000000000000	0.000000000000	0.000000000000	1.000000000000
10	46	55
0.467732373410	0.302444850746	-0.830514021026	0.391200243206
-0.324970809990	0.932664072921	0.156625986789	-0.014599307871
0.821961312665	0.196633769583	0.534522928546	0.418463279820
0.000000000000	0.000000000000	0.000000000000	1.000000000000
10	53	55
0.385656521553	0.237202590992	-0.891629955873	0.244318620474
-0.351760888381	0.931197299586	0.095581727593	0.170025838128
0.852955640576	0.276778828797	0.442560905571	0.260918686626
0.000000000000	0.000000000000	0.000000000000	1.000000000000
11	18	55
-0.801050405882	-0.295960874000	0.520312798514	-0.554578739746
0.197163397805	0.690264945879	0.696175911000	-1.125020864517
-0.565194516783	0.660258635348	-0.494584363527	2.208048347236
0.000000000000	0.000000000000	0.000000000000	1.000000000000
11	19	55
-0.188288104159	-0.416586358939	0.889383716614	-0.245644911052
0.477306469756	0.752625828382	0.453577883479	-1.270874355410
-0.858327515440	0.509911921804	0.057128873966	2.024459323861
0.000000000000	0.000000000000	0.000000000000	1.000000000000
11	20	55
-0.698577520448	-0.226614848061	0.678701081893	-0.345002685961
0.270838011834	0.794206395428	0.543951259588	-1.161159306502
-0.662296171867	0.563810173817	-0.493438819541	2.088681949673
0.000000000000	0.000000000000	0.000000000000	1.000000000000
11	21	55
-0.953522848638	-0.222838289834	0.202823257317	-0.491868589501
0.037763799660	0.579430108210	0.814146574724	-1.056495177226
-0.298944932320	0.783966737996	-0.544084626833	2.062621574312
0.000000000000	0.000000000000	0.000000000000	1.000000000000
11	33	55
0.989590679605	-0.131177135365	-0.059184846000	-2.031337690959
0.132400711327	0.991046472255	0.017231989730	0.245293807694
0.056394489790	-0.024888732138	0.998098298032	-0.066827584057
0.000000000000	0.000000000000	0.000000000000	1.000000000000
11	43	55
0.953866018805	-0.290739148891	0.074902372934	1.140962269862
0.251087296751	0.909282589066	0.331904116624	0.508531062158
-0.164604943969	-0.297785024009	0.940334670156	-0.952949630910
0.000000000000	0.000000000000	0.000000000000	1.000000000000
11	44	55
0.759503987963	-0.587318802803	0.279661073699	0.871985842356
0.603342837776	0.796728487994	0.034657416565	0.777753554007
-0.243168896804	0.142409059727	0.959473057118	-0.903234701601
0.000000000000	0.000000000000	0.000000000000	1.000000000000
11	45	55
0.932829094140	-0.299574049118	0.200213062065	0.823707496228
0.324658747296	0.939827147266	-0.106403153462	0.709721477651
-0.156290047444	0.164256879180	0.973957441941	-0.780260949436
0.000000000000	0.000000000000	0.000000000000	1.000000000000
11	52	55
0.564529085441	0.129119643728	-0.815251512906	-0.012888612807
-0.279084636296	0.959377592534	-0.041308603550	0.175485814478
0.776800281588	0.250844080152	0.577631863714	-0.346060278119
0.000000000000	0.000000000000	0.000000000000	1.000000000000
12	22	55
-0.988706056899	-0.096803240103	0.114409203113	0.070291880819
-0.014836179057	0.822872587560	0.568032210735	-0.485420012868
-0.149131555489	0.559919491844	-0.815015301581	1.865332004095
0.000000000000	0.000000000000	0.000000000000	1.000000000000
12	25	55
0.981570968337	0.119980578903	-0.148738343423	1.507911846616
-0.076102588278	0.959378726386	0.271663128554	0.208365519025
0.175290701908	-0.255337267245	0.950829138058	-0.102695437385
0.000000000000	0.000000000000	0.000000000000	1.000000000000
12	30	55
0.991734612325	-0.039270577801	0.122148599808	-1.510436447456
0.013838868075	0.979194690538	0.202450595833	-0.441710678472
-0.127557612263	-0.199086864815	0.971644727157	1.487607980044
0.000000000000	0.000000000000	0.000000000000	1.000000000000
12	34	55
0.284271111083	-0.540149294913	0.792103954420	-1.443967650881
0.600105773663	0.744574899727	0.292371816551	0.029687716578
-0.747705152999	0.392233295248	0.535807844547	0.118081953401
0.000000000000	0.000000000000	0.000000000000	1.000000000000
12	46	55
0.945958853698	-0.225659676708	0.232893875871	0.321741856699
0.240483847854	0.969948934903	-0.036967318025	0.677523248546
-0.217553133812	0.090976777194	0.971799289967	-1.274383068258
0.000000000000	0.000000000000	0.000000000000	1.000000000000
13	15	55
0.438905473044	0.355792251319	-0.825090213027	0.500433248169
-0.496737572752	0.861260978195	0.107150880791	-0.329213183924
0.748741457079	0.362824201700	0.554747536373	0.611967226789
0.000000000000	0.000000000000	0.000000000000	1.000000000000
13	16	55
0.456487390523	0.354997542407	-0.815840675119	0.561778398063
-0.491184491569	0.865109548996	0.101603461942	0.068975242112
0.741860537794	0.354347588000	0.569280887913	0.122223906398
0.000000000000	0.000000000000	0.000000000000	1.000000000000
13	23	55
0.404397232606	0.290777616043	-0.867128165999	0.278197983407
-0.473134684856	0.877898911414	0.073736499274	0.010829700437
0.782691796461	0.380449575301	0.492596866013	0.492366871410
0.000000000000	0.000000000000	0.000000000000	1.000000000000
13	27	55
0.964910738942	-0.169319479015	0.200694244813	0.820179518421
-0.188613989953	0.084810309756	0.978382325143	-2.624207153393
-0.182680126639	-0.981905354596	0.049898356143	1.556217022005
0.000000000000	0.000000000000	0.000000000000	1.000000000000
13	30	55
0.049803864808	-0.657970793399	0.751394709912	-0.315462228814
0.570036121318	0.636483934423	0.519564261295	-0.907142226106
-0.820108770495	0.402445817789	0.406766478832	1.963448451325
0.000000000000	0.000000000000	0.000000000000	1.000000000000
13	31	55
-0.076215681209	-0.822538543748	0.563579199391	-0.231801714825
0.576113273706	0.424997683262	0.698190851474	-0.753473136235
-0.813808740306	0.377898548913	0.441483885246	1.445502313724
0.000000000000	0.000000000000	0.000000000000	1.000000000000
13	33	55
0.087759701922	-0.548042682253	0.831833789376	-1.437350358189
0.594835582377	0.698660693484	0.397547312051	-0.351375712216
-0.799042467368	0.459915702938	0.387309542270	0.922369401542
0.000000000000	0.000000000000	0.000000000000	1.000000000000
13	47	55
0.594576010454	-0.324053472051	0.735845578259	-1.576314278182
0.462010340966	0.886708153887	0.017178319768	0.731916450856
-0.658046968409	0.329754449676	0.676931451689	-0.746876341872
0.000000000000	0.000000000000	0.000000000000	1.000000000000
13	51	55
0.998332337712	0.054673911152	0.018528543323	-2.057804951119
-0.042497474305	0.913281035933	-0.405107040279	0.562024348911
-0.039070553567	0.403644042251	0.914081494725	-0.425759182424
0.000000000000	0.000000000000	0.000000000000	1.000000000000
14	22	55
0.766889786612	0.290136266809	-0.572451746327	-0.082628236893
-0.150260778476	0.948356764403	0.279358454074	0.370122051590
0.623940504890	-0.128220100190	0.770881218000	-0.678921895494
0.000000000000	0.000000000000	0.000000000000	1.000000000000
14	27	55
0.697918895652	-0.448613188331	0.558261070063	0.323417615906
0.418869015105	0.887966557942	0.189905608558	-0.416720909615
-0.580911321353	0.101299551986	0.807638803854	1.087653044780
0.000000000000	0.000000000000	0.000000000000	1.000000000000
14	28	55
0.839977838173	-0.339432327089	0.423347288529	0.807449281674
0.266891735200	0.937735016051	0.222310236729	-0.504049857332
-0.472446857393	-0.073747779623	0.878268314321	1.628226624258
0.000000000000	0.000000000000	0.000000000000	1.000000000000
14	48	55
0.285814901986	-0.394846314203	0.873158765611	-2.213150456181
0.508654796130	0.834723787170	0.210965631104	0.103305023170
-0.812145393496	0.383839272734	0.439416968868	0.311060939899
0.000000000000	0.000000000000	0.000000000000	1.000000000000
14	50	55
0.906665970709	-0.134606430908	0.399797356565	-2.252690520783
0.252498463704	0.932372057415	-0.258702285221	-0.166851280305
-0.337936892609	0.335504776880	0.879337933507	0.569364636465
0.000000000000	0.000000000000	0.000000000000	1.000000000000
14	52	55
0.277548523277	-0.297632872278	0.913444848125	-2.328239665108
0.397085996484	0.901323220781	0.173029370562	-0.180120401609
-0.874808281067	0.314692111467	0.368346774598	0.165645380205
0.000000000000	0.000000000000	0.000000000000	1.000000000000
15	17	55
0.851769760566	0.213069014485	-0.478633335709	-0.238122846921
-0.201320487766	0.976537538708	0.076449308039	0.299196980080
0.483692398319	0.031241487802	0.874680303453	-0.636544666360
0.000000000000	0.000000000000	0.000000000000	1.000000000000
15	26	55
0.547042198051	-0.485270163364	0.682098015024	0.178875291263
0.437634649943	0.860397423537	0.261136337457	-0.207717462338
-0.713597047865	0.155657129998	0.683044735841	0.654604331271
0.000000000000	0.000000000000	0.000000000000	1.000000000000
15	48	55
-0.059518451411	-0.364223319361	0.929407837053	-2.157069139843
0.543533539316	0.769111436229	0.336212567136	-0.216849253601
-0.837274653612	0.525175182482	0.152191268227	1.016066865882
0.000000000000	0.000000000000	0.000000000000	1.000000000000
15	50	55
0.651345300248	-0.129271520567	0.747688554021	-2.160993218859
0.346354519808	0.927388267222	-0.141384399518	-0.640596755762
-0.675120616225	0.351055374249	0.648823764791	1.466518589366
0.000000000000	0.000000000000	0.000000000000	1.000000000000
15	52	55
-0.064264778188	-0.230135001274	0.971034458438	-2.363275729788
0.422021235966	0.875485836571	0.235420106103	-0.371281033545
-0.904305321602	0.424926383215	0.040858954583	0.994345271515
0.000000000000	0.000000000000	0.000000000000	1.000000000000
16	21	55
0.780339682684	0.301040435293	-0.548128302451	-0.485503065684
-0.296160891945	0.949882256546	0.100062104619	0.241563505381
0.550780088340	0.084251735987	0.830387222488	-0.476328773766
0.000000000000	0.000000000000	0.000000000000	1.000000000000
16	25	55
0.718765248990	-0.555085721564	0.418636308219	0.205580433939
0.369207880042	0.814959146006	0.446684599751	-0.360756637604
-0.589119731598	-0.166497543694	0.790706335997	0.903878115120
0.000000000000	0.000000000000	0.000000000000	1.000000000000
16	47	55
-0.538147331877	-0.289665035903	0.791512233746	-2.056412271089
0.444176117906	0.700638252102	0.558402736358	-0.564213602114
-0.716313496645	0.652073773945	-0.248384314839	1.531723179216
0.000000000000	0.000000000000	0.000000000000	1.000000000000
16	50	55
0.579840320147	-0.084397656126	0.810346986650	-1.693115186896
0.326918249618	0.935138463040	-0.136530264083	-0.875939356590
-0.746263801346	0.344082970495	0.569822119803	2.011018337363
0.000000000000	0.000000000000	0.000000000000	1.000000000000
16	52	55
-0.228329521304	-0.194837826980	0.953888804253	-2.034089852931
0.410522856260	0.869142634816	0.275793518474	-0.670828231096
-0.882800438485	0.454564958529	-0.118465540513	1.732659206041
0.000000000000	0.000000000000	0.000000000000	1.000000000000
17	18	55
0.758780035853	0.271958731749	-0.591854125116	-0.188197172437
-0.301699330420	0.952055074113	0.050681849606	0.035096469640
0.577261094493	0.140105617592	0.804450150540	-0.170506844124
0.000000000000	0.000000000000	0.000000000000	1.000000000000
17	23	55
0.894891046452	-0.200937147059	0.398489997255	0.418487195568
0.234881330205	0.971292546494	-0.037703446085	-0.127028821080
-0.379474341296	0.127338336951	0.916397387731	0.721081326526
0.000000000000	0.000000000000	0.000000000000	1.000000000000
17	34	55
-0.894121781502	0.235939015844	-0.380629768471	0.787578660304
-0.159287405145	0.626812557575	0.762714586348	-0.864091884750
0.418537647537	0.742589252864	-0.522864647041	2.198636668140
0.000000000000	0.000000000000	0.000000000000	1.000000000000
17	47	55
0.441118311428	-0.421618747542	0.792245080164	-2.475950669287
0.426318912712	0.875256953694	0.228423837798	-0.231280419998
-0.789725787845	0.236987123558	0.565835915510	0.640568982671
0.000000000000	0.000000000000	0.000000000000	1.000000000000
17	53	55
-0.960147861157	-0.032753022225	0.277566792413	-1.098625687158
0.159307374382	0.751858237726	0.639789301905	-1.055316819982
-0.229645912620	0.658510766730	-0.716677280872	2.608058131135
0.000000000000	0.000000000000	0.000000000000	1.000000000000
18	21	55
0.936049112371	-0.153689408951	0.316530606429	0.027094230881
0.122620758744	0.985655512475	0.115962753728	0.001206887398
-0.329812384175	-0.069733609569	0.941467479492	0.089279560925
0.000000000000	0.000000000000	0.000000000000	1.000000000000
18	34	55
-0.422775513829	0.455816122552	-0.783257637900	2.397455224012
-0.298392031912	0.746086106639	0.595245929656	-0.395136539054
0.855700333177	0.485373241848	-0.179415038108	1.482544002110
0.000000000000	0.000000000000	0.000000000000	1.000000000000
18	35	55
-0.197632004677	0.276878538313	-0.940361561182	1.943184150735
-0.327400177010	0.885554196710	0.329549524022	-0.314112435657
0.923986317442	0.373004074658	-0.084363768692	1.177704476265
0.000000000000	0.000000000000	0.000000000000	1.000000000000
18	43	55
-0.589147713311	0.634639118737	-0.500138141786	0.821299784602
-0.249716009057	0.445659858287	0.859668078698	-1.620265065933
0.768470485264	0.631363983515	-0.104079938502	3.310362885502
0.000000000000	0.000000000000	0.000000000000	1.000000000000
18	44	55
-0.358117140514	0.547666611723	-0.756183440757	0.997873936771
-0.130122755106	0.772719454679	0.621267022273	-1.467300266804
0.924564861042	0.320883042188	-0.205460193132	3.303939519087
0.000000000000	0.000000000000	0.000000000000	1.000000000000
18	46	55
-0.943047890830	0.143375993759	-0.300173283313	0.754072004278
-0.089943730306	0.758844058332	0.645031643032	-0.977315696008
0.320266765338	0.635294435319	-0.702730516964	2.855655105367
0.000000000000	0.000000000000	0.000000000000	1.000000000000
18	53	55
-0.973181103502	0.094591436612	-0.209692631977	0.993635379088
-0.050947634671	0.800284434699	0.597452225789	-0.888466734609
0.224327613787	0.592112559990	-0.774002479321	2.745982668600
0.000000000000	0.000000000000	0.000000000000	1.000000000000
18	54	55
-0.878067560281	0.191192973186	-0.438682808629	0.845389590325
-0.136610184808	0.778418764518	0.612700485109	-0.901633740876
0.458622957328	0.597920959701	-0.657385358037	3.058772472564
0.000000000000	0.000000000000	0.000000000000	1.000000000000
19	35	55
0.451566697842	0.259992652690	-0.853517040221	2.427446338386
-0.219770241644	0.959541229297	0.176016107690	0.266219683492
0.864747684754	0.108094633660	0.490435512465	-0.430114127654
0.000000000000	0.000000000000	0.000000000000	1.000000000000
19	44	55
0.216762597990	0.389221016547	-0.895277038905	3.181644827305
-0.061428039414	0.920701988523	0.385401666191	-0.422739958565
0.974289778293	-0.028545553201	0.223482838952	2.048837482226
0.000000000000	0.000000000000	0.000000000000	1.000000000000
19	45	55
0.030350539705	0.343577447757	-0.938633784888	3.119714449698
-0.225545062020	0.917200719535	0.328439134519	-0.341972839928
0.973759862460	0.201735910233	0.105329733618	1.899819907154
0.000000000000	0.000000000000	0.000000000000	1.000000000000
19	54	55
-0.430302218594	0.443045195586	-0.786480104860	2.803338182011
-0.081061862096	0.848781899962	0.522492354787	-0.532321163512
0.899037805204	0.288583161265	-0.329318666109	2.166800719771
0.000000000000	0.000000000000	0.000000000000	1.000000000000
20	21	55
0.875591389016	-0.236646993244	0.421115091239	0.137977960317
0.100253468012	0.941822441249	0.320811052352	0.075358071473
-0.472534614216	-0.238681146612	0.848376301307	-0.040126842306
0.000000000000	0.000000000000	0.000000000000	1.000000000000
20	34	55
-0.207994012315	0.453946261273	-0.866412882359	2.631814141680
-0.096822566643	0.871879367959	0.480053911886	0.108785427862
0.973326194772	0.183736658303	-0.137393445862	0.884853019545
0.000000000000	0.000000000000	0.000000000000	1.000000000000
20	35	55
-0.003883843155	0.268707879375	-0.963213886592	2.152266439758
-0.114009274153	0.956821567345	0.267384318297	0.033536621494
0.993472093805	0.110853794819	0.026919045392	0.709989183095
0.000000000000	0.000000000000	0.000000000000	1.000000000000
20	37	55
-0.707505229985	-0.541514513970	0.454090718584	-0.823971195060
0.584599151983	-0.809490318899	-0.054490871795	0.877706642960
0.397089638551	0.226908472226	0.889287559897	1.317636720990
0.000000000000	0.000000000000	0.000000000000	1.000000000000
20	43	55
-0.631325893337	0.603208574872	-0.487408485363	1.013281277104
-0.133913589702	0.534260059479	0.834645636985	-1.012022408639
0.763868291590	0.592204022315	-0.256514383724	3.582266754444
0.000000000000	0.000000000000	0.000000000000	1.000000000000
20	44	55
-0.256043578321	0.541716698440	-0.800615203847	1.499311116883
0.023856762935	0.831512742400	0.554993165804	-0.715604587948
0.966370809194	0.123002348996	-0.225827104836	3.193030111029
0.000000000000	0.000000000000	0.000000000000	1.000000000000
20	45	55
-0.460894519626	0.334983246039	-0.821804396832	1.542186671389
-0.068424711153	0.909853637603	0.409248600541	-0.383192868355
0.884813144501	0.244852165632	-0.396425423382	3.132932566913
0.000000000000	0.000000000000	0.000000000000	1.000000000000
20	46	55
-0.906532350466	0.169251503979	-0.386720863105	1.234581898086
-0.041449403434	0.875988758794	0.480547231207	-0.291513699090
0.420096470486	0.451660960087	-0.787096774621	2.795079938617
0.000000000000	0.000000000000	0.000000000000	1.000000000000
20	53	55
-0.924657896318	0.101963556698	-0.366894000880	1.537597211526
-0.053443480684	0.919201012351	0.390145220739	-0.162600217823
0.377029931370	0.380358951517	-0.844497187001	2.612419773837
0.000000000000	0.000000000000	0.000000000000	1.000000000000
20	54	55
-0.769711105302	0.235272198992	-0.593457502064	1.438599398421
-0.084192098201	0.884082193537	0.459685072274	-0.187928974745
0.632816327993	0.403789137363	-0.660679822284	2.801081449535
0.000000000000	0.000000000000	0.000000000000	1.000000000000
21	34	55
-0.677643191119	0.370062269750	-0.635494785217	1.741631919770
-0.282504047059	0.666853265107	0.689563765152	-0.759094090596
0.678963304550	0.646808039007	-0.347344485707	1.893794145892
0.000000000000	0.000000000000	0.000000000000	1.000000000000
21	35	55
-0.518450828964	0.264710194069	-0.813103468879	1.365033306639
-0.347936495573	0.803301529534	0.483370300802	-0.712836080598
0.781120306352	0.533512104647	-0.324370006628	1.551055091499
0.000000000000	0.000000000000	0.000000000000	1.000000000000
21	36	55
0.240885840175	0.326137091907	-0.914116299650	0.584125980424
-0.407352084785	0.888851605315	0.209778699468	-0.565675213869
0.880930355377	0.321834462126	0.346964390051	1.379099593614
0.000000000000	0.000000000000	0.000000000000	1.000000000000
21	43	55
0.281583808104	-0.907645743567	-0.311271205219	1.962665773700
-0.929520283093	-0.177519846020	-0.323231724290	0.008625113183
0.238123082317	0.380349718619	-0.893661842765	4.811939504771
0.000000000000	0.000000000000	0.000000000000	1.000000000000
21	45	55
-0.871976097130	0.250102794811	-0.420839967282	-0.502759172424
-0.143460263911	0.691363268305	0.708121447152	-1.557983041736
0.468056448212	0.677838788552	-0.566972431447	3.076243327855
0.000000000000	0.000000000000	0.000000000000	1.000000000000
21	46	55
-0.999925182551	0.012114623207	0.001692691469	-0.265185762207
0.009552725108	0.686939485841	0.726651834262	-1.239975178428
0.007640336568	0.726613637841	-0.687003818446	2.682910041006
0.000000000000	0.000000000000	0.000000000000	1.000000000000
21	47	55
-0.952433280207	-0.074721779310	0.295444584399	0.232707782365
0.162636480057	0.695244038702	0.700132203233	-0.949032312523
-0.257721210048	0.714879278163	-0.650021073155	2.501855220445
0.000000000000	0.000000000000	0.000000000000	1.000000000000
21	53	55
-0.992343102366	-0.014480634560	0.122660011454	-0.058874124023
0.070181135698	0.751098027507	0.656449816259	-1.154967162944
-0.101635502554	0.660031866123	-0.744330679418	2.709933642804
0.000000000000	0.000000000000	0.000000000000	1.000000000000
21	54	55
-0.993046835953	0.035616701713	-0.112202638837	-0.348118051197
-0.053205911268	0.714430382318	0.697680700484	-1.179313978272
0.105010059561	0.698799455767	-0.707567811599	2.900419535676
0.000000000000	0.000000000000	0.000000000000	1.000000000000
22	24	55
0.771618272348	-0.262178164347	0.579541070087	0.544573576386
0.389976954734	0.914773318306	-0.105393315217	-0.707023562014
-0.502516881860	0.307331069461	0.808099249591	0.880295510310
0.000000000000	0.000000000000	0.000000000000	1.000000000000
22	33	55
0.966773223431	-0.181957908516	0.179557383547	-0.165866200405
0.198889254989	0.976656729148	-0.081146149994	0.042063585217
-0.160600743172	0.114161959240	0.980395047088	0.296773234139
0.000000000000	0.000000000000	0.000000000000	1.000000000000
22	47	55
-0.731068959981	-0.179079522357	0.658383399263	-1.281869853161
0.475261632340	0.558695722651	0.679695130420	-1.200267453505
-0.489555468336	0.809808381140	-0.323335474791	1.911186327173
0.000000000000	0.000000000000	0.000000000000	1.000000000000
22	48	55
-0.499486214949	-0.822849333477	0.270984308537	-2.048657165493
0.824467652400	-0.355450678043	0.440349753747	-2.683658421876
-0.266019945159	0.443366428450	0.855955372027	0.823464326202
0.000000000000	0.000000000000	0.000000000000	1.000000000000
22	49	55
0.895016138417	-0.391909377913	0.212962793646	-1.882988586913
0.442548874382	0.839833079143	-0.314373810871	-0.080822013258
-0.055647154080	0.375616078838	0.925103213464	0.245620117445
0.000000000000	0.000000000000	0.000000000000	1.000000000000
22	51	55
-0.847782611270	-0.492954744878	-0.195602309623	0.490759666069
-0.363175255042	0.808400312115	-0.463241480761	0.586175069350
0.386482054115	-0.321690153524	-0.864376692752	5.139953850876
0.000000000000	0.000000000000	0.000000000000	1.000000000000
22	52	55
0.657077611023	-0.070469867830	0.750521825678	-2.456317220659
0.456587501645	0.829417058017	-0.321862077936	0.514022705212
-0.599814026540	0.554167250565	0.577167039917	0.188907791845
0.000000000000	0.000000000000	0.000000000000	1.000000000000
23	25	55
0.738121093050	-0.523322985023	0.425805478290	0.170750645237
0.343511337705	0.834713069589	0.430411491860	-0.170483342611
-0.580669624539	-0.171426791384	0.795886701945	0.342873049915
0.000000000000	0.000000000000	0.000000000000	1.000000000000
