0	1	57
0.824536489280	-0.304510999573	0.476878002202	-0.235174537790
0.219453086806	0.948962121024	0.226519834789	0.060648846376
-0.521516941754	-0.082121519717	0.849279774552	-0.039519406045
0.000000000000	0.000000000000	0.000000000000	1.000000000000
0	14	57
0.952551619129	0.068037080599	-0.296675527400	0.721243966484
-0.053073768149	0.996892426698	0.058212238639	-0.063742416370
0.299714177224	-0.039704474012	0.953202479390	0.136654913704
0.000000000000	0.000000000000	0.000000000000	1.000000000000
0	24	57
0.485915359232	-0.339306615601	0.805454706530	-1.332816637305
0.293735650725	0.931361210424	0.215141030979	-0.285831721734
-0.823168045514	0.132050430999	0.552229166667	1.136596374894
0.000000000000	0.000000000000	0.000000000000	1.000000000000
0	25	57
0.599800072550	-0.378927300493	0.704736811803	-1.287488103474
0.310676489870	0.921943743281	0.231300352067	-0.113341249901
-0.737373712313	0.080211191023	0.670705727740	0.400323522826
0.000000000000	0.000000000000	0.000000000000	1.000000000000
0	26	57
0.838997414460	-0.302807967551	0.452095867396	-1.909927616289
0.237807545297	0.951355476018	0.195883459360	0.026018976699
-0.489418951338	-0.056833907474	0.870194804071	-0.039206396648
0.000000000000	0.000000000000	0.000000000000	1.000000000000
1	2	57
0.702928369945	-0.073052749207	0.707499118416	-0.456885856909
0.446527491582	0.819585467707	-0.359016518262	-0.063547349147
-0.553628852199	0.568280702608	0.608729937703	-0.154715630421
0.000000000000	0.000000000000	0.000000000000	1.000000000000
1	14	57
0.626766341834	0.315647456848	-0.712411844182	0.642096551591
-0.362725530699	0.927366587326	0.091768197600	-0.455554936563
0.689633338901	0.200892746750	0.695735554776	0.554865728272
0.000000000000	0.000000000000	0.000000000000	1.000000000000
1	15	57
0.892858247330	-0.261296190866	0.366781202918	0.042542380537
0.279318431904	0.960189793783	0.004095548123	-0.289838841055
-0.353249718717	0.098792006532	0.930298218676	0.477059825070
0.000000000000	0.000000000000	0.000000000000	1.000000000000
1	16	57
0.532852439425	-0.285088234005	0.796738963921	-0.570742153471
0.431204670155	0.901604778399	0.034225078595	-0.075114815324
-0.728100824223	0.325320645518	0.603353683477	0.082748720484
0.000000000000	0.000000000000	0.000000000000	1.000000000000
1	23	57
0.206306419339	-0.386828858745	0.898777556118	-1.803931907968
0.562564105628	0.798439757413	0.214512425843	-0.285498601976
-0.800599330751	0.461364701536	0.382339278361	0.751477017079
0.000000000000	0.000000000000	0.000000000000	1.000000000000
1	24	57
0.893352880864	-0.150559737724	0.423382091765	-1.590289625976
0.214985846750	0.970573515316	-0.108481044723	-0.047953515169
-0.394590567485	0.187933011320	0.899432858699	0.393615339184
0.000000000000	0.000000000000	0.000000000000	1.000000000000
1	25	57
0.949280272972	-0.171711822739	0.263404656904	-1.074416325382
0.198868614251	0.976759024861	-0.079956748426	0.181211453150
-0.243553356809	0.128284283078	0.961366165986	-0.161775441340
0.000000000000	0.000000000000	0.000000000000	1.000000000000
2	15	57
0.944579084578	0.174158690320	-0.278278823419	-0.076470338781
0.002778994567	0.843404822769	0.537271423136	0.084965686918
0.328272189146	-0.508268684374	0.796178569366	0.859840439896
0.000000000000	0.000000000000	0.000000000000	1.000000000000
2	16	57
0.965748792277	0.016105096069	0.258978563003	-0.275942395962
-0.102261443889	0.940917237705	0.322827119189	0.116772431901
-0.238478232357	-0.338253422260	0.910336616324	0.064903006943
0.000000000000	0.000000000000	0.000000000000	1.000000000000
2	23	57
0.849977393341	-0.198150290404	0.488134093485	-1.490967964588
0.034323087366	0.945428842811	0.324015784884	0.454827868413
-0.525699873011	-0.258651823100	0.810394273131	-0.378367387861
0.000000000000	0.000000000000	0.000000000000	1.000000000000
3	4	57
0.961949891750	0.048312602117	0.268920616984	0.033845016437
0.146032323700	0.740955339076	-0.655484359790	0.292651289189
-0.230926322010	0.669814211533	0.705706706665	-0.500731323272
0.000000000000	0.000000000000	0.000000000000	1.000000000000
3	12	57
0.837727389753	0.273024855728	-0.472937890861	-0.041216443724
-0.360944234740	0.926730687668	-0.104352728486	0.031362604110
0.409795168182	0.258123343945	0.874894427600	-0.081035688515
0.000000000000	0.000000000000	0.000000000000	1.000000000000
3	16	57
0.800907986196	0.290897080361	-0.523378721658	0.005087203922
-0.379454237826	0.922722153082	-0.067810836944	-0.068982404271
0.463207166442	0.252908514781	0.849397671358	0.051853840880
0.000000000000	0.000000000000	0.000000000000	1.000000000000
3	17	57
0.969331148004	-0.054338317156	0.239675765980	-0.211430256718
0.088379121272	0.987080111524	-0.133648734963	0.399881214557
-0.229316934465	0.150732215278	0.961609870397	-0.567338786208
0.000000000000	0.000000000000	0.000000000000	1.000000000000
4	17	57
0.997117265555	0.075849593334	-0.001999480573	-0.192774643251
-0.062540093598	0.836501421689	0.544384154991	0.060187951816
0.042963885116	-0.542689792334	0.838833650894	-0.217996166587
0.000000000000	0.000000000000	0.000000000000	1.000000000000
5	6	57
0.868113715212	-0.018050500832	0.496037051922	-0.046591024655
0.305738646253	0.806705639740	-0.505717204570	0.036326418592
-0.391027438484	0.590677738053	0.705830965686	-0.086211052569
0.000000000000	0.000000000000	0.000000000000	1.000000000000
5	11	57
0.625317942229	-0.176413369353	0.760168267057	-1.772210098427
0.442662597270	0.882415134768	-0.159352925641	0.261788772180
-0.642671997293	0.436144303008	0.629881616536	-0.317722515582
0.000000000000	0.000000000000	0.000000000000	1.000000000000
5	13	57
0.566079298699	-0.370282320062	0.736508812598	-1.672632101272
0.515221028228	0.856361048013	0.034540519949	0.220735457254
-0.643507202490	0.359912154416	0.675545499169	-0.083040142266
0.000000000000	0.000000000000	0.000000000000	1.000000000000
5	17	57
0.573255738062	0.471756212259	-0.669943232651	0.193789309412
-0.470461891816	0.858925509132	0.202268579147	-0.001195969210
0.670852790952	0.199231137016	0.714327296773	-0.054384600894
0.000000000000	0.000000000000	0.000000000000	1.000000000000
5	18	57
0.883762746719	-0.232939788314	0.405835511669	0.105402327449
0.268492415688	0.962747288677	-0.032085524215	0.185190545639
-0.383243043289	0.137319747910	0.913382754712	-0.253492270081
0.000000000000	0.000000000000	0.000000000000	1.000000000000
5	22	57
0.983827904403	-0.098231842520	0.149777033060	0.375294185059
0.100369153558	0.994927304340	-0.006759592656	0.363188217473
-0.148353252514	0.021683269908	0.988696691749	-0.643434493124
0.000000000000	0.000000000000	0.000000000000	1.000000000000
5	32	57
-0.302209689400	0.775251355603	-0.554666241327	1.757767475726
-0.294279286206	0.477576010283	0.827841081436	-0.903153269466
0.906680211179	0.413408381674	0.083812317824	1.085521974743
0.000000000000	0.000000000000	0.000000000000	1.000000000000
6	18	57
0.999738476889	-0.015899680012	-0.016437092283	0.207176177884
0.021820733055	0.878314699873	0.477584697824	0.097627639473
0.006843495901	-0.477818467791	0.878431942954	-0.145519464211
0.000000000000	0.000000000000	0.000000000000	1.000000000000
7	8	57
0.767156298712	0.015544380585	0.641271849982	-0.297443163498
0.337342564218	0.840521327900	-0.423938547095	0.199292649265
-0.545592529012	0.541555416904	0.639567449694	-0.364910114428
0.000000000000	0.000000000000	0.000000000000	1.000000000000
7	19	57
0.883149560729	0.097500764722	-0.458846874526	1.200059997054
-0.297409967440	0.872814955833	-0.386964293110	-0.472595995965
0.362759100025	0.478212979491	0.799823844103	0.267732283433
0.000000000000	0.000000000000	0.000000000000	1.000000000000
8	9	57
0.964263884444	-0.147464282526	0.220112349805	0.370154053456
0.072540017332	0.945987784931	0.315982684093	-0.026119521164
-0.254819754028	-0.288723736710	0.922878917744	0.210757314197
0.000000000000	0.000000000000	0.000000000000	1.000000000000
9	10	57
0.812335989271	0.269510458949	-0.517179227204	1.148253004657
-0.318554284745	0.947883029726	-0.006397626759	-0.167519572132
0.488501185469	0.169946681270	0.855853210148	-0.007687709058
0.000000000000	0.000000000000	0.000000000000	1.000000000000
9	25	57
0.243113174035	-0.359681913229	0.900846771602	-0.810833277489
0.457471274544	0.861453490673	0.220494708268	-0.220622106377
-0.855345554485	0.358506352389	0.373974835676	0.712993507532
0.000000000000	0.000000000000	0.000000000000	1.000000000000
9	26	57
0.566224932085	-0.364811400261	0.739122431350	-1.559168690020
0.377925787364	0.911813191203	0.160526644495	-0.168948457810
-0.732503532777	0.188439238449	0.654162997946	0.522746292582
0.000000000000	0.000000000000	0.000000000000	1.000000000000
10	26	57
0.010844239639	-0.432379240432	0.901626638310	-2.000168387156
0.426443349755	0.817571212017	0.386941058472	-0.444677041045
-0.904449264424	0.380296602305	0.193251189800	1.844085128474
0.000000000000	0.000000000000	0.000000000000	1.000000000000
10	29	57
-0.883332321647	0.445869513983	-0.144652639220	-1.315901748259
-0.132715325322	-0.533856710120	-0.835094997880	2.250495905975
-0.449567182919	-0.718468781201	0.530746604777	0.906800007598
0.000000000000	0.000000000000	0.000000000000	1.000000000000
11	13	57
0.989152284769	-0.093429318494	0.113352194434	-0.284248046652
0.067187170811	0.973971180449	0.216485620155	-0.013536110094
-0.130627874574	-0.206521432547	0.969683070020	0.229560758278
0.000000000000	0.000000000000	0.000000000000	1.000000000000
12	16	57
0.234127744606	0.430926179263	-0.871485414239	1.546021675841
-0.336253679926	0.876970266832	0.343302510666	-0.306893120779
0.912204835518	0.212663535000	0.350223584213	0.488628606437
0.000000000000	0.000000000000	0.000000000000	1.000000000000
12	17	57
0.895262073119	0.190879006679	-0.402580458100	1.938335709763
-0.150143950222	0.979979574236	0.130754840418	0.073162924384
0.419478979982	-0.056614829242	0.905997873322	-0.171305530856
0.000000000000	0.000000000000	0.000000000000	1.000000000000
13	18	57
0.864881823973	0.294287680729	-0.406662257324	1.149660840763
-0.227542511054	0.951953053738	0.204962896987	-0.839496920239
0.447441433290	-0.084735733011	0.890289851299	1.299676325406
0.000000000000	0.000000000000	0.000000000000	1.000000000000
13	22	57
0.710892493421	0.429702650735	-0.556765206123	1.599302293696
-0.336137737794	0.902964921815	0.267704634257	-0.762062379488
0.617772841770	-0.003159418079	0.786350261683	1.105904066895
0.000000000000	0.000000000000	0.000000000000	1.000000000000
13	27	57
-0.921372060858	-0.209658380422	0.327287165939	-0.115766608123
-0.199085958610	-0.468633585091	-0.860666801968	2.217017899749
0.333823765711	-0.858152624213	0.390045852436	2.185880926493
0.000000000000	0.000000000000	0.000000000000	1.000000000000
13	29	57
-0.797344279850	-0.259203962308	0.545027894070	-0.413440145188
-0.297148895092	-0.617425395735	-0.728346356376	1.318727290328
0.525304324688	-0.742697237524	0.415278436520	1.473929462794
0.000000000000	0.000000000000	0.000000000000	1.000000000000
13	32	57
-0.909164454282	-0.218673839765	0.354403367468	-0.260301105897
-0.284437758520	-0.295509169382	-0.912013975956	2.512263491976
0.304163042789	-0.929976388202	0.206467335886	1.693324112691
0.000000000000	0.000000000000	0.000000000000	1.000000000000
14	15	57
0.216721527467	-0.476593678176	0.851991928046	-0.451488567748
0.468580689969	0.816411461918	0.337497350859	-0.091221948520
-0.856425079339	0.326084024097	0.400256533622	0.360084641454
0.000000000000	0.000000000000	0.000000000000	1.000000000000
14	23	57
-0.615573981322	-0.231594439695	0.753281281476	-1.336465079067
0.406202052079	0.725850034099	0.555105053918	-0.584091396165
-0.675328487779	0.647692630420	-0.352740258679	1.859128996438
0.000000000000	0.000000000000	0.000000000000	1.000000000000
14	24	57
0.195286078003	-0.353385351535	0.914867280571	-1.626967577380
0.371420213490	0.889994101539	0.264494847277	-0.451247670952
-0.907695087983	0.288148039288	0.305057920247	1.525777953359
0.000000000000	0.000000000000	0.000000000000	1.000000000000
14	25	57
0.347186905130	-0.341556542178	0.873384440783	-1.812463457352
0.418763257504	0.889772658896	0.181499172575	-0.036247717030
-0.839105825907	0.302727177466	0.451948745936	0.817287665192
0.000000000000	0.000000000000	0.000000000000	1.000000000000
14	26	57
0.639411192686	-0.331527175448	0.693716843249	-2.575241699908
0.325100264939	0.934214417811	0.146810215210	0.017545736046
-0.696751852817	0.131655434727	0.705126727690	0.636808751878
0.000000000000	0.000000000000	0.000000000000	1.000000000000
15	16	57
0.831383980181	-0.129090231932	0.540496428774	-0.441142194958
0.234322367699	0.963381712809	-0.130340720506	0.377796679391
-0.503878661479	0.235013589917	0.831188851622	-0.555037596452
0.000000000000	0.000000000000	0.000000000000	1.000000000000
15	23	57
0.616303329015	-0.306315876535	0.725493480624	-1.779156775103
0.434526296154	0.900590536469	0.011116814870	0.517288438091
-0.656777819811	0.308394665007	0.688139248989	-0.420211622713
0.000000000000	0.000000000000	0.000000000000	1.000000000000
16	17	57
0.670819915206	-0.322455659537	0.667849525714	-0.540073224425
0.290512419941	0.942814501911	0.163411593364	0.291539952533
-0.682351211052	0.084398830668	0.726136118203	-0.497924360404
0.000000000000	0.000000000000	0.000000000000	1.000000000000
16	23	57
0.955803624808	-0.198067970025	0.217275194290	-1.012512277832
0.192607566927	0.980185460417	0.046247036123	0.424675373610
-0.222130042917	-0.002354238237	0.975014205843	-0.625976005838
0.000000000000	0.000000000000	0.000000000000	1.000000000000
18	22	57
0.947717438369	0.183588025397	-0.261011673959	0.519052873747
-0.164250699500	0.981904754133	0.094259012963	0.027430625653
0.273593429610	-0.046459560283	0.960722719900	-0.219160588211
0.000000000000	0.000000000000	0.000000000000	1.000000000000
19	21	57
0.893060128805	-0.130717237422	0.430530614683	0.288000906373
0.084429810085	0.988556618409	0.125009677103	-0.020119464746
-0.441944808215	-0.075291540302	0.893876932497	0.045058732508
0.000000000000	0.000000000000	0.000000000000	1.000000000000
19	31	57
0.045533712786	0.134914299925	0.989810493315	-1.586483972054
0.238666687013	0.960674907889	-0.141922281063	-0.070071997702
-0.970033449686	0.242697039594	0.011543546343	2.311617287443
0.000000000000	0.000000000000	0.000000000000	1.000000000000
20	21	57
0.977943687329	0.050309057396	-0.202719370453	0.058286422008
-0.121781690460	0.925853952745	-0.357720111337	0.042099127187
0.169691968819	0.374517632336	0.911559750531	-0.186175868137
0.000000000000	0.000000000000	0.000000000000	1.000000000000
20	30	57
0.526062291252	-0.585558154990	0.616749635465	-2.520481987946
0.670245173211	0.731851259696	0.123146828904	0.136529804171
-0.523478627558	0.348590563277	0.777466877548	0.459913908320
0.000000000000	0.000000000000	0.000000000000	1.000000000000
20	31	57
0.752754892641	-0.007418209851	0.658259099267	-2.573168214034
0.475471668423	0.697692931749	-0.535864969479	0.090480890231
-0.455287562022	0.716358529753	0.528718916550	0.151339005636
0.000000000000	0.000000000000	0.000000000000	1.000000000000
21	30	57
0.460380740546	-0.411059951495	0.786815918758	-2.359566852036
0.337272530704	0.900863719707	0.273298003191	0.669189049703
-0.821155779233	0.139550259019	0.553379536521	0.994274620340
0.000000000000	0.000000000000	0.000000000000	1.000000000000
21	31	57
0.502066367108	0.077513730617	0.861348352634	-2.646418372979
0.318276998636	0.909513465006	-0.267366806303	0.010302554955
-0.804132523380	0.408383249582	0.431965283678	1.159145475551
0.000000000000	0.000000000000	0.000000000000	1.000000000000
24	25	57
0.991738409009	0.020222793919	-0.126672675437	0.640246809934
-0.016146247497	0.999320741060	0.033126351729	0.125640981880
0.127256539274	-0.030807386991	0.991391284064	-0.338466450453
0.000000000000	0.000000000000	0.000000000000	1.000000000000
24	26	57
0.876032505062	0.186909866392	-0.444557928645	0.786086894170
-0.148894835688	0.981629181864	0.119308328369	0.413656224492
0.458690939501	-0.038325594036	0.887768985075	-1.035944381042
0.000000000000	0.000000000000	0.000000000000	1.000000000000
25	26	57
0.932036963473	0.163860831787	-0.323197658603	0.024204195462
-0.150095643096	0.986381722299	0.067248760860	0.355062228553
0.329815701027	-0.014167770454	0.943939022202	-0.707285043031
0.000000000000	0.000000000000	0.000000000000	1.000000000000
25	29	57
0.965575839697	-0.112613866814	0.234481160852	-0.049905048322
0.139875771565	0.984793908077	-0.103032650858	0.840707945462
-0.219312713544	0.132284071660	0.966645156230	-1.504678786192
0.000000000000	0.000000000000	0.000000000000	1.000000000000
26	29	57
0.817202443758	-0.215143580696	0.534690008885	-0.352543484370
0.285039948431	0.957184258239	-0.050502708623	0.376193537899
-0.500931525974	0.193678949463	0.843537830106	-0.721827531838
0.000000000000	0.000000000000	0.000000000000	1.000000000000
27	28	57
0.945367719220	0.004561512483	0.325974029732	-0.045334466245
0.129917488502	0.911801653426	-0.389537149694	0.067297622098
-0.299000537855	0.410605574017	0.861395229235	-0.283323240919
0.000000000000	0.000000000000	0.000000000000	1.000000000000
27	29	57
0.952280921707	0.137176879437	-0.272660136252	0.168716692829
-0.180392040222	0.973546917921	-0.140232344454	0.108086967997
0.246210799880	0.182726304495	0.951835773476	-0.266594015372
0.000000000000	0.000000000000	0.000000000000	1.000000000000
27	32	57
0.993430343489	0.002046874294	-0.114420115979	-0.007178627736
0.014874894913	0.989048174456	0.146841568047	0.416058884332
0.113467573061	-0.147578856585	0.982520020637	-0.550819045801
0.000000000000	0.000000000000	0.000000000000	1.000000000000
28	29	57
0.784969333912	0.202170400832	-0.585619564091	0.263340332579
-0.036938750705	0.958848433895	0.281505256637	-0.037090500251
0.618432432457	-0.199340938709	0.760134538513	0.222852694978
0.000000000000	0.000000000000	0.000000000000	1.000000000000
28	32	57
0.914235943699	0.192308836154	-0.356637001427	0.116720596017
0.039154867619	0.834138041307	0.550164179482	0.177984421757
0.403285922878	-0.516943942397	0.755069152348	-0.332193430966
0.000000000000	0.000000000000	0.000000000000	1.000000000000
29	32	57
0.964351805266	-0.199739714787	0.173578921579	-0.432283738975
0.139901105335	0.941607450158	0.306272902055	0.252202390169
-0.224618067853	-0.271070943009	0.935984651290	-0.265035487914
0.000000000000	0.000000000000	0.000000000000	1.000000000000
30	31	57
0.974307959823	0.011270493166	-0.224937714511	-0.017948029194
-0.162378847279	0.727240959528	-0.666898565557	0.075105103574
0.156067643610	0.686289707608	0.710386745266	-0.217830498524
0.000000000000	0.000000000000	0.000000000000	1.000000000000
33	35	57
0.948172396926	-0.194438399297	0.251322133100	-0.091569623610
0.255912894804	0.936110391763	-0.241259040671	-0.024247284420
-0.188355238791	0.293071737483	0.937353327571	-0.008588024345
0.000000000000	0.000000000000	0.000000000000	1.000000000000
36	37	57
0.936083723644	-0.152449742666	0.317027346280	-0.239789464177
0.204885704984	0.968856010913	-0.139067889937	0.166762300451
-0.285952986033	0.195133559594	0.938165115371	-0.205422348697
0.000000000000	0.000000000000	0.000000000000	1.000000000000
38	39	57
0.743530611523	0.455077275286	-0.489966226639	0.566106228483
-0.393045263500	0.890197131289	0.230357305691	-0.329214310919
0.540996904399	0.021301196287	0.840754784981	0.353809628689
0.000000000000	0.000000000000	0.000000000000	1.000000000000
38	40	57
0.691409841741	-0.008317047303	-0.722414879047	0.749859586994
-0.414083266126	0.814830486536	-0.405692404324	-0.294476579827
0.592019830291	0.579639633683	0.559937867630	0.048246275653
0.000000000000	0.000000000000	0.000000000000	1.000000000000
38	41	57
0.955782686307	-0.291657204427	0.037623551964	0.257396766367
0.279577328136	0.940873106577	0.191296405906	-0.349787517843
-0.091191963180	-0.172319100585	0.980810967223	0.556257472914
0.000000000000	0.000000000000	0.000000000000	1.000000000000
38	56	57
0.290942064236	0.193725857130	-0.936922092565	2.147608643962
-0.552499834909	0.833512645070	0.000776488399	-0.019270467421
0.781086837479	0.517423388327	0.349537393605	-0.484283567239
0.000000000000	0.000000000000	0.000000000000	1.000000000000
39	40	57
0.994569701445	-0.041014349135	-0.095650050352	0.033333005651
-0.039718957476	0.699916621589	-0.713119293836	0.189250915829
0.096195183789	0.713045963448	0.694486818181	-0.276058858258
0.000000000000	0.000000000000	0.000000000000	1.000000000000
39	41	57
0.579338935266	-0.650357728387	0.491325984670	-0.136118811321
0.654919554170	0.730266309808	0.194400345488	-0.168780700771
-0.485228580827	0.209155305662	0.849003699911	0.321851118469
0.000000000000	0.000000000000	0.000000000000	1.000000000000
39	56	57
0.839107175407	0.082349677009	-0.537696642055	0.710467325243
-0.355764849538	0.830838694328	-0.427946767532	1.010197299047
0.411497897946	0.550386768286	0.726459830466	-1.354457063009
0.000000000000	0.000000000000	0.000000000000	1.000000000000
40	56	57
0.882665287852	0.125966228265	-0.452807353029	0.536476804204
-0.016858596246	0.971280990072	0.237337367597	-0.199831699678
0.469699667184	-0.201855759547	0.859439628470	-1.417791481987
0.000000000000	0.000000000000	0.000000000000	1.000000000000
41	56	57
-0.049717868534	0.403075112378	-0.913815401123	2.071398180555
-0.685677887680	0.651486859989	0.324670148932	-0.421876261080
0.726205183054	0.642724921754	0.243989153575	-0.760634412426
0.000000000000	0.000000000000	0.000000000000	1.000000000000
42	43	57
0.768232649961	-0.453948936508	0.451385598549	-0.080737809611
0.508781663159	0.860895581086	-0.000133038941	-0.291358606442
-0.388535474271	0.229758920414	0.892328988503	0.237855971812
0.000000000000	0.000000000000	0.000000000000	1.000000000000
43	44	57
0.934159749741	0.120023400350	-0.336065388477	-0.076811960697
-0.339628078020	0.588092797390	-0.734029720296	-0.282445417999
0.109536891428	0.799838261792	0.590135937213	0.034917620827
0.000000000000	0.000000000000	0.000000000000	1.000000000000
44	48	57
0.992613441796	-0.023598376702	0.119002822585	0.247977586099
0.022099439755	0.999659145121	0.013899940246	-0.019758864924
-0.119290275918	-0.011167371820	0.992796615565	0.416593957778
0.000000000000	0.000000000000	0.000000000000	1.000000000000
45	47	57
0.677100377551	-0.383514516206	0.628053894645	-0.074194745464
0.470203754884	0.881990028695	0.031654670666	-0.030330524238
-0.566077298267	0.273879910072	0.777525746999	0.078485315369
0.000000000000	0.000000000000	0.000000000000	1.000000000000
46	47	57
0.940965540192	0.182635103350	-0.285005738882	-0.011442687474
-0.172889125895	0.983159639460	0.059215483474	-0.019060985833
0.291020965428	-0.006445336324	0.956694964616	0.100776115907
0.000000000000	0.000000000000	0.000000000000	1.000000000000
46	56	57
0.727913939059	-0.055284110381	0.683436145125	-0.911451341188
0.430582974052	0.812555491341	-0.392876413071	0.391029985807
-0.533609969716	0.580256185344	0.615274865072	-0.553341976800
0.000000000000	0.000000000000	0.000000000000	1.000000000000
49	50	57
-0.419528739314	-0.288922693696	0.860534318872	-2.157167605550
0.688942019495	0.515927129834	0.509095364814	-1.065407824402
-0.591062205410	0.806438388080	-0.017395274284	1.805495514856
0.000000000000	0.000000000000	0.000000000000	1.000000000000
49	51	57
0.708913927415	0.245183323321	-0.661306420264	0.233336228306
-0.492544836491	0.843215757700	-0.215375880758	-0.253790605301
0.504817420028	0.478406024138	0.718531174345	0.151455964793
0.000000000000	0.000000000000	0.000000000000	1.000000000000
49	52	57
0.952880621529	0.215139023208	-0.213854440702	0.204447587234
-0.287505772447	0.865345788359	-0.410508340205	-0.169146889680
0.096741676253	0.452649828523	0.886424943700	-0.000017642821
0.000000000000	0.000000000000	0.000000000000	1.000000000000
49	53	57
0.491866195522	0.663129433032	-0.564204750733	0.046963871005
-0.450374701707	0.748362510130	0.486945768535	-0.313812373717
0.745137754892	0.014591383718	0.666750941324	0.444857040280
0.000000000000	0.000000000000	0.000000000000	1.000000000000
49	55	57
0.163815262310	0.837271553371	-0.521671262147	0.011446846712
-0.590457692487	0.506847751831	0.628064542740	-0.239411621178
0.790268481731	0.205138251868	0.577402826806	0.323424043676
0.000000000000	0.000000000000	0.000000000000	1.000000000000
50	51	57
0.943979727180	-0.088190737049	0.318001051212	-0.065443173008
0.200874979115	0.918098612061	-0.341678476492	0.020104680501
-0.261823447076	0.386416009543	0.884381789800	-0.101777050388
0.000000000000	0.000000000000	0.000000000000	1.000000000000
50	52	57
-0.610557933630	0.311146297502	-0.728290458013	0.669018561491
-0.292371459044	0.766079922463	0.572398883940	-1.680494033157
0.736028491037	0.562414023607	-0.376765877478	2.532976789520
0.000000000000	0.000000000000	0.000000000000	1.000000000000
50	53	57
0.996836513303	-0.063622351092	-0.047635723851	0.035821108672
0.073727215620	0.964066934976	0.255223906723	-0.063162878378
0.029686081288	-0.257928558572	0.965707820850	0.231353445589
0.000000000000	0.000000000000	0.000000000000	1.000000000000
50	54	57
0.931569031582	0.132178819297	-0.338685546085	0.163292282988
-0.175706229022	0.979235318676	-0.101121272439	-0.118752282051
0.318286758255	0.153710605965	0.935449939405	0.078489876087
0.000000000000	0.000000000000	0.000000000000	1.000000000000
51	52	57
0.866462853694	-0.037563042831	0.497826416517	-0.137647383361
0.056450035893	0.998141919026	-0.022936933751	0.074053205931
-0.496039833700	0.047976320154	0.866973330667	-0.132146032940
0.000000000000	0.000000000000	0.000000000000	1.000000000000
51	53	57
0.940916816059	0.213329665188	-0.262994295011	-0.034670436347
-0.008312036805	0.790939416831	0.611838008747	0.034489609906
0.338535751881	-0.573502652875	0.745981401809	0.359913333368
0.000000000000	0.000000000000	0.000000000000	1.000000000000
51	54	57
0.733804204464	0.261990190031	-0.626811398938	0.199511736037
-0.114205218302	0.957089895477	0.266338318853	-0.007198652086
0.669692883062	-0.123855045534	0.732237236196	0.310187920683
0.000000000000	0.000000000000	0.000000000000	1.000000000000
53	54	57
0.923733128763	0.217415961243	-0.315352828784	0.130891480008
-0.323507769020	0.883643235012	-0.338404132068	0.025470720393
0.205084934135	0.414614197796	0.886586282759	-0.143187296215
0.000000000000	0.000000000000	0.000000000000	1.000000000000
53	55	57
0.944594880099	0.297078164446	-0.139588956227	-0.089450788734
-0.283925659034	0.952894759068	0.106666762788	0.068660604018
0.164701950909	-0.061123991616	0.984447624313	-0.043200138692
0.000000000000	0.000000000000	0.000000000000	1.000000000000
