0	1	57
0.821369053130	-0.311138285834	0.478064687723	-0.241733749548
0.219267410859	0.945956833767	0.238929845739	0.037691718636
-0.526568780972	-0.091425574859	0.845202155207	-0.028349016995
0.000000000000	0.000000000000	0.000000000000	1.000000000000
0	14	57
0.953317438814	0.070433194750	-0.293640981355	0.718162385343
-0.056743082654	0.996878555883	0.054894147161	-0.052943030777
0.296590767599	-0.035669453302	0.954338308293	0.130123966284
0.000000000000	0.000000000000	0.000000000000	1.000000000000
0	24	57
0.478493884391	-0.353132467697	0.803953395950	-1.327730416543
0.297014327351	0.926692312955	0.230269074038	-0.315813413721
-0.826332918350	0.128603333428	0.548302006820	1.142220328678
0.000000000000	0.000000000000	0.000000000000	1.000000000000
0	25	57
0.598231167038	-0.380717250873	0.705105556404	-1.280012814817
0.325269398320	0.919545572182	0.220535165442	-0.076841809826
-0.732338234221	0.097418250689	0.673936491912	0.401357012588
0.000000000000	0.000000000000	0.000000000000	1.000000000000
0	26	57
0.845209224385	-0.308166203747	0.436640536234	-1.865966421919
0.259329056212	0.950868937517	0.169105600939	0.072395507462
-0.467300553839	-0.029696035644	0.883599647945	-0.063035115687
0.000000000000	0.000000000000	0.000000000000	1.000000000000
1	2	57
0.691514461660	-0.072516322345	0.718713525898	-0.482531911521
0.464103582649	0.807032014796	-0.365112573963	-0.039805503233
-0.553548203761	0.586038147297	0.591729394255	-0.122297225003
0.000000000000	0.000000000000	0.000000000000	1.000000000000
1	14	57
0.622529903805	0.311896677279	-0.717758303032	0.655107001390
-0.370618032162	0.925279180649	0.080626993579	-0.431065721644
0.689274105929	0.215821455281	0.691608492093	0.565518815572
0.000000000000	0.000000000000	0.000000000000	1.000000000000
1	15	57
0.891776156701	-0.277819399172	0.357143763467	0.057396432905
0.290830421081	0.956606356453	0.017942824952	-0.323028121451
-0.346630859148	0.087867287640	0.933877072879	0.476026342602
0.000000000000	0.000000000000	0.000000000000	1.000000000000
1	16	57
0.527371931021	-0.303432514260	0.793604155521	-0.581165400704
0.429287082363	0.901218869002	0.059305573697	-0.139852439256
-0.733206278810	0.309407917554	0.605537193959	0.082453047828
0.000000000000	0.000000000000	0.000000000000	1.000000000000
1	23	57
0.219107530929	-0.395208681572	0.892077344125	-1.792113108785
0.585704332425	0.784511301208	0.203696964275	-0.249097385124
-0.780347566709	0.477862026412	0.403367771202	0.709446332783
0.000000000000	0.000000000000	0.000000000000	1.000000000000
1	24	57
0.889752389963	-0.157036657194	0.428579249209	-1.594940870675
0.218517971973	0.970909476466	-0.097901401593	-0.075774345542
-0.400737545633	0.180760274415	0.898184358978	0.407415799585
0.000000000000	0.000000000000	0.000000000000	1.000000000000
1	25	57
0.944473661691	-0.153599811546	0.290476505529	-1.129239749488
0.183184456862	0.980027432757	-0.077393060465	0.177278887622
-0.272787384487	0.126306488104	0.953747196026	-0.133226355358
0.000000000000	0.000000000000	0.000000000000	1.000000000000
2	15	57
0.947357520565	0.179235188454	-0.265308264946	-0.083124481997
-0.016028616106	0.854138499527	0.519798525480	0.112994186092
0.319776190006	-0.488182517964	0.812047423159	0.833284059879
0.000000000000	0.000000000000	0.000000000000	1.000000000000
2	16	57
0.969189249785	0.012412874397	0.246004306164	-0.242831262356
-0.093545866383	0.942451098041	0.320990807788	0.128523096383
-0.227862609887	-0.334113526142	0.914574645759	0.063830092415
0.000000000000	0.000000000000	0.000000000000	1.000000000000
2	23	57
0.849837216740	-0.200695038190	0.487337877340	-1.493432691105
0.031575950639	0.942387432756	0.333029857406	0.431775308837
-0.526098531061	-0.267633010350	0.807213049564	-0.371930783991
0.000000000000	0.000000000000	0.000000000000	1.000000000000
3	4	57
0.960301029564	0.043235405681	0.275595051324	0.024807428409
0.154270628411	0.740802522242	-0.653767692877	0.282667478768
-0.232427420561	0.670330010320	0.704723471608	-0.495686305380
0.000000000000	0.000000000000	0.000000000000	1.000000000000
3	12	57
0.756548572419	-0.157949165284	0.634575699784	-1.569432145099
0.344043519551	0.921374934847	-0.180837734147	-0.230586588238
-0.556118974883	0.355134186784	0.751406278356	0.645045284100
0.000000000000	0.000000000000	0.000000000000	1.000000000000
3	16	57
0.806072908640	0.299197891371	-0.510614421805	-0.030084145249
-0.378262210402	0.924021156560	-0.055701009075	-0.090969943286
0.455152904130	0.238045214255	0.858003677051	0.053186263325
0.000000000000	0.000000000000	0.000000000000	1.000000000000
3	17	57
0.969629540988	-0.054767924101	0.238367421712	-0.204915440557
0.090340354037	0.985883876096	-0.140966674381	0.432566128017
-0.227282145530	0.158219649043	0.960889883899	-0.577091533348
0.000000000000	0.000000000000	0.000000000000	1.000000000000
4	17	57
0.997072582468	0.076460858604	0.000048905655	-0.200685444926
-0.063209125916	0.823905778033	0.563190798331	0.016032482302
0.043021758347	-0.561545194998	0.826326885853	-0.185724513268
0.000000000000	0.000000000000	0.000000000000	1.000000000000
5	6	57
0.868656986450	-0.013536877149	0.495229030701	-0.042900791606
0.287025788943	0.828515058664	-0.480810767401	-0.025543564693
-0.403796033133	0.559803135508	0.723580826931	-0.103553570201
0.000000000000	0.000000000000	0.000000000000	1.000000000000
5	11	57
0.644272458604	-0.186096171730	0.741809418889	-1.712704307538
0.447629779806	0.878207934822	-0.168458907293	0.297094653371
-0.620113360053	0.440589421210	0.649107373708	-0.352926930245
0.000000000000	0.000000000000	0.000000000000	1.000000000000
5	13	57
0.560691097384	-0.364905668991	0.743282817004	-1.686195286207
0.510045318876	0.859345522428	0.037135505582	0.219042631906
-0.652287717198	0.358286374037	0.667945812302	-0.057494779270
0.000000000000	0.000000000000	0.000000000000	1.000000000000
5	17	57
0.579746819964	0.464538892212	-0.669400659071	0.187824519198
-0.463052531120	0.863832738588	0.198432238223	-0.016309805917
0.670429696661	0.194927210428	0.715910193019	-0.054372677227
0.000000000000	0.000000000000	0.000000000000	1.000000000000
5	18	57
0.875058984195	-0.227369596845	0.427287772595	0.058607372861
0.260518799448	0.965263925632	-0.019887408286	0.149989137003
-0.407923680746	0.128719152829	0.903896924645	-0.250885866145
0.000000000000	0.000000000000	0.000000000000	1.000000000000
5	22	57
0.986127511951	-0.078356652306	0.146331012478	0.390976414333
0.081011033860	0.996637801094	-0.012259927512	0.368320372251
-0.144878371630	0.023944278421	0.989159708523	-0.655392909129
0.000000000000	0.000000000000	0.000000000000	1.000000000000
5	32	57
-0.267271836892	0.773898585617	-0.574148712777	1.756034887895
-0.313681717543	0.493498120531	0.811211060768	-0.851590090098
0.911136403226	0.396913824668	0.110859688363	1.038404341696
0.000000000000	0.000000000000	0.000000000000	1.000000000000
6	18	57
0.999727467685	0.011356592711	-0.020396523164	0.228707060602
0.000197649739	0.869549943372	0.493844972553	0.038994237561
0.023344191778	-0.493714415207	0.869310718286	-0.135645347932
0.000000000000	0.000000000000	0.000000000000	1.000000000000
7	8	57
0.740540259887	0.028180121080	0.671420884589	-0.380284668313
0.351267734304	0.835528227758	-0.422496815912	0.206035836270
-0.572897113209	0.548724394751	0.608843523643	-0.304194048656
0.000000000000	0.000000000000	0.000000000000	1.000000000000
7	19	57
0.846316793640	0.083380898756	-0.526113590896	1.348213181541
-0.312951297305	0.877075804421	-0.364416682952	-0.513213507315
0.431056110406	0.473059889465	0.768378143013	0.311616872416
0.000000000000	0.000000000000	0.000000000000	1.000000000000
8	9	57
0.962132646340	-0.163738368715	0.217923191645	0.367015605270
0.085326010552	0.940214092314	0.329722508388	-0.042450501374
-0.258882681479	-0.298642273004	0.918581814541	0.211933137465
0.000000000000	0.000000000000	0.000000000000	1.000000000000
9	10	57
0.818688639361	0.268438135219	-0.507631637451	1.139950589537
-0.306143390192	0.951936475315	0.009652543998	-0.203607340560
0.485824182625	0.147505642346	0.861520138507	-0.021948816023
0.000000000000	0.000000000000	0.000000000000	1.000000000000
9	25	57
0.262880837492	-0.342340532910	0.902051342667	-0.817950715548
0.477128127390	0.858739577011	0.186855797151	-0.155337845324
-0.838595501617	0.381273259491	0.389086476589	0.689294527703
0.000000000000	0.000000000000	0.000000000000	1.000000000000
9	26	57
0.570497256093	-0.326005868969	0.753825612585	-1.564135292708
0.381833144449	0.917900562750	0.107990771385	-0.031933584649
-0.727142579272	0.226227165261	0.648139598472	0.559241226270
0.000000000000	0.000000000000	0.000000000000	1.000000000000
10	26	57
-0.000278042952	-0.432776990967	0.901500969928	-1.992541153521
0.417426822316	0.819153230199	0.393373656293	-0.464833316362
-0.908710498841	0.376420059965	0.180424964329	1.864772092476
0.000000000000	0.000000000000	0.000000000000	1.000000000000
10	29	57
-0.933751793175	0.285786728641	-0.215484418173	-1.161684486463
-0.103492093997	-0.791906353830	-0.601808701535	1.666382595719
-0.342632419982	-0.539639020546	0.769020644899	0.398978938486
0.000000000000	0.000000000000	0.000000000000	1.000000000000
11	13	57
0.989887722015	-0.079990181591	0.117148916566	-0.290908721767
0.050657709024	0.970729386895	0.234772770856	-0.045286575385
-0.132499412527	-0.226464187606	0.964965220830	0.240215158550
0.000000000000	0.000000000000	0.000000000000	1.000000000000
12	16	57
0.228073539940	0.421061629903	-0.877889266481	1.547902220516
-0.320607834179	0.883846540055	0.340625762819	-0.312148129098
0.919343829610	0.203770452855	0.336577666374	0.499369685787
0.000000000000	0.000000000000	0.000000000000	1.000000000000
12	17	57
0.896697182641	0.187274778063	-0.401076451745	1.935114767775
-0.142043670253	0.979912810480	0.139980282891	0.049909254237
0.419234729459	-0.068549554035	0.905286253213	-0.161239286612
0.000000000000	0.000000000000	0.000000000000	1.000000000000
13	18	57
0.875710643690	0.270472383832	-0.399969446475	1.137475727409
-0.229553910357	0.961988063997	0.147932305350	-0.746944064938
0.424777436746	-0.037731343879	0.904511180097	1.249798429388
0.000000000000	0.000000000000	0.000000000000	1.000000000000
13	22	57
0.704569973165	0.434723771048	-0.560888933569	1.604092682614
-0.323623029183	0.900252638075	0.291227269707	-0.815848626180
0.631545159032	-0.023673413885	0.774977600695	1.139446271941
0.000000000000	0.000000000000	0.000000000000	1.000000000000
13	27	57
-0.919218391588	-0.207066471451	0.334904501264	-0.133237492472
-0.219191769473	-0.437477784425	-0.872105587833	2.210975647477
0.327097106012	-0.875063805980	0.356750359079	2.273969033827
0.000000000000	0.000000000000	0.000000000000	1.000000000000
13	29	57
-0.806923058885	-0.250827422089	0.534753009686	-0.419613794506
-0.294460961720	-0.613994944978	-0.732327078267	1.334005398752
0.512023357927	-0.748395491615	0.421587795208	1.432473053562
0.000000000000	0.000000000000	0.000000000000	1.000000000000
13	32	57
-0.899793429528	-0.254148387487	0.354655299293	-0.285921116819
-0.270699128468	-0.312313178039	-0.910594564375	2.516235506864
0.342189663821	-0.915351886414	0.212219598560	1.652668192573
0.000000000000	0.000000000000	0.000000000000	1.000000000000
14	15	57
0.213461477160	-0.500109161968	0.839240742508	-0.440863041002
0.468688113610	0.806151639707	0.361179991082	-0.133022360689
-0.857184723341	0.316244146054	0.406477539548	0.349024638916
0.000000000000	0.000000000000	0.000000000000	1.000000000000
14	23	57
-0.646199358167	-0.189388764835	0.739295803626	-1.407614742103
0.406569140645	0.734376662090	0.543500185881	-0.550420121085
-0.645854413456	0.651784330843	-0.397554100329	1.949629705303
0.000000000000	0.000000000000	0.000000000000	1.000000000000
14	24	57
0.204578250796	-0.345656771899	0.915788804988	-1.625211366513
0.403170648106	0.882286808882	0.242947351041	-0.421484789543
-0.891964779465	0.319517421924	0.319855356810	1.505084856148
0.000000000000	0.000000000000	0.000000000000	1.000000000000
14	25	57
0.353814138010	-0.366622408498	0.860467062316	-1.811221894630
0.418417249537	0.884828222130	0.204953708462	-0.092640206249
-0.836506163178	0.287518741840	0.466465874482	0.806152920256
0.000000000000	0.000000000000	0.000000000000	1.000000000000
14	26	57
0.650929474217	-0.350422835133	0.673420118657	-2.556721568360
0.304588618227	0.933108597436	0.191139004493	-0.083958994526
-0.695353574264	0.080698091731	0.714122695865	0.591812045672
0.000000000000	0.000000000000	0.000000000000	1.000000000000
15	16	57
0.843026688569	-0.137712173828	0.519943611885	-0.403574791829
0.231976202139	0.965232565732	-0.120470476429	0.359116482667
-0.485276255345	0.222174371226	0.845662760661	-0.579033014075
0.000000000000	0.000000000000	0.000000000000	1.000000000000
15	23	57
0.614653128603	-0.303695202082	0.727990903604	-1.775515661400
0.450746288561	0.892614438063	-0.008200506754	0.569000956757
-0.647324736780	0.333179665038	0.685537742184	-0.407452981956
0.000000000000	0.000000000000	0.000000000000	1.000000000000
16	17	57
0.669175800887	-0.308065283339	0.676239254042	-0.567043103718
0.284028108235	0.946957498583	0.150331399281	0.317569883780
-0.686681717566	0.091472821528	0.721180242160	-0.489589752411
0.000000000000	0.000000000000	0.000000000000	1.000000000000
16	23	57
0.942890411358	-0.213132108076	0.255992923097	-1.129280417283
0.205980253596	0.977022774081	0.054759785014	0.414810631320
-0.261781984287	0.001097011001	0.965126411031	-0.623157119180
0.000000000000	0.000000000000	0.000000000000	1.000000000000
18	22	57
0.949503772228	0.165456453730	-0.266583473690	0.498211221794
-0.150432060465	0.985696596716	0.075976406904	0.101336500492
0.275341209611	-0.032037183722	0.960812592106	-0.222421726869
0.000000000000	0.000000000000	0.000000000000	1.000000000000
19	21	57
0.890028975493	-0.132967139825	0.436082747319	0.281040544490
0.082915577294	0.987781224698	0.131959308786	-0.033091866258
-0.448300602079	-0.081289555664	0.890178958589	0.040961764085
0.000000000000	0.000000000000	0.000000000000	1.000000000000
19	31	57
0.045864501769	0.148750336017	0.987810601792	-1.570724749899
0.204645473365	0.966479610170	-0.155039973416	-0.000525661679
-0.977761053483	0.209261799334	0.013886022863	2.319604257942
0.000000000000	0.000000000000	0.000000000000	1.000000000000
20	21	57
0.976271277944	0.065666139556	-0.206354912656	0.060050233316
-0.136242236674	0.926941878672	-0.349595203787	0.030563414449
0.168322442971	0.369414011213	0.913893234197	-0.193783783382
0.000000000000	0.000000000000	0.000000000000	1.000000000000
20	30	57
0.548850037077	-0.510184636815	0.662174654573	-2.529238538055
0.668215071106	0.743721467442	0.019157181748	0.365610184869
-0.502247205614	0.431960663978	0.749104618347	0.600354303148
0.000000000000	0.000000000000	0.000000000000	1.000000000000
20	31	57
0.769456510987	0.009105827888	0.638634294098	-2.550065420949
0.453484207866	0.696328997023	-0.556307469949	0.151070688395
-0.449765217548	0.717664971838	0.531665531402	0.109098950438
0.000000000000	0.000000000000	0.000000000000	1.000000000000
21	30	57
0.483336954089	-0.588084457321	0.648492143260	-2.256836638866
0.372352810696	0.808521122826	0.455682980053	0.175769135057
-0.792299673848	0.021219448648	0.609763037434	0.733409169948
0.000000000000	0.000000000000	0.000000000000	1.000000000000
21	31	57
0.507213513691	0.077772752896	0.858304054771	-2.640670168409
0.313207692747	0.911187221735	-0.267654232454	0.012201415977
-0.802891893553	0.404585276368	0.437807447874	1.141231832984
0.000000000000	0.000000000000	0.000000000000	1.000000000000
24	25	57
0.991099522979	0.013216340860	-0.132465330881	0.659558844857
-0.007817160943	0.999120475857	0.041196683327	0.111397537700
0.132893293833	-0.039794510383	0.990331141284	-0.331560335179
0.000000000000	0.000000000000	0.000000000000	1.000000000000
24	26	57
0.874372591836	0.186312137558	-0.448062895188	0.804498125079
-0.147547072931	0.981713809998	0.120282403237	0.410452666383
0.462279603611	-0.039061267997	0.885873459038	-1.030555867918
0.000000000000	0.000000000000	0.000000000000	1.000000000000
25	26	57
0.927814265331	0.163178182832	-0.335460235640	0.067882726514
-0.148107164795	0.986475397761	0.070217927546	0.339305550770
0.342381303205	-0.015465130457	0.939433804456	-0.687816377807
0.000000000000	0.000000000000	0.000000000000	1.000000000000
25	29	57
0.970623649497	-0.120806453002	0.208075784150	0.028934954978
0.142049259270	0.985730164691	-0.090321926239	0.808838110961
-0.194195105441	0.117225608686	0.973933477036	-1.505802780595
0.000000000000	0.000000000000	0.000000000000	1.000000000000
26	29	57
0.838693339933	-0.195022482333	0.508487672355	-0.270632755942
0.266043364603	0.961410666401	-0.070074665050	0.415591299780
-0.475199336809	0.194050926088	0.858213160224	-0.733539763502
0.000000000000	0.000000000000	0.000000000000	1.000000000000
27	28	57
0.947863812662	0.007316548653	0.318591683447	-0.038195987913
0.126490897161	0.908970347918	-0.397206444487	0.087052558217
-0.292496573623	0.416796562753	0.860654622771	-0.269974095046
0.000000000000	0.000000000000	0.000000000000	1.000000000000
27	29	57
0.948129112755	0.109831560791	-0.298308923434	0.242439623694
-0.156651216660	0.977991624597	-0.137814290035	0.097494660205
0.276607270087	0.177396196333	0.944467578936	-0.247975113609
0.000000000000	0.000000000000	0.000000000000	1.000000000000
27	32	57
0.994610698351	0.011327578859	-0.103059423066	-0.017025465035
0.003848017872	0.989295813808	0.145873183074	0.422281556382
0.103608645797	-0.145483602990	0.983920611522	-0.555337148897
0.000000000000	0.000000000000	0.000000000000	1.000000000000
28	29	57
0.793656757375	0.194926524942	-0.576292114597	0.229080959742
-0.041943696781	0.962557240152	0.267813901304	0.004037556362
0.606918180460	-0.188380490777	0.772115997064	0.200796909076
0.000000000000	0.000000000000	0.000000000000	1.000000000000
28	32	57
0.919096602690	0.192690906814	-0.343702850373	0.083954222987
0.031227004934	0.833907716066	0.551019777547	0.177767568595
0.392792959568	-0.517173216163	0.760424588896	-0.326362393481
0.000000000000	0.000000000000	0.000000000000	1.000000000000
29	32	57
0.964538482785	-0.228512513270	0.132089161194	-0.360170295471
0.180659045124	0.936421827794	0.300793068149	0.268071856189
-0.192426153734	-0.266263387852	0.944497741474	-0.270783846337
0.000000000000	0.000000000000	0.000000000000	1.000000000000
30	31	57
0.973624742831	0.032356512899	-0.225849321939	-0.028947223951
-0.178488752898	0.724610294927	-0.665643812842	0.079683605874
0.142114831163	0.688398849911	0.711273785687	-0.217156726654
0.000000000000	0.000000000000	0.000000000000	1.000000000000
33	35	57
0.950113150974	-0.182422908079	0.252995816083	-0.100146510342
0.240151884729	0.945437704364	-0.220169524293	-0.048669822993
-0.199027818679	0.269943382535	0.942082001536	-0.013138523944
0.000000000000	0.000000000000	0.000000000000	1.000000000000
36	37	57
0.939649370917	-0.150678373306	0.307172732437	-0.225757839121
0.198178267598	0.971553043760	-0.129653605473	0.151977228455
-0.278898608794	0.182703888787	0.942780385368	-0.214630186088
0.000000000000	0.000000000000	0.000000000000	1.000000000000
38	39	57
0.744215573314	0.460234150722	-0.484074071756	0.565785612114
-0.412088312078	0.886728388376	0.209513694772	-0.287721088254
0.525667578881	0.043557912679	0.849574190261	0.339948052928
0.000000000000	0.000000000000	0.000000000000	1.000000000000
38	40	57
0.702631792393	-0.031698291935	-0.710847228739	0.750424901263
-0.409784859565	0.798681231552	-0.440663884654	-0.229358418111
0.581708632556	0.600918886919	0.548189345167	0.060951182140
0.000000000000	0.000000000000	0.000000000000	1.000000000000
38	41	57
0.956242270443	-0.290290016175	0.036502420852	0.251445016722
0.279382915552	0.943030510570	0.180661680032	-0.335937696668
-0.086867178591	-0.162558182334	0.982867707598	0.551002506220
0.000000000000	0.000000000000	0.000000000000	1.000000000000
38	56	57
0.265583428933	0.193316561896	-0.944507357924	2.188000532718
-0.567012212486	0.823658615181	0.009145300936	-0.021341410247
0.779719560590	0.533118366345	0.328362930761	-0.431324393346
0.000000000000	0.000000000000	0.000000000000	1.000000000000
39	40	57
0.994043378164	-0.033199293845	-0.103805439244	0.040037474716
-0.050256600144	0.705524826189	-0.706900978761	0.178884244607
0.096705927793	0.707907145408	0.699653797967	-0.281877719551
0.000000000000	0.000000000000	0.000000000000	1.000000000000
39	41	57
0.593123155470	-0.654832279388	0.468401119040	-0.101607942409
0.640581705038	0.736253127492	0.218143098511	-0.211075192542
-0.487708931245	0.170663464543	0.856162356247	0.325079351763
0.000000000000	0.000000000000	0.000000000000	1.000000000000
39	56	57
0.829766036826	0.088089318398	-0.551115773785	0.753078762991
-0.364546851654	0.833256269161	-0.415679663747	0.979374261300
0.422603735289	0.545824387407	0.723520435808	-1.369495646291
0.000000000000	0.000000000000	0.000000000000	1.000000000000
40	56	57
0.880432712538	0.120549988913	-0.458591254676	0.556553881666
-0.017775388669	0.974854145927	0.222133810408	-0.155787323749
0.473837814289	-0.187422235452	0.860436302935	-1.411887218727
0.000000000000	0.000000000000	0.000000000000	1.000000000000
41	56	57
0.071758499795	0.352669838804	-0.932992337860	1.975362301647
-0.724359091891	0.661470020895	0.194322714709	-0.041779486499
0.685678221692	0.661877176110	0.302925700532	-0.864379039517
0.000000000000	0.000000000000	0.000000000000	1.000000000000
42	43	57
0.763205661630	-0.451479409690	0.462259083936	-0.110563258532
0.515060713111	0.857050215515	-0.013318779811	-0.266286997748
-0.390166092664	0.248256461572	0.886644883492	0.247772037731
0.000000000000	0.000000000000	0.000000000000	1.000000000000
43	44	57
0.929397610630	0.113684470771	-0.351135191145	-0.054024253614
-0.347081959376	0.592753989059	-0.726757746385	-0.294825131016
0.125515715473	0.797319603146	0.590361969988	0.033184690500
0.000000000000	0.000000000000	0.000000000000	1.000000000000
44	48	57
0.993589896457	-0.036576382810	0.106963946628	0.266966879707
0.034440399062	0.999170068345	0.021749331872	-0.026932672353
-0.107670685751	-0.017926035395	0.994024989970	0.412350964505
0.000000000000	0.000000000000	0.000000000000	1.000000000000
45	47	57
0.675325082291	-0.393242888903	0.623935945074	-0.064106757663
0.478145808538	0.877560084819	0.035565198026	-0.019075130308
-0.561527042097	0.274314286650	0.780665775562	0.067431381030
0.000000000000	0.000000000000	0.000000000000	1.000000000000
46	47	57
0.946541310632	0.193276655253	-0.258270559301	-0.034048833329
-0.181211734815	0.980951966394	0.069968184152	-0.026761161465
0.266874229615	-0.019426120627	0.963535557935	0.099873088264
0.000000000000	0.000000000000	0.000000000000	1.000000000000
46	56	57
0.703484073977	-0.040620857449	0.709549225636	-0.961707790340
0.447746705326	0.800657890520	-0.398082692688	0.414748000306
-0.551935725905	0.597743162477	0.581437929775	-0.514168336798
0.000000000000	0.000000000000	0.000000000000	1.000000000000
49	50	57
-0.418562752601	-0.269116006264	0.867399445070	-2.173181939989
0.707663115049	0.501977539219	0.497223758200	-1.052843197680
-0.569225910982	0.821945938181	-0.019665629257	1.785966922641
0.000000000000	0.000000000000	0.000000000000	1.000000000000
49	51	57
0.712510637691	0.245709740138	-0.657233074927	0.237835081394
-0.486540252592	0.847930270344	-0.210458640218	-0.271068646439
0.505576081104	0.469724366237	0.723707016671	0.140551691312
0.000000000000	0.000000000000	0.000000000000	1.000000000000
49	52	57
0.948986892944	0.234488640433	-0.210805489797	0.180550674592
-0.301165209942	0.872087585233	-0.385697757323	-0.238409571197
0.093399107818	0.429509395929	0.898219508510	-0.010407631694
0.000000000000	0.000000000000	0.000000000000	1.000000000000
49	53	57
0.492182705219	0.698405507847	-0.519601704474	-0.043501214122
-0.503814791056	0.715318090656	0.484242383000	-0.290798634658
0.709878046566	0.023447298125	0.703934217960	0.391500123692
0.000000000000	0.000000000000	0.000000000000	1.000000000000
49	55	57
0.168061480298	0.856099725156	-0.488721392439	-0.035773384154
-0.630373028748	0.474491439089	0.614400292040	-0.201079701672
0.757882037963	0.204819761790	0.619405910299	0.268656595655
0.000000000000	0.000000000000	0.000000000000	1.000000000000
50	51	57
0.945593452335	-0.081675982736	0.314931828726	-0.077572835933
0.196283182460	0.915188973923	-0.351997236202	0.042721780250
-0.259472417000	0.394662103393	0.881428323213	-0.101643270995
0.000000000000	0.000000000000	0.000000000000	1.000000000000
50	52	57
-0.644953924291	0.255336659543	-0.720303842719	0.653712507920
-0.310363779332	0.773792787780	0.552194753740	-1.647526759304
0.698361482343	0.579696396291	-0.419813444409	2.583619814388
0.000000000000	0.000000000000	0.000000000000	1.000000000000
50	53	57
0.996734255045	-0.062983687433	-0.050535927202	0.046462160829
0.073370863552	0.967749380228	0.240993471799	-0.036260306726
0.033727454728	-0.243914313203	0.969210125108	0.226780839633
0.000000000000	0.000000000000	0.000000000000	1.000000000000
50	54	57
0.931509860822	0.132355758213	-0.338779179496	0.163621341065
-0.178340297784	0.977993023221	-0.108279197992	-0.107827898764
0.316992298611	0.161281120406	0.934614510278	0.079602574062
0.000000000000	0.000000000000	0.000000000000	1.000000000000
51	52	57
0.865268702951	-0.045947561827	0.499198250453	-0.137408274660
0.053172852708	0.998585291188	-0.000252897296	0.038184546748
-0.498480410275	0.026762619158	0.866487762630	-0.126481108200
0.000000000000	0.000000000000	0.000000000000	1.000000000000
51	53	57
0.926474292332	0.242504303985	-0.287814259892	0.021082094138
-0.021143606757	0.797064867392	0.603523442016	0.059360699832
0.375763667139	-0.553063522317	0.743587524600	0.368457789597
0.000000000000	0.000000000000	0.000000000000	1.000000000000
51	54	57
0.752271558356	0.268175444518	-0.601805145746	0.137086953958
-0.116054013835	0.953066871289	0.279633697405	-0.019645576766
0.648551438486	-0.140518574606	0.748087937230	0.296858486606
0.000000000000	0.000000000000	0.000000000000	1.000000000000
53	54	57
0.931055739755	0.223111420231	-0.288715263940	0.083724627479
-0.315907565601	0.888859975267	-0.331858937448	0.010353877312
0.182585923515	0.400186504683	0.898060767434	-0.161890429023
0.000000000000	0.000000000000	0.000000000000	1.000000000000
53	55	57
0.939644372546	0.309124255533	-0.146665087135	-0.079147310922
-0.295511632313	0.949271288191	0.107503007320	0.062910798430
0.172456743303	-0.057673356558	0.983327237308	-0.037480759746
0.000000000000	0.000000000000	0.000000000000	1.000000000000
