0	1	38
0.998614907437	0.030896941713	-0.042586918608	-0.112807968432
-0.028135964127	0.997554936396	0.063972778543	-0.010252404278
0.044459354093	-0.062685946309	0.997042545717	0.465728887326
0.000000000000	0.000000000000	0.000000000000	1.000000000000
0	6	38
-0.669371491416	0.012192128774	-0.742827812131	-0.458907858692
0.110698500519	-0.987066776410	-0.115952666593	1.591631280896
-0.734634363791	-0.159845334317	0.659364709879	0.853092920250
0.000000000000	0.000000000000	0.000000000000	1.000000000000
0	8	38
-0.903784716461	-0.016304962466	-0.427676670501	-0.102690478585
-0.021014222597	-0.996378208580	0.082394586694	2.121508082245
-0.427471155449	0.083454260927	0.900168760618	0.072026937811
0.000000000000	0.000000000000	0.000000000000	1.000000000000
0	9	38
-0.995603407902	0.059845793018	-0.072057860312	-0.202943994768
-0.058350007806	-0.998038316596	-0.022689098584	1.485938431922
-0.073274352701	-0.018384767160	0.997142351710	-0.302095195661
0.000000000000	0.000000000000	0.000000000000	1.000000000000
0	10	38
-0.993859148738	0.013642951155	0.109808298201	-0.403951869783
-0.008971126153	-0.999037913884	0.042927444801	1.232276055206
0.110288310194	0.041678729652	0.993025363286	-0.334208246207
0.000000000000	0.000000000000	0.000000000000	1.000000000000
0	11	38
-0.939602868345	0.096089412633	-0.328501559474	0.651698512833
-0.067663040119	-0.992989244236	-0.096923030455	2.199929188785
-0.335511792339	-0.068841743226	0.939517243903	0.219886289271
0.000000000000	0.000000000000	0.000000000000	1.000000000000
0	27	38
0.939290055480	0.033580062583	-0.341477043260	1.310101712007
0.046879918597	0.973307957458	0.224663956122	0.060316601652
0.339906553201	-0.227033035801	0.912644254760	0.491080230778
0.000000000000	0.000000000000	0.000000000000	1.000000000000
0	28	38
0.968109723524	0.049923571759	-0.245501935231	1.218616157725
0.004018717476	0.976722971998	0.214466980865	-0.029383049434
0.250494337519	-0.208614172467	0.945374377650	0.949823203582
0.000000000000	0.000000000000	0.000000000000	1.000000000000
1	2	38
0.999512793231	-0.018437076658	-0.025184327901	0.008829195430
0.019677150634	0.998559680002	0.049913677653	-0.024594090473
0.024227792109	-0.050384915185	0.998435964102	0.884398010285
0.000000000000	0.000000000000	0.000000000000	1.000000000000
1	6	38
0.527062350101	0.125972404955	-0.840438119254	1.347602273736
-0.005067604306	0.989400757693	0.145122224565	-0.130809202631
0.849811507625	-0.072229452899	0.522114266843	2.706971876886
0.000000000000	0.000000000000	0.000000000000	1.000000000000
1	8	38
-0.210880669196	0.256528333726	0.943251057437	-2.310002356459
-0.356664708911	0.878233456993	-0.318584808858	0.657664904898
-0.910120667152	-0.403607741518	-0.093707855645	3.807638830663
0.000000000000	0.000000000000	0.000000000000	1.000000000000
1	9	38
-0.326262180002	0.117317891708	-0.937970949542	2.394346067556
0.013079637762	0.992733850238	0.119617831728	-0.338860189132
0.945188823980	0.026758454296	-0.325425985667	2.909494614728
0.000000000000	0.000000000000	0.000000000000	1.000000000000
1	10	38
-0.374417492072	0.094500492131	-0.922432218983	2.386501217345
0.044686882611	0.995476306354	0.083845131109	-0.230303297809
0.926182824367	-0.009827536574	-0.376946674440	2.854812339152
0.000000000000	0.000000000000	0.000000000000	1.000000000000
1	27	38
0.957678941461	0.031670581615	-0.286090928452	1.365083741819
0.020823994902	0.983700596473	0.178604304920	0.017227036953
0.287084319180	-0.177003137712	0.941409837914	-0.041201631437
0.000000000000	0.000000000000	0.000000000000	1.000000000000
1	28	38
0.965186077189	0.090107516452	-0.245553399243	1.423992986152
-0.045668377661	0.982422225807	0.180999915807	-0.138766522322
0.257546569930	-0.163484573337	0.952335318361	0.484930438414
0.000000000000	0.000000000000	0.000000000000	1.000000000000
2	3	38
0.999423148576	0.027751555653	-0.019576037608	0.217726879796
-0.027661661398	0.999605586735	0.004848036403	-0.028529076195
0.019702857111	-0.004303734083	0.999796616965	0.744999780434
0.000000000000	0.000000000000	0.000000000000	1.000000000000
2	5	38
0.859661664401	0.082957931674	-0.504083132362	0.915025694047
-0.075120276657	0.996528373739	0.035890728171	-0.131081669878
0.505310564697	0.007012981245	0.862909063169	1.660032084416
0.000000000000	0.000000000000	0.000000000000	1.000000000000
2	8	38
0.232731680901	0.150242761662	-0.960865795662	1.914212840063
-0.092107391308	0.986959312265	0.132013425073	-0.554173294730
0.968169506425	0.057779135516	0.243535168564	1.458621912369
0.000000000000	0.000000000000	0.000000000000	1.000000000000
3	4	38
0.982975442178	0.001498370035	-0.183730876454	0.447934934324
0.004977035862	0.999382677575	0.034777764130	-0.056120608889
0.183669565223	-0.035100123235	0.982361171952	0.495262581012
0.000000000000	0.000000000000	0.000000000000	1.000000000000
3	5	38
0.851035571520	0.059480536399	-0.521728398496	0.754855914157
-0.033876963828	0.997713231390	0.058486402102	-0.108818868603
0.524014128941	-0.032099434555	0.851104470069	0.961608040495
0.000000000000	0.000000000000	0.000000000000	1.000000000000
3	6	38
0.572693800896	0.117565200257	-0.811295404957	1.220389366747
-0.063921647567	0.993053985533	0.098781601474	-0.166909492027
0.817273414096	-0.004712271859	0.576230822766	1.031332709064
0.000000000000	0.000000000000	0.000000000000	1.000000000000
4	5	38
0.921249919494	0.058469178481	-0.384551610320	0.476798430986
-0.042725306798	0.997866500494	0.049365933102	-0.111455282238
0.386617555202	-0.029048276366	0.921782546835	0.445548066922
0.000000000000	0.000000000000	0.000000000000	1.000000000000
4	6	38
0.744718901046	0.132782324958	-0.654035635576	0.804239986588
-0.121892596225	0.990585174439	0.062315384678	-0.110442025199
0.656152385815	0.033314656848	0.753892684822	0.316254830259
0.000000000000	0.000000000000	0.000000000000	1.000000000000
4	7	38
0.473490347024	0.070254688448	-0.877992693607	1.246864915417
-0.118370331592	0.992846821714	0.015609394990	-0.176891088661
0.872808888517	0.096537388427	0.478419456922	0.331512246692
0.000000000000	0.000000000000	0.000000000000	1.000000000000
5	6	38
0.937591700529	0.094657003696	-0.334607015394	0.316688496641
-0.095244865018	0.995345466587	0.014690739656	-0.009814390394
0.334440157259	0.018095684439	0.942243242171	-0.236073345018
0.000000000000	0.000000000000	0.000000000000	1.000000000000
5	7	38
0.790758407062	0.055746427163	-0.609584676251	0.638859752542
-0.105515577550	0.993351573032	-0.046033848954	-0.041292453913
0.602965674442	0.100722332250	0.791383224001	-0.422085455529
0.000000000000	0.000000000000	0.000000000000	1.000000000000
5	8	38
0.691568263718	0.047158020462	-0.720770044969	0.806639829299
-0.115485991265	0.992248643425	-0.045886985543	-0.133701700799
0.713019159939	0.114972826037	0.691653762249	-0.695958772452
0.000000000000	0.000000000000	0.000000000000	1.000000000000
6	7	38
0.954080240735	0.005024632221	-0.299509010399	0.230972159186
-0.031440674107	0.996016334272	-0.083444268075	-0.018381950090
0.297896589861	0.089029292561	0.950437481803	-0.293759208801
0.000000000000	0.000000000000	0.000000000000	1.000000000000
6	8	38
0.896156779221	0.000290076277	-0.443737470710	0.333852214750
-0.047645532501	0.994281474072	-0.095573288894	-0.091279700659
0.441172222935	0.106790758838	0.891045904282	-0.591250836856
0.000000000000	0.000000000000	0.000000000000	1.000000000000
7	8	38
0.989212943434	-0.002691190855	-0.146459926375	-0.021304197121
-0.005908258902	0.998284619326	-0.058248702073	0.002212847553
0.146365450223	0.058485693193	0.987500166417	-0.300693142732
0.000000000000	0.000000000000	0.000000000000	1.000000000000
9	10	38
0.991351049342	0.011699833156	-0.130714233624	0.133120862896
-0.011504535104	0.999931291131	0.002249153117	0.041951083711
0.130731567113	-0.000725893813	0.991417535874	-0.056027479460
0.000000000000	0.000000000000	0.000000000000	1.000000000000
9	11	38
0.998915451649	-0.044290658993	-0.014361684551	0.027143494075
0.045452933047	0.994486813839	0.094498719450	-0.022438673358
0.010097095352	-0.095049011706	0.995421385163	0.302886654480
0.000000000000	0.000000000000	0.000000000000	1.000000000000
10	11	38
0.990842876178	-0.051969042166	0.124617869438	-0.104250250602
0.043110048775	0.996417122846	0.072762909463	-0.018559045589
-0.127952797630	-0.066724328062	0.989533195817	0.365905053505
0.000000000000	0.000000000000	0.000000000000	1.000000000000
14	15	38
0.995168699033	0.045918251388	-0.086780036033	0.164806775897
-0.043948542939	0.998733959449	0.024474554468	-0.019956499166
0.087793997733	-0.020542454390	0.995926815348	0.116817140325
0.000000000000	0.000000000000	0.000000000000	1.000000000000
14	16	38
0.991505528658	0.006518820635	-0.129901083977	0.179504273118
0.004461952189	0.996450544203	0.084061905405	-0.081877553153
0.129987990305	-0.083927456384	0.987957136945	0.188166410372
0.000000000000	0.000000000000	0.000000000000	1.000000000000
14	17	38
0.934472033051	0.114055130895	-0.337273548564	0.198170984632
-0.104887274113	0.993449772379	0.045345446181	-0.073890002183
0.340236210850	-0.006998348143	0.940313960308	0.694533000067
0.000000000000	0.000000000000	0.000000000000	1.000000000000
15	16	38
0.998288545921	-0.045648947596	-0.036553422100	-0.013991222161
0.046441866120	0.998697180670	0.021144606717	0.030024613685
0.035540570551	-0.022806027829	0.999107978619	0.048837537897
0.000000000000	0.000000000000	0.000000000000	1.000000000000
15	17	38
0.945725548441	0.053317983197	-0.320562598714	0.286532525658
-0.049826663770	0.998575414784	0.019090431293	-0.078058595749
0.321123793270	-0.002081743782	0.947034939028	0.629833512053
0.000000000000	0.000000000000	0.000000000000	1.000000000000
16	17	38
0.969116381488	0.100352426958	-0.225261691230	0.101837360969
-0.111780472609	0.992985606640	-0.038531947124	-0.009478345614
0.219814842710	0.062521799474	0.973536059689	0.507108421010
0.000000000000	0.000000000000	0.000000000000	1.000000000000
17	18	38
0.973223659271	0.014749851348	-0.229386466296	0.206451458458
0.001684301502	0.997454661110	0.071283673851	-0.071519414911
0.229854023596	-0.069761313881	0.970721632046	0.581193350241
0.000000000000	0.000000000000	0.000000000000	1.000000000000
18	19	38
0.892149373894	0.027948210879	-0.450875140331	0.290577429209
-0.038275479332	0.999171921789	-0.013800666283	0.032837270188
0.450116076520	0.029569717898	0.892480335605	0.535624167178
0.000000000000	0.000000000000	0.000000000000	1.000000000000
19	20	38
0.920373806640	0.053828586912	-0.387317104298	0.310004316183
-0.058391436187	0.998293764380	-0.000013440507	-0.034723812665
0.386655526575	0.022628372270	0.921946560565	0.146107495987
0.000000000000	0.000000000000	0.000000000000	1.000000000000
19	21	38
-0.641351328704	-0.022243695020	0.766924827608	-2.916188030170
0.168823693010	0.970989883452	0.169343458431	-0.454817979096
-0.748443073218	0.238083733729	-0.618990389170	5.038921670319
0.000000000000	0.000000000000	0.000000000000	1.000000000000
20	21	38
0.914774736314	0.085154631283	-0.394887161823	0.335923638711
-0.049674259101	0.993823049745	0.099238166948	-0.098844700514
0.400898552984	-0.071164840810	0.913354211491	-0.245065930722
0.000000000000	0.000000000000	0.000000000000	1.000000000000
21	22	38
0.929910446761	0.034198280277	-0.366192625037	0.092786137763
-0.025205053964	0.999252441805	0.029313184772	0.054474354877
0.366921335248	-0.018028731871	0.930077254085	-0.068693960667
0.000000000000	0.000000000000	0.000000000000	1.000000000000
22	23	38
0.995455892798	0.036459740278	-0.087967339575	-0.040854945563
-0.026701448254	0.993610245802	0.109661807838	0.056894234272
0.091403490929	-0.106814637461	0.990068702197	-0.022265261051
0.000000000000	0.000000000000	0.000000000000	1.000000000000
22	24	38
0.939735685710	0.082708318189	-0.331747155384	0.180310629519
-0.036989730323	0.989198524728	0.141838071502	-0.018167040324
0.339894985038	-0.121019059570	0.932644512323	0.455834675008
0.000000000000	0.000000000000	0.000000000000	1.000000000000
23	24	38
0.949754446834	0.054057672781	-0.308292488932	0.377946888863
-0.041913671223	0.998067113505	0.045883342331	-0.152760647027
0.310176941249	-0.030656238393	0.950184434815	0.507193108477
0.000000000000	0.000000000000	0.000000000000	1.000000000000
23	25	38
0.929919811949	0.035764590449	-0.366019176294	0.543680362760
-0.023946032282	0.999036439921	0.036780147469	-0.212462496771
0.366981921738	-0.025437880807	0.929880198379	0.813862864386
0.000000000000	0.000000000000	0.000000000000	1.000000000000
24	25	38
0.991026649056	0.033102835513	-0.129500514062	0.345330154684
-0.033610404733	0.999433504233	-0.001735312642	-0.086514893989
0.129369708800	0.006072305764	0.991577836354	0.278836954800
0.000000000000	0.000000000000	0.000000000000	1.000000000000
25	26	38
0.977312038814	0.035187073619	-0.208861314367	0.215157009700
-0.035709063750	0.999361418289	0.001272164259	-0.061433938074
0.208772703089	0.006214940544	0.977944442675	0.314858996081
0.000000000000	0.000000000000	0.000000000000	1.000000000000
26	27	38
0.939601532465	0.100380446189	-0.327219691053	0.304776282167
-0.102344830105	0.994685281945	0.011257248001	-0.123010535737
0.326610618230	0.022911916215	0.944881234947	0.377712855052
0.000000000000	0.000000000000	0.000000000000	1.000000000000
26	28	38
0.955209653694	0.057992582911	-0.290191967182	0.383736909415
-0.039645356954	0.996848365412	0.068713768983	-0.420685156344
0.293262277085	-0.054131291351	0.954498318561	0.952863469553
0.000000000000	0.000000000000	0.000000000000	1.000000000000
27	28	38
0.986494825071	0.025936836618	0.161725819259	-0.080999760679
-0.024775093626	0.999650750562	-0.009196283850	-0.199385416695
-0.161907859119	0.005065314114	0.986792879863	0.436634742433
0.000000000000	0.000000000000	0.000000000000	1.000000000000
29	30	38
0.968584277037	-0.005653366945	0.248621273665	0.127121301674
-0.021679837080	0.994015781098	0.107063586682	0.171091930204
-0.247738739282	-0.109090175411	0.962665492623	0.278409579126
0.000000000000	0.000000000000	0.000000000000	1.000000000000
30	31	38
0.954689302755	0.003042999845	0.297588768870	-0.073867262048
0.001898295391	0.999865115375	-0.016314028626	0.029361663987
-0.297598272308	0.016139740003	0.954554753334	0.673762886893
0.000000000000	0.000000000000	0.000000000000	1.000000000000
31	32	38
0.835354548203	-0.058987039912	0.546537563136	-0.417653100579
0.058742919175	0.998111943003	0.017939305498	0.010667320900
-0.546563855595	0.017119531458	0.837242422122	0.253646845928
0.000000000000	0.000000000000	0.000000000000	1.000000000000
31	33	38
0.661688291523	-0.132237727454	0.738025601385	-0.963152901538
0.103808284585	0.991001776642	0.084494489427	-0.025184572310
-0.742558041444	0.020704157308	0.669461644127	0.106203437393
0.000000000000	0.000000000000	0.000000000000	1.000000000000
31	34	38
0.424107365748	0.016778465735	0.905456473502	-1.416134579498
0.083899100038	0.994800484128	-0.057731601321	0.096357335096
-0.901717185891	0.100451380607	0.420494514593	0.379812437128
0.000000000000	0.000000000000	0.000000000000	1.000000000000
31	35	38
0.465731338206	0.050557988815	0.883480735715	-1.346087632559
0.094677860428	0.989789310493	-0.106551506693	-0.068669037179
-0.879846818121	0.133270441587	0.456189177909	0.234514090993
0.000000000000	0.000000000000	0.000000000000	1.000000000000
31	36	38
0.544060123848	0.128920423949	0.829082689439	-1.432872576437
0.095493000089	0.972190575502	-0.213837723145	0.051031845065
-0.833594426908	0.195512171474	0.516619126856	0.291453793388
0.000000000000	0.000000000000	0.000000000000	1.000000000000
31	37	38
0.458047007962	-0.036084647385	0.888195269476	-1.508338704393
0.013879982704	0.999344264023	0.033442309204	-0.057171941663
-0.888819601818	-0.002990014692	0.458247504342	0.429747338514
0.000000000000	0.000000000000	0.000000000000	1.000000000000
32	33	38
0.962584364178	-0.044929888755	0.267231448254	-0.429384172289
0.038856860476	0.998853160816	0.027973335890	0.039339482725
-0.268181815627	-0.016542920642	0.963226269131	-0.380818227580
0.000000000000	0.000000000000	0.000000000000	1.000000000000
32	34	38
0.877358197020	-0.003927822628	0.479819931153	-0.811869919627
0.047258941425	0.995812059902	-0.078261956332	0.078426113285
-0.477503074941	0.091339550923	0.873869498186	-0.467871910359
0.000000000000	0.000000000000	0.000000000000	1.000000000000
32	35	38
0.880400832619	0.034331026825	0.472985998229	-0.771705204857
0.064234992641	0.979551421877	-0.190664306096	0.090493471498
-0.469859808501	0.198243265953	0.860192634158	-0.523089316840
0.000000000000	0.000000000000	0.000000000000	1.000000000000
32	36	38
0.924091409823	0.033637123523	0.380688337374	-0.817453614994
0.069027565616	0.965045380497	-0.252829208688	0.119483150603
-0.375885968715	0.259915289088	0.889468257456	-0.524153787834
0.000000000000	0.000000000000	0.000000000000	1.000000000000
32	37	38
0.887825687179	0.018518413072	0.459807152579	-0.889499320158
-0.001741198251	0.999318006660	-0.036884817925	0.108339301251
-0.460176615458	0.031946673411	0.887252440202	-0.506147483087
0.000000000000	0.000000000000	0.000000000000	1.000000000000
33	34	38
0.973507647112	-0.004559429720	0.228608995043	-0.352376224387
0.031869437397	0.992747950397	-0.115913096511	0.082625094003
-0.226422613654	0.120127925910	0.966593027826	-0.187330942679
0.000000000000	0.000000000000	0.000000000000	1.000000000000
33	35	38
0.969384982677	0.008690300412	0.245392000764	-0.358285098542
0.050469421445	0.970983958580	-0.233758400234	0.109663083440
-0.240303127027	0.238986675067	0.940818673434	-0.209207622741
0.000000000000	0.000000000000	0.000000000000	1.000000000000
33	36	38
0.994138781479	0.017620188830	0.106665890074	-0.308683460683
0.013189852707	0.959491166196	-0.281429795468	0.083254433766
-0.107303825399	0.281187181318	0.953634971107	-0.252523787333
0.000000000000	0.000000000000	0.000000000000	1.000000000000
33	37	38
0.978997209474	0.050345732626	0.197559537983	-0.384737041834
-0.034391822185	0.995924796835	-0.083372667081	0.115836878519
-0.200951900734	0.074827175917	0.976739078432	-0.239779313947
0.000000000000	0.000000000000	0.000000000000	1.000000000000
34	35	38
0.999761070602	-0.021751962653	0.002157273730	0.019262876506
0.021808610979	0.985925833037	-0.165754747254	0.155122415207
0.001478579172	0.165762190716	0.986164646463	-0.022260008022
0.000000000000	0.000000000000	0.000000000000	1.000000000000
34	36	38
0.991397413553	-0.020432473029	-0.129281407972	0.074492853610
-0.001220268352	0.986254031294	-0.165231645581	-0.014626326589
0.130880400926	0.163967984077	0.977744762630	-0.047214551512
0.000000000000	0.000000000000	0.000000000000	1.000000000000
34	37	38
0.996678515528	0.075253393392	-0.031126571723	-0.038780895504
-0.073923181028	0.996384099753	0.041881846491	0.000381379556
0.034165772215	-0.039441761392	0.998637595661	-0.058228840045
0.000000000000	0.000000000000	0.000000000000	1.000000000000
35	36	38
0.991157723797	-0.009769170563	-0.132328870104	0.044748699485
0.004036225729	0.999044288976	-0.043522609601	-0.048084173212
0.132627581741	0.042603661476	0.990249894012	-0.004828884187
0.000000000000	0.000000000000	0.000000000000	1.000000000000
35	37	38
0.996559137159	0.069153515069	-0.045691109612	-0.020260630094
-0.059270587470	0.979921038538	0.190372675801	-0.083780879675
0.057938619288	-0.187009490626	0.980648034114	-0.006553074066
0.000000000000	0.000000000000	0.000000000000	1.000000000000
36	37	38
0.993747867923	0.070847563507	0.086289036055	-0.066636546944
-0.089095223806	0.968990598816	0.230476160373	-0.059304926205
-0.067284590310	-0.236723133957	0.969244521138	0.014097449926
0.000000000000	0.000000000000	0.000000000000	1.000000000000
