0	1	38
0.998278026967	0.033960821585	-0.047829316033	-0.091470005419
-0.030975833754	0.997606236910	0.061824702193	-0.007654033796
0.049814441662	-0.060236688781	0.996940350636	0.491928399608
0.000000000000	0.000000000000	0.000000000000	1.000000000000
0	6	38
-0.713435037710	0.165010105101	-0.681015500692	-0.692009088470
-0.040928523043	-0.980031438846	-0.194584775545	1.500115862643
-0.699525055284	-0.110950638066	0.705942386419	0.801415540567
0.000000000000	0.000000000000	0.000000000000	1.000000000000
0	8	38
-0.887512491091	-0.008676648541	-0.460701957808	0.033019740641
-0.018967732935	-0.998287311019	0.055341392881	2.181730129188
-0.460393096457	0.057854649155	0.885827881874	0.115621732027
0.000000000000	0.000000000000	0.000000000000	1.000000000000
0	9	38
-0.053284410639	0.044197468587	-0.997600799595	2.706380621305
0.132130557776	0.990547952298	0.036827569827	-0.022528734128
0.989799114611	-0.129851214735	-0.058620600025	3.110811634173
0.000000000000	0.000000000000	0.000000000000	1.000000000000
0	10	38
-0.974335371570	0.219732981596	0.048867172076	-0.337178494814
-0.225092421230	-0.949136333422	-0.220167260245	2.109270469746
-0.001996400015	-0.225516379399	0.974237330946	-0.084990832998
0.000000000000	0.000000000000	0.000000000000	1.000000000000
0	11	38
-0.928886736844	0.121402181459	-0.349901329594	0.717465487433
-0.105537511515	-0.992345053337	-0.064133678988	2.094682198289
-0.355008822112	-0.022645208196	0.934588642542	0.229890398281
0.000000000000	0.000000000000	0.000000000000	1.000000000000
0	27	38
0.939116588238	0.077183865921	-0.334817389839	1.299827772177
0.008340933795	0.969035066465	0.246782229473	-0.034342196722
0.343497398127	-0.234549975063	0.909393119986	0.517876119935
0.000000000000	0.000000000000	0.000000000000	1.000000000000
0	28	38
0.978850825736	0.103405667598	-0.176517219738	1.020668457455
-0.069994763494	0.980056873726	0.185981873704	-0.015395326190
0.192228494347	-0.169693229599	0.966567335362	0.852657511464
0.000000000000	0.000000000000	0.000000000000	1.000000000000
1	2	38
0.999268977327	-0.038130039897	-0.002758805935	-0.022495726307
0.038221404649	0.997951481674	0.051302674903	-0.029184361708
0.000796981429	-0.051370616922	0.998679340198	0.882484856613
0.000000000000	0.000000000000	0.000000000000	1.000000000000
1	6	38
0.534243833623	0.103619414761	-0.838955626431	1.340339016979
-0.003353992987	0.992710827811	0.120473910359	-0.085012870897
0.845323770497	-0.061548592434	0.530697177120	2.674895936282
0.000000000000	0.000000000000	0.000000000000	1.000000000000
1	8	38
0.174646742191	0.040078007020	-0.983815159873	1.963634212351
0.021194829510	0.998786734009	0.044450412482	-0.315634829891
0.984403014341	-0.028614914312	0.173585402712	2.492488785726
0.000000000000	0.000000000000	0.000000000000	1.000000000000
1	9	38
-0.250601690391	0.228133269645	-0.940826234782	2.299211924033
0.031295694899	0.973238432825	0.227656610607	-0.606323190731
0.967584297234	0.027607320650	-0.251034785622	2.714836853200
0.000000000000	0.000000000000	0.000000000000	1.000000000000
1	10	38
-0.439350603338	0.206756504646	-0.874198372872	2.325468270273
0.088610003310	0.978381447091	0.186863616845	-0.567810077958
0.893934737360	0.004635922089	-0.448173173636	3.106572320714
0.000000000000	0.000000000000	0.000000000000	1.000000000000
1	27	38
0.941160712968	0.043404773080	-0.335160466105	1.481459522510
0.019612125106	0.983032556936	0.182379704331	0.012170630149
0.337389799660	-0.178221821551	0.924340362317	0.010598094525
0.000000000000	0.000000000000	0.000000000000	1.000000000000
1	28	38
0.969631378901	0.056439978957	-0.237969573320	1.431082997211
-0.022270264662	0.989341227562	0.143902643329	-0.024299379798
0.243554971952	-0.134232873099	0.960553231954	0.447124477530
0.000000000000	0.000000000000	0.000000000000	1.000000000000
2	3	38
0.999302688034	0.029019172091	-0.023495219484	0.229305429619
-0.028908051538	0.999569290575	0.005055481675	-0.037674392915
0.023631805764	-0.004372755411	0.999711166671	0.744632788761
0.000000000000	0.000000000000	0.000000000000	1.000000000000
2	5	38
0.842497738158	0.057077960779	-0.535667497233	0.948488270126
-0.035032591956	0.998071214436	0.051250057711	-0.121438735827
0.537559558281	-0.024412236848	0.842872329593	1.696443603919
0.000000000000	0.000000000000	0.000000000000	1.000000000000
2	8	38
0.167413586611	0.074707843090	-0.983052098924	2.037478251189
-0.024831447424	0.997127962853	0.071548759006	-0.419147269717
0.985573990240	0.012432372146	0.168787872449	1.635519344420
0.000000000000	0.000000000000	0.000000000000	1.000000000000
3	4	38
0.982801141864	0.002918622968	-0.184643974154	0.443309171448
0.005991348467	0.998844762926	0.047678541484	-0.074072293715
0.184569822276	-0.047964791404	0.981648287061	0.514459394761
0.000000000000	0.000000000000	0.000000000000	1.000000000000
3	5	38
0.826936751832	0.030493273421	-0.561467513527	0.792051254541
0.011683861321	0.997381057442	0.071375861744	-0.109660826740
0.562173546029	-0.065583431834	0.824414772802	1.028339015001
0.000000000000	0.000000000000	0.000000000000	1.000000000000
3	6	38
0.566906204832	0.112822925081	-0.816019817467	1.213046674402
-0.050580243309	0.993475196764	0.102218747799	-0.162859369346
0.822228066846	-0.016673961465	0.568913864394	1.056888806862
0.000000000000	0.000000000000	0.000000000000	1.000000000000
4	5	38
0.935586162324	0.062764700625	-0.347475359160	0.412192138272
-0.047444811444	0.997496796952	0.052432146034	-0.116277633547
0.349896445731	-0.032568887393	0.936222059577	0.400304604367
0.000000000000	0.000000000000	0.000000000000	1.000000000000
4	6	38
0.758568098493	0.143700336702	-0.635550669247	0.763173221292
-0.113600350123	0.989606949200	0.088164882728	-0.165516801136
0.641614682189	0.005319711102	0.767008670273	0.295422157915
0.000000000000	0.000000000000	0.000000000000	1.000000000000
4	7	38
0.513845756373	0.127907146166	-0.848293758445	1.147662237527
-0.164171588285	0.985208751626	0.049106061935	-0.228911477345
0.842027451012	0.114032792118	0.527244055503	0.224730650373
0.000000000000	0.000000000000	0.000000000000	1.000000000000
5	6	38
0.936976809149	0.089035555147	-0.337856669367	0.327988657130
-0.088748379390	0.995920208877	0.016329810366	-0.003617574354
0.337932218458	0.014683578261	0.941055900708	-0.231555704563
0.000000000000	0.000000000000	0.000000000000	1.000000000000
5	7	38
0.793286405135	0.086280518105	-0.602704199108	0.625843175495
-0.121610486602	0.992414760142	-0.017995371658	-0.104317596683
0.596579893204	0.087570634622	0.797761753267	-0.442967448014
0.000000000000	0.000000000000	0.000000000000	1.000000000000
5	8	38
0.695263164725	0.062817057758	-0.716004992322	0.787500269099
-0.126558368681	0.991308525980	-0.035921938080	-0.137316688072
0.707525343075	0.115591624148	0.697170327348	-0.707321604899
0.000000000000	0.000000000000	0.000000000000	1.000000000000
6	7	38
0.953260408054	0.012647967720	-0.301885116143	0.236665541120
-0.033858208329	0.997302199143	-0.065130218134	-0.053268820527
0.300246925321	0.072307347469	0.951116938834	-0.301352123378
0.000000000000	0.000000000000	0.000000000000	1.000000000000
6	8	38
0.894394667074	0.024381337372	-0.446613624846	0.325155344080
-0.068739952814	0.994143502902	-0.083387736064	-0.118013397590
0.441964928922	0.105281745933	0.890832619282	-0.601630402279
0.000000000000	0.000000000000	0.000000000000	1.000000000000
7	8	38
0.988353677732	0.021414156358	-0.150660019982	-0.018796415272
-0.026755173530	0.999080086022	-0.033513316813	-0.050003276813
0.149803766317	0.037153944903	0.988017416838	-0.310391477964
0.000000000000	0.000000000000	0.000000000000	1.000000000000
9	10	38
0.991346761925	0.008090368163	-0.131019630452	0.148840976814
-0.006744333635	0.999919858696	0.010714016481	0.010852610517
0.131095810706	-0.009737665445	0.991321878245	-0.041469166255
0.000000000000	0.000000000000	0.000000000000	1.000000000000
9	11	38
0.999571436483	-0.020188852406	-0.021197962315	0.040197545568
0.021979884906	0.995880624465	0.087969690659	-0.004264212194
0.019334632847	-0.088397918831	0.995897575014	0.297668188510
0.000000000000	0.000000000000	0.000000000000	1.000000000000
10	11	38
0.990386176351	-0.047625151121	0.129873271590	-0.125164758193
0.038378824578	0.996608424653	0.072792264255	-0.022824487759
-0.132899539190	-0.067108068755	0.988855004331	0.372049594705
0.000000000000	0.000000000000	0.000000000000	1.000000000000
14	15	38
0.994429513277	0.043268678362	-0.096113290427	0.196961898023
-0.039815853511	0.998500949577	0.037557309585	-0.058387274373
0.097594266907	-0.033521264399	0.994661592653	0.128808088792
0.000000000000	0.000000000000	0.000000000000	1.000000000000
14	16	38
0.990218653540	-0.009384346044	-0.139208305175	0.207150398097
0.018482858740	0.997765171534	0.064210952385	-0.027369255773
0.138294620695	-0.066155850253	0.988179134248	0.180047259516
0.000000000000	0.000000000000	0.000000000000	1.000000000000
14	17	38
0.916198138591	0.098251228415	-0.388494101573	0.333733493479
-0.086759606079	0.995117147282	0.047059897353	-0.083209576881
0.391220834817	-0.009410595141	0.920248715894	0.746034420297
0.000000000000	0.000000000000	0.000000000000	1.000000000000
15	16	38
0.998458304229	-0.034643234440	-0.043368894647	0.000496481829
0.035536341721	0.999168351751	0.019994331097	0.027033724856
0.042640158682	-0.021504677781	0.998859031946	0.053498169133
0.000000000000	0.000000000000	0.000000000000	1.000000000000
15	17	38
0.944038036895	0.064445510271	-0.323479460093	0.291551738638
-0.063988498489	0.997877762180	0.012060008613	-0.059537624066
0.323570173158	0.009313858088	0.946158335106	0.624264417763
0.000000000000	0.000000000000	0.000000000000	1.000000000000
16	17	38
0.966579193138	0.100534138892	-0.235833734463	0.155718044527
-0.109336722027	0.993702405580	-0.024515512639	-0.047210572921
0.231883903300	0.049481471896	0.971484142603	0.508073964607
0.000000000000	0.000000000000	0.000000000000	1.000000000000
17	18	38
0.975092031440	0.006586443144	-0.221702839379	0.187663494993
0.012433582731	0.996364051965	0.084285716297	-0.095387107313
0.221451882455	-0.084942890921	0.971464754399	0.593340715872
0.000000000000	0.000000000000	0.000000000000	1.000000000000
18	19	38
0.901988080374	0.031547400533	-0.430606855940	0.243376537358
-0.033756370108	0.999426935667	0.002511521482	-0.003383380344
0.430439322484	0.012270361960	0.902536108905	0.508325945010
0.000000000000	0.000000000000	0.000000000000	1.000000000000
19	20	38
0.920175520453	0.040817983995	-0.389372448617	0.319092796695
-0.040371177427	0.999141154485	0.009333887042	-0.054712892974
0.389419028288	0.007130609841	0.921033101908	0.144914027985
0.000000000000	0.000000000000	0.000000000000	1.000000000000
19	21	38
-0.627255844241	0.001863169514	0.778811038998	-2.935192581285
0.197676094609	0.967630350906	0.156893803658	-0.443710178450
-0.753308879203	0.252364879898	-0.607320096743	5.013712486160
0.000000000000	0.000000000000	0.000000000000	1.000000000000
20	21	38
0.909378008221	0.065160949389	-0.410835354904	0.406523353018
-0.028784833057	0.995144539745	0.094121083727	-0.080002756138
0.414973579340	-0.073765816546	0.906838206495	-0.220235092109
0.000000000000	0.000000000000	0.000000000000	1.000000000000
21	22	38
0.924681921852	0.064626626048	-0.375215594833	0.103256989633
-0.045336538677	0.997166891466	0.060023235702	-0.011864748733
0.378031667538	-0.038491424617	0.924992145139	-0.065076496169
0.000000000000	0.000000000000	0.000000000000	1.000000000000
22	23	38
0.994764977585	0.046161046372	-0.091169058170	-0.042054019235
-0.035687916044	0.992915335099	0.113338034096	0.054245164112
0.095754958191	-0.109491073253	0.989364792612	-0.015097105154
0.000000000000	0.000000000000	0.000000000000	1.000000000000
22	24	38
0.956001223762	0.074721469740	-0.283687084875	0.111202589996
-0.032328995232	0.987962536997	0.151277432412	-0.035965150060
0.291575884174	-0.135450092099	0.946909064440	0.421817827521
0.000000000000	0.000000000000	0.000000000000	1.000000000000
23	24	38
0.957136697823	0.032736834967	-0.287780543674	0.350177233128
-0.031171745184	0.999463813734	0.010020346191	-0.077286206070
0.287954274118	-0.000620219288	0.957643958549	0.463221071460
0.000000000000	0.000000000000	0.000000000000	1.000000000000
23	25	38
0.907198485588	0.096433822946	-0.409501435333	0.600030412615
-0.086613762629	0.995334580574	0.042510337999	-0.238487401674
0.411690373789	-0.003096854138	0.911318520400	0.850170418437
0.000000000000	0.000000000000	0.000000000000	1.000000000000
24	25	38
0.983417491943	0.056635566529	-0.172285951674	0.400114719738
-0.055552832712	0.998394007556	0.011103533409	-0.114151006947
0.172638116642	-0.001348436325	0.984984397035	0.293388189913
0.000000000000	0.000000000000	0.000000000000	1.000000000000
25	26	38
0.961090964698	0.080867738784	-0.264129828684	0.268293305990
-0.083196845493	0.996530301770	0.002375406226	-0.088009400557
0.263405471615	0.019691787086	0.964484209847	0.364890001831
0.000000000000	0.000000000000	0.000000000000	1.000000000000
26	27	38
0.944951662227	0.090109725873	-0.314557774276	0.291563604750
-0.091535914351	0.995748843894	0.010267242479	-0.114350060159
0.314145718478	0.019091285637	0.949182801348	0.372927427922
0.000000000000	0.000000000000	0.000000000000	1.000000000000
26	28	38
0.972487711175	0.075191630972	-0.220485532963	0.214976009414
-0.083750733352	0.996043495897	-0.029718158480	-0.235065653184
0.217378624242	0.047366369000	0.974937413791	0.807461257950
0.000000000000	0.000000000000	0.000000000000	1.000000000000
27	28	38
0.997720887504	0.001990557241	0.067446781393	0.201502880340
-0.000635764725	0.999797725191	-0.020102350738	-0.155546101304
-0.067473153488	0.020013654935	0.997520339228	0.462745798106
0.000000000000	0.000000000000	0.000000000000	1.000000000000
29	30	38
0.967754983027	-0.042775256319	0.248234909456	0.131102494913
0.003878795723	0.987889719894	0.155109175329	0.030023746133
-0.251863549903	-0.149144824832	0.956201115590	0.314730930618
0.000000000000	0.000000000000	0.000000000000	1.000000000000
30	31	38
0.955268593429	-0.012356822819	0.295481341777	-0.059657972021
0.013658227569	0.999903982312	-0.002340721378	-0.018998002337
-0.295424046462	0.006271769026	0.955345643045	0.674445082341
0.000000000000	0.000000000000	0.000000000000	1.000000000000
31	32	38
0.832639440307	-0.032813314082	0.552842517237	-0.422904921791
0.033255826949	0.999404235783	0.009231656009	0.020681006765
-0.552816074676	0.010698594191	0.833234617417	0.265353651476
0.000000000000	0.000000000000	0.000000000000	1.000000000000
31	33	38
0.631502163071	-0.074708907003	0.771766543231	-1.041264448431
0.086063572108	0.995950631142	0.025988495239	0.116601303357
-0.770582947899	0.050009194585	0.635374693283	0.230141004983
0.000000000000	0.000000000000	0.000000000000	1.000000000000
31	34	38
0.452272010811	-0.011078757707	0.891811240882	-1.362304754246
0.103749997349	0.993787834973	-0.040270052272	0.062743041481
-0.885825020129	0.110738431394	0.450611843526	0.320021877525
0.000000000000	0.000000000000	0.000000000000	1.000000000000
31	35	38
0.443326768547	0.094982459547	0.891313473851	-1.396613784388
0.094014116542	0.983958236173	-0.151616408606	0.062339385062
-0.891416133004	0.151011661292	0.427285333206	0.291388472428
0.000000000000	0.000000000000	0.000000000000	1.000000000000
31	36	38
0.552133603948	0.137400618981	0.822356098837	-1.417615103783
0.102556345073	0.967645052598	-0.230532531907	0.116099264575
-0.827424123093	0.211622593515	0.520178044940	0.278760429158
0.000000000000	0.000000000000	0.000000000000	1.000000000000
31	37	38
0.480589187389	0.014812049473	0.876820754861	-1.447058781567
-0.002663059844	0.999877385588	-0.015431198978	0.059780817381
-0.876941811682	0.005081041235	0.480569705603	0.321129001250
0.000000000000	0.000000000000	0.000000000000	1.000000000000
32	33	38
0.961861288970	-0.055522472443	0.267843453972	-0.441850437567
0.049081184734	0.998323178866	0.030689865493	0.045787160449
-0.269098305619	-0.016373319537	0.962973528359	-0.380159762262
0.000000000000	0.000000000000	0.000000000000	1.000000000000
32	34	38
0.875941452468	-0.019065507227	0.482040535934	-0.818919937061
0.063337871029	0.995114237185	-0.075736180556	0.098516279843
-0.478241451510	0.096871881296	0.872869378929	-0.464096619314
0.000000000000	0.000000000000	0.000000000000	1.000000000000
32	35	38
0.868609782954	0.042355538935	0.493683150693	-0.827380024626
0.057485010940	0.980997932148	-0.185306585524	0.075752794587
-0.492150910264	0.189338494350	0.849669592302	-0.508344412326
0.000000000000	0.000000000000	0.000000000000	1.000000000000
32	36	38
0.924378478299	0.035126886021	0.379855934185	-0.816836041708
0.063022250553	0.968006926518	-0.242880188875	0.096880717611
-0.376234800082	0.248452595260	0.892590994306	-0.538617161772
0.000000000000	0.000000000000	0.000000000000	1.000000000000
32	37	38
0.892220286552	0.026551869062	0.450819208236	-0.859983709790
-0.011814676295	0.999300787528	-0.035473221865	0.095741313402
-0.451445870165	0.026323645165	0.891910136738	-0.511608947691
0.000000000000	0.000000000000	0.000000000000	1.000000000000
33	34	38
0.970122507170	-0.002730952284	0.242600212245	-0.376536332940
0.031783715008	0.992749541590	-0.115923005190	0.082868360825
-0.240524669300	0.120170252441	0.963175474089	-0.187684132337
0.000000000000	0.000000000000	0.000000000000	1.000000000000
33	35	38
0.969864222337	0.013416633873	0.243276353488	-0.361529427942
0.045981366661	0.970461524216	-0.236833578566	0.120510443021
-0.239267850224	0.240882593709	0.940598996330	-0.228199326646
0.000000000000	0.000000000000	0.000000000000	1.000000000000
33	36	38
0.995083174851	0.000332829789	0.099042235192	-0.266944377111
0.027636924503	0.959340895056	-0.280893658662	0.079889173847
-0.095108756335	0.282249776433	0.954614785226	-0.249436523688
0.000000000000	0.000000000000	0.000000000000	1.000000000000
33	37	38
0.980896551923	0.032493329494	0.191797127103	-0.377058810633
-0.019932167429	0.997549690290	-0.067062091408	0.078792057826
-0.193506235372	0.061958041777	0.979140714061	-0.238182036608
0.000000000000	0.000000000000	0.000000000000	1.000000000000
34	35	38
0.999910370689	-0.013343766055	0.001092929864	0.023166890833
0.013367608710	0.990468814870	-0.137086957101	0.071922326328
0.000746743338	0.137089279950	0.990558414076	-0.033906711766
0.000000000000	0.000000000000	0.000000000000	1.000000000000
34	36	38
0.991743637717	-0.003314420800	-0.128193493060	0.068623613579
-0.018451795975	0.985574966381	-0.168230546778	-0.009271058408
0.126901884436	0.169206974616	0.977376545384	-0.050762602342
0.000000000000	0.000000000000	0.000000000000	1.000000000000
34	37	38
0.995376039311	0.085512972090	-0.043750108230	0.004263135920
-0.083147714901	0.995111096764	0.053295052345	-0.033731565660
0.048093636508	-0.049410896592	0.997619950395	-0.060718640457
0.000000000000	0.000000000000	0.000000000000	1.000000000000
35	36	38
0.991725006172	-0.008740474885	-0.128082458724	0.041082185663
0.005545508774	0.999665027812	-0.025280021782	-0.103274403636
0.128260514058	0.024360547359	0.991441276257	-0.017068116379
0.000000000000	0.000000000000	0.000000000000	1.000000000000
35	37	38
0.997405996442	0.061947116957	-0.036658327324	-0.059917083706
-0.054833553128	0.983816450887	0.170582743606	-0.024718176572
0.046632174652	-0.168130145023	0.984661208041	-0.024570815008
0.000000000000	0.000000000000	0.000000000000	1.000000000000
36	37	38
0.995181642890	0.061909695275	0.076030831156	-0.040857273987
-0.075896869178	0.977338171200	0.197610132241	0.040890540064
-0.062073850406	-0.202428478101	0.977327758917	-0.002116749988
0.000000000000	0.000000000000	0.000000000000	1.000000000000
