0	1	60
0.822185729270	-0.057826115200	0.566274462594	-0.064797045609
0.022698429943	0.997365905259	0.068891453058	0.051846800836
-0.568766567111	-0.043788028355	0.821332576189	0.111776912042
0.000000000000	0.000000000000	0.000000000000	1.000000000000
0	51	60
-0.247985628620	0.372318827936	-0.894361123016	1.511747133444
-0.125717198962	0.903023842811	0.410783550304	-0.410405983904
0.960571868151	0.214304992195	-0.177130055149	2.058925959333
0.000000000000	0.000000000000	0.000000000000	1.000000000000
0	52	60
0.209993501725	0.421245845959	-0.882300780061	1.010251233107
-0.103223033055	0.906930978157	0.408437518241	-0.373052078579
0.972238517381	0.005304537893	0.233931885808	1.791297804944
0.000000000000	0.000000000000	0.000000000000	1.000000000000
0	53	60
0.550944880583	0.408508147370	-0.727723046283	0.588452884188
-0.068048843032	0.891089972127	0.448695906530	-0.193772235618
0.831762642538	-0.197686001294	0.518739965080	1.744841731828
0.000000000000	0.000000000000	0.000000000000	1.000000000000
0	54	60
0.716067539384	0.380972988773	-0.584899017666	0.445375914882
-0.086129856353	0.879746602263	0.467576265065	-0.279615536276
0.692696850639	-0.284438917227	0.662771133561	1.587170766574
0.000000000000	0.000000000000	0.000000000000	1.000000000000
0	55	60
0.783285187755	0.169326817813	-0.598157791400	0.421861707620
-0.106811236036	0.984538598938	0.138834819330	-0.383329535921
0.612417892047	-0.044857284482	0.789260508026	1.436587769878
0.000000000000	0.000000000000	0.000000000000	1.000000000000
0	56	60
0.721443458391	0.008465559916	-0.692421598913	0.582591391506
-0.116100201683	0.987249893548	-0.108896238959	-0.462201886490
0.682671282181	0.158952766523	0.713227830710	1.435288095614
0.000000000000	0.000000000000	0.000000000000	1.000000000000
0	57	60
0.698985739423	0.022459125644	-0.714782850772	0.549866838928
-0.104446245476	0.991995185914	-0.070968534780	-0.414017352438
0.707467255701	0.124262378852	0.695736259881	0.916515254186
0.000000000000	0.000000000000	0.000000000000	1.000000000000
0	58	60
0.916367953935	0.056756926567	-0.396293356350	0.291693341175
-0.092757907708	0.993062985642	-0.072262556730	-0.400758823462
0.389442863021	0.102978433830	0.915275750038	0.611196902736
0.000000000000	0.000000000000	0.000000000000	1.000000000000
0	59	60
0.508750822311	0.270888736935	-0.817185348008	0.556327465490
-0.189452558871	0.961165535297	0.200670231212	-0.304884551628
0.839809697929	0.052726710110	0.540314320841	1.003986384330
0.000000000000	0.000000000000	0.000000000000	1.000000000000
1	3	60
0.443197262316	-0.213416414418	0.870648965274	-0.631899547690
0.162214341439	0.974305945653	0.156251181428	-0.071766257889
-0.881625030331	0.071981652684	0.466428930889	0.714935375536
0.000000000000	0.000000000000	0.000000000000	1.000000000000
1	4	60
0.178949582360	-0.303178686788	0.935980625254	-1.101699366994
0.113841111356	0.951327533948	0.286384574512	-0.124663406653
-0.977249839262	0.055304674583	0.204753863531	0.859963906358
0.000000000000	0.000000000000	0.000000000000	1.000000000000
1	5	60
0.244085990938	-0.316884203059	0.916518647317	-0.961392434036
0.164853794989	0.944907258059	0.282795862674	-0.296222325857
-0.955638663568	0.082065068815	0.282878187874	1.011664700354
0.000000000000	0.000000000000	0.000000000000	1.000000000000
1	6	60
0.276021686854	0.037875962278	0.960404831239	-0.884423611955
0.127196257080	0.988995357082	-0.075559882581	-0.148775497253
-0.952697822277	0.143016066063	0.268166486117	1.156141964878
0.000000000000	0.000000000000	0.000000000000	1.000000000000
1	7	60
0.474550500008	-0.221976453190	0.851779476843	-0.804173154334
0.186061802647	0.971110896703	0.149414296172	-0.251528034290
-0.860338787071	0.087578995962	0.502142500619	0.997257623747
0.000000000000	0.000000000000	0.000000000000	1.000000000000
1	8	60
0.798444311718	-0.173830441171	0.576428363986	-0.272053383600
0.112117444865	0.983595007856	0.141317157762	-0.203120019735
-0.591537285082	-0.048206205445	0.804835263960	1.485346348724
0.000000000000	0.000000000000	0.000000000000	1.000000000000
1	37	60
-0.809005967953	0.394070887833	-0.436139288736	1.446127672145
0.060961347315	0.794233928972	0.604546259771	-0.685091524870
0.584630702196	0.462493893400	-0.666563080749	3.148860363120
0.000000000000	0.000000000000	0.000000000000	1.000000000000
1	38	60
-0.639163642021	-0.305903345623	0.705615321443	-0.170700025603
0.243915467421	0.789492611717	0.563211026878	-0.664931396360
-0.729366220408	0.532094502115	-0.430000415520	3.280262116769
0.000000000000	0.000000000000	0.000000000000	1.000000000000
1	46	60
-0.786321387733	-0.188260778329	0.588435684282	-0.378396986372
0.064673560844	0.922127250032	0.381442872887	-0.914830197772
-0.614423311505	0.337992920180	-0.712912884010	3.387825883041
0.000000000000	0.000000000000	0.000000000000	1.000000000000
2	3	60
0.825840105104	-0.146499955452	0.544541902754	-0.615348694982
0.138065914285	0.988802549517	0.056633218002	-0.025187172577
-0.546741185676	0.028412692963	0.836819451712	0.146304145399
0.000000000000	0.000000000000	0.000000000000	1.000000000000
2	4	60
0.664735062013	-0.209435324044	0.717122125145	-1.049045149940
0.114353033835	0.977113639663	0.179366437324	-0.018059247355
-0.738275477707	-0.037226069197	0.673471260552	-0.001416866688
0.000000000000	0.000000000000	0.000000000000	1.000000000000
2	6	60
0.695709724936	0.032275504902	0.717597568566	-1.106837504900
0.131717353589	0.976319573422	-0.171611856571	-0.105910278324
-0.706143411350	0.213912090204	0.674983777784	0.471695476618
0.000000000000	0.000000000000	0.000000000000	1.000000000000
2	9	60
-0.650129288644	-0.453449800011	0.609684497849	-1.684104904291
0.747631525982	-0.238594253509	0.619774058469	-0.619895007603
-0.135569205224	0.858752619247	0.494130478246	1.462018071829
0.000000000000	0.000000000000	0.000000000000	1.000000000000
2	36	60
-0.902393742675	0.094097581472	-0.420512994262	0.168209308518
-0.161404841384	0.831014270649	0.532319226738	-1.207223734238
0.399542251032	0.548234372453	-0.734714272695	4.507866778811
0.000000000000	0.000000000000	0.000000000000	1.000000000000
2	37	60
0.795107031127	-0.340909098228	0.501583288995	-1.938917584567
0.176620273070	0.921368292991	0.346245213412	-0.600601080453
-0.580181082244	-0.186712226208	0.792797866036	2.100157734381
0.000000000000	0.000000000000	0.000000000000	1.000000000000
2	38	60
-0.123355813304	-0.492493005967	0.861530024084	-1.604006662016
0.362975175320	0.785609921207	0.501064939707	-0.767419827095
-0.923597512679	0.374523284690	0.081853184415	2.410018690782
0.000000000000	0.000000000000	0.000000000000	1.000000000000
2	39	60
-0.471209811997	-0.292293251248	0.832181451580	-1.464377282989
0.237762014714	0.866473949753	0.438967104415	-0.887222614766
-0.849370671402	0.404706745280	-0.338794794659	2.512336585922
0.000000000000	0.000000000000	0.000000000000	1.000000000000
2	40	60
-0.517761712606	-0.396509468407	0.758091716366	-1.123599471824
0.219328655820	0.794978982028	0.565599999001	-0.826757026982
-0.826932735896	0.459117261271	-0.324643790495	2.622822777721
0.000000000000	0.000000000000	0.000000000000	1.000000000000
2	41	60
-0.621143714632	-0.407147675905	0.669635166175	-0.979697999120
0.135335664666	0.785893759049	0.603369917511	-0.849406590407
-0.771922757562	0.465404952159	-0.433051367465	2.462129954471
0.000000000000	0.000000000000	0.000000000000	1.000000000000
2	45	60
-0.652328019083	-0.031542678543	0.757280142978	-1.267724305854
0.192159741192	0.959606742244	0.205498258155	-0.978357725090
-0.733173096468	0.279571027952	-0.619917132321	2.513104068356
0.000000000000	0.000000000000	0.000000000000	1.000000000000
2	46	60
-0.455220549182	-0.223814492509	0.861789605730	-1.660570636427
0.206343994984	0.915022224641	0.346635953339	-0.996040491653
-0.866138792190	0.335620919128	-0.370354143095	2.656463260481
0.000000000000	0.000000000000	0.000000000000	1.000000000000
2	47	60
-0.647028005640	-0.390912797709	0.654631151493	-0.995475858765
0.148543472721	0.777492463652	0.611097623687	-0.845487080438
-0.747856668506	0.492638461300	-0.444991853654	2.493903441401
0.000000000000	0.000000000000	0.000000000000	1.000000000000
2	49	60
-0.744620525997	-0.450473914692	0.492558143214	-0.551624477934
0.253076285686	0.492299104824	0.832822901350	-0.739761567574
-0.617650925594	0.744791812234	-0.252571753253	1.914302410303
0.000000000000	0.000000000000	0.000000000000	1.000000000000
3	8	60
0.847212222933	0.233826855304	-0.477028773819	-0.442648839100
-0.196799984922	0.972181289553	0.127016952325	-0.190742161352
0.493458423018	-0.013731059035	0.869660993014	0.677531352834
0.000000000000	0.000000000000	0.000000000000	1.000000000000
3	45	60
-0.127090268803	0.011033036425	0.991829791690	-2.039741703281
0.223025048417	0.974651356755	0.017735855063	-0.678006654811
-0.966492571805	0.223456941900	-0.126329346402	1.657305892265
0.000000000000	0.000000000000	0.000000000000	1.000000000000
3	48	60
-0.328434437581	-0.638223414912	0.696277023080	-1.207795441564
0.132326678927	0.698808558595	0.702962480136	-0.565832607145
-0.935211457509	0.323013112881	-0.145058811010	1.549792077132
0.000000000000	0.000000000000	0.000000000000	1.000000000000
3	49	60
-0.284993723935	-0.700604454792	0.654165097849	-1.026784004661
0.340317932861	0.564047508526	0.752352385986	-0.664296424742
-0.896081626801	0.437039822043	0.077678259877	1.467595341746
0.000000000000	0.000000000000	0.000000000000	1.000000000000
4	8	60
0.696376243865	0.201791761305	-0.688723610783	-0.394091842310
-0.256871304957	0.966163393992	0.023354417109	-0.290248401989
0.670132270279	0.160649871393	0.724647748325	0.923547214062
0.000000000000	0.000000000000	0.000000000000	1.000000000000
4	30	60
0.870625502837	-0.225840755350	0.437043690073	-1.524643954612
0.283145643780	0.956536380242	-0.069761720742	-0.486945792137
-0.402293149604	0.184483350185	0.896730793096	-0.412796518911
0.000000000000	0.000000000000	0.000000000000	1.000000000000
4	41	60
0.140263572198	-0.545353684272	0.826387009436	-1.865528549561
0.305540049349	0.817744287489	0.487790486298	-0.955000633907
-0.941791595077	0.184075091553	0.281327126513	1.595429433652
0.000000000000	0.000000000000	0.000000000000	1.000000000000
4	45	60
0.138870752006	-0.049797836032	0.989057677673	-2.200225390316
0.328495834785	0.944504334250	0.001431471989	-0.871566279311
-0.934240547593	0.324702537886	0.147522408888	1.433224683002
0.000000000000	0.000000000000	0.000000000000	1.000000000000
4	47	60
0.157977812028	-0.509501373777	0.845843579526	-1.933235338511
0.288323203688	0.843071896855	0.453981835483	-0.871951133006
-0.944411319882	0.172157273598	0.280087722019	1.579612159219
0.000000000000	0.000000000000	0.000000000000	1.000000000000
4	48	60
-0.038747426918	-0.723251554186	0.689496792070	-1.338084462299
0.210560230390	0.668612275528	0.713177407376	-0.840115912532
-0.976812687410	0.172814392863	0.126381008597	1.541922635232
0.000000000000	0.000000000000	0.000000000000	1.000000000000
4	49	60
-0.045353231167	-0.799032371339	0.599575144561	-1.160610199268
0.418942110175	0.529649989861	0.737535352754	-0.918681564731
-0.906879591095	0.284636887618	0.310726969319	1.559295606452
0.000000000000	0.000000000000	0.000000000000	1.000000000000
5	8	60
0.736730668278	0.201430525104	-0.645487153997	-0.165787595289
-0.186276259744	0.978121569388	0.092624783688	-0.238447486432
0.650022366904	0.051999413974	0.758133882287	0.828235366129
0.000000000000	0.000000000000	0.000000000000	1.000000000000
5	37	60
0.980441645784	-0.053040914417	-0.189527941503	-1.984307795973
0.103627544413	0.957824492736	0.268017859767	-0.373688692134
0.167318592067	-0.282416186705	0.944587521745	0.573568083475
0.000000000000	0.000000000000	0.000000000000	1.000000000000
5	41	60
0.037185847910	-0.560015184196	0.827647392424	-1.579004542678
0.237560323346	0.809431223880	0.537016002164	-0.843919418229
-0.970660757158	0.176646786779	0.163136774621	1.655665027548
0.000000000000	0.000000000000	0.000000000000	1.000000000000
5	45	60
0.004992273629	-0.057025047996	0.998360266189	-1.978751015352
0.263087213229	0.963276094807	0.053705524948	-0.790755785003
-0.964759138562	0.262387707554	0.019811498807	1.576166822715
0.000000000000	0.000000000000	0.000000000000	1.000000000000
5	47	60
0.107149516237	-0.526043549388	0.843680724751	-1.642027748550
0.214692176030	0.840788075793	0.496973521584	-0.749652506419
-0.970786408394	0.127881178251	0.203027469884	1.557228289800
0.000000000000	0.000000000000	0.000000000000	1.000000000000
5	48	60
-0.123618549395	-0.740112239498	0.661023696392	-1.056032030354
0.152050324289	0.644139640800	0.749643129785	-0.712152192102
-0.980611621963	0.193178663667	0.032906698022	1.546513597908
0.000000000000	0.000000000000	0.000000000000	1.000000000000
5	49	60
-0.051345921433	-0.812403619579	0.580830401448	-0.853867387780
0.397877026255	0.516806736356	0.758026826197	-0.733833803079
-0.916000801490	0.270020658749	0.296700818196	1.399638005901
0.000000000000	0.000000000000	0.000000000000	1.000000000000
6	8	60
0.780475472097	0.182240403142	-0.598035511418	-0.096746414005
0.008819258275	0.953266996257	0.302000421409	0.004228736596
0.625124194171	-0.240978151106	0.742394283755	0.687722159151
0.000000000000	0.000000000000	0.000000000000	1.000000000000
6	40	60
0.251560931194	-0.463042260037	0.849887618051	-1.692176324763
0.049069507403	0.883099490133	0.466612766618	-0.137237478166
-0.966596752188	-0.075677975312	0.244874585682	1.494531407001
0.000000000000	0.000000000000	0.000000000000	1.000000000000
6	41	60
-0.047574212989	-0.533090369268	0.844719688685	-1.526326443704
0.039543678036	0.844009134127	0.534869029799	-0.271812503378
-0.998084661632	0.058849296545	-0.019072716385	1.800425681361
0.000000000000	0.000000000000	0.000000000000	1.000000000000
6	45	60
0.080648943145	-0.112394941850	0.990385341681	-1.677895802107
0.058153131335	0.992460029482	0.107894871039	-0.377214700309
-0.995044703159	0.048892401527	0.086576970306	1.347776661504
0.000000000000	0.000000000000	0.000000000000	1.000000000000
6	47	60
-0.039080969744	-0.515287789861	0.856125675017	-1.606219777992
0.039351881251	0.855321871588	0.516600353683	-0.221487922862
-0.998460869161	0.053879398692	-0.013149264268	1.777785459712
0.000000000000	0.000000000000	0.000000000000	1.000000000000
7	8	60
0.891894340357	0.186845712563	-0.411841189460	-0.138090846159
-0.129500612042	0.978044721184	0.163273129586	-0.160306473140
0.433305985557	-0.092288694111	0.896509185575	0.703776189868
0.000000000000	0.000000000000	0.000000000000	1.000000000000
7	37	60
0.997683890084	-0.068010989936	-0.001166497025	-1.836480270851
0.063135848607	0.919514231631	0.387952886893	-0.331846899226
-0.025312449270	-0.387127993144	0.921678467165	0.885256563770
0.000000000000	0.000000000000	0.000000000000	1.000000000000
7	40	60
0.059417443712	-0.480288857402	0.875095526693	-1.461362125274
0.223249140329	0.860833246346	0.457302901072	-0.543525248258
-0.972948810948	0.168192554656	0.158372585485	1.738743679076
0.000000000000	0.000000000000	0.000000000000	1.000000000000
7	41	60
-0.145808685410	-0.522515399590	0.840069928310	-1.217849815451
0.189698487843	0.818621828614	0.542100346270	-0.669176797290
-0.970955359926	0.238402933932	-0.020241791501	1.813807707503
0.000000000000	0.000000000000	0.000000000000	1.000000000000
7	45	60
-0.155058499184	-0.005485574573	0.987890059826	-1.625004996824
0.182576678488	0.982599633259	0.034113299331	-0.603310624265
-0.970887541532	0.185655242831	-0.151358886447	1.759431447054
0.000000000000	0.000000000000	0.000000000000	1.000000000000
7	47	60
-0.086087083807	-0.489773929080	0.867588907487	-1.294972104571
0.167665740293	0.851279480525	0.497203625860	-0.558011835830
-0.982078007866	0.188267746652	0.008834140412	1.701646078783
0.000000000000	0.000000000000	0.000000000000	1.000000000000
7	49	60
-0.235972786885	-0.757096860882	0.609197166024	-0.553671749504
0.328941498365	0.527660556043	0.783180584699	-0.600775050690
-0.914392877544	0.385199533798	0.124527043887	1.450402229499
0.000000000000	0.000000000000	0.000000000000	1.000000000000
8	10	60
-0.667492551765	-0.322248475075	0.671274618655	-1.229063897676
-0.110188810414	-0.848831147362	-0.517053294475	2.097176939216
0.736418440425	-0.419096174618	0.531080292445	1.185608726632
0.000000000000	0.000000000000	0.000000000000	1.000000000000
8	32	60
0.547486435225	-0.805157431832	0.227991476180	-1.274471811679
0.835748447271	0.512355217515	-0.197526362721	0.227760671210
0.042227196558	0.298686526398	0.953416605068	-0.516968249384
0.000000000000	0.000000000000	0.000000000000	1.000000000000
8	33	60
-0.903404203694	-0.013543007192	0.428576051249	-0.535989394480
0.376739693290	-0.502369202933	0.778262415541	-1.562503503987
0.204763395771	0.864547147876	0.458944638112	0.000314106492
0.000000000000	0.000000000000	0.000000000000	1.000000000000
8	39	60
-0.408817614152	-0.363843660384	0.836950386318	-0.873212739805
0.299233734598	0.812948641485	0.499573496481	-0.837310258178
-0.862164329138	0.454678234696	-0.223473426734	1.444996891848
0.000000000000	0.000000000000	0.000000000000	1.000000000000
8	40	60
-0.440452019417	-0.448275691160	0.777850193358	-0.636971212174
0.230510958132	0.780905276590	0.580561493018	-0.738919142635
-0.867678924933	0.435012475350	-0.240618846971	1.572497823765
0.000000000000	0.000000000000	0.000000000000	1.000000000000
8	46	60
-0.479040193306	-0.220505338310	0.849645743222	-1.098906956674
0.250025748011	0.893562956917	0.372870443126	-0.896774507998
-0.841431885852	0.391053241646	-0.372920559461	1.734352564646
0.000000000000	0.000000000000	0.000000000000	1.000000000000
9	12	60
0.806560727722	0.102709692148	0.582160211312	-2.444921747753
-0.155165704942	-0.913478214757	0.376139808015	-1.427945070069
0.570423874418	-0.393710896855	-0.720838631866	3.308846296708
0.000000000000	0.000000000000	0.000000000000	1.000000000000
9	32	60
0.623620879911	-0.163922490697	0.764347051530	-2.017936543721
0.396705268296	0.908872137676	-0.128749242573	-0.301094786387
-0.673588842132	0.383511218090	0.631820557876	-0.417774625708
0.000000000000	0.000000000000	0.000000000000	1.000000000000
9	33	60
-0.306379388880	-0.651534291928	-0.693999089706	1.907844110880
-0.805421229640	-0.211163064920	0.553811161733	-1.185998242757
-0.507373937955	0.728637925486	-0.460063539773	3.369048582328
0.000000000000	0.000000000000	0.000000000000	1.000000000000
10	32	60
0.181960772071	-0.098715864752	0.978338108975	-2.284682619729
0.259901040218	0.964392763846	0.048969851286	-0.522466029477
-0.948336294107	0.245360500260	0.201138007824	0.348582974613
0.000000000000	0.000000000000	0.000000000000	1.000000000000
10	33	60
0.588916292879	-0.227545686623	0.775500200181	-2.177021847937
0.408218211586	0.911897582817	-0.042434539969	-0.434765722522
-0.697520961485	0.341563696771	0.629919637205	0.424462232235
0.000000000000	0.000000000000	0.000000000000	1.000000000000
10	35	60
0.455137817747	-0.488343240081	0.744560572905	-1.783479967652
0.386423384769	0.861670500285	0.328939077402	-0.430165181495
-0.802201056195	0.138003002887	0.580886078878	0.546393244410
0.000000000000	0.000000000000	0.000000000000	1.000000000000
10	36	60
0.010370751314	-0.464223989564	0.885657120465	-1.332612825789
0.307945080859	0.844141130018	0.438857129129	-0.662484034219
-0.951347609810	0.268182475427	0.151709871736	1.007858795245
0.000000000000	0.000000000000	0.000000000000	1.000000000000
11	32	60
0.139501481637	-0.208780375737	-0.967961823280	3.164053973607
-0.824246041155	0.517256446646	-0.230356749507	0.362342886257
0.548778461915	0.829973808689	-0.099928357478	1.756060211459
0.000000000000	0.000000000000	0.000000000000	1.000000000000
11	33	60
-0.442002800106	-0.114578391677	-0.889665845618	3.016060885053
-0.843739365874	0.389815505548	0.368982051201	0.093067513341
0.304528171394	0.913737196241	-0.268973844514	1.788422991528
0.000000000000	0.000000000000	0.000000000000	1.000000000000
11	35	60
-0.146515278159	0.318340655892	-0.936585554059	2.584484359922
-0.900586261090	0.348770621432	0.259429065374	0.274667211925
0.409240344542	0.881486403997	0.235592996430	1.244960176224
0.000000000000	0.000000000000	0.000000000000	1.000000000000
11	36	60
0.239991987779	0.151565567620	-0.958870024828	2.113628594190
-0.950819078180	0.235944577664	-0.200681929529	0.570143313846
0.195823712482	0.959873968281	0.200736241488	1.231122408148
0.000000000000	0.000000000000	0.000000000000	1.000000000000
12	13	60
0.756021440288	0.036389084661	-0.653534556349	-0.004883701746
-0.012209780418	0.999063740158	0.041503787338	-0.047846323580
0.654432963020	-0.023398239652	0.755757910507	0.629569836816
0.000000000000	0.000000000000	0.000000000000	1.000000000000
12	14	60
-0.317853736497	0.488477704628	-0.812624473097	-0.679745703377
-0.013878889666	-0.859377706881	-0.511152945152	0.229633778740
-0.948038173607	-0.151193548135	0.279935943361	0.918230950716
0.000000000000	0.000000000000	0.000000000000	1.000000000000
12	32	60
0.436200410404	0.130297617498	-0.890366066760	0.478504215627
-0.002364173337	0.989623570368	0.143664886652	-0.370446733677
0.899846438370	-0.060561702803	0.431982253693	1.502578148438
0.000000000000	0.000000000000	0.000000000000	1.000000000000
12	33	60
0.475892375733	-0.175544819728	0.861806511339	-2.011365323221
0.295614434380	0.954796172640	0.031246998219	-0.178655591866
-0.828334807252	0.239892236177	0.506273801531	1.014871614383
0.000000000000	0.000000000000	0.000000000000	1.000000000000
12	35	60
0.083918203865	0.892116146818	0.443944270879	-0.746931390556
-0.978842428729	-0.009633767046	0.204388576617	-0.047940308216
0.186615205112	-0.451703410568	0.872432687433	-0.346324114373
0.000000000000	0.000000000000	0.000000000000	1.000000000000
13	17	60
0.996443999335	-0.068146021543	-0.049552759125	-0.439095323649
0.077581950305	0.971478271854	0.224078129905	-0.140393366199
0.032869395732	-0.227125707622	0.973310595731	1.417945297869
0.000000000000	0.000000000000	0.000000000000	1.000000000000
13	18	60
0.990186132530	0.056941752337	-0.127628600970	-0.738410844194
-0.027577500067	0.974885741755	0.220991565479	-0.263139172569
0.137006950316	-0.215303105791	0.966888653466	1.755176711565
0.000000000000	0.000000000000	0.000000000000	1.000000000000
13	19	60
0.999935158615	-0.005728929591	0.009841642684	-1.100090969209
0.003313178024	0.973211005955	0.229889888295	-0.336889827401
-0.010895017961	-0.229842374802	0.973166882569	1.962988948697
0.000000000000	0.000000000000	0.000000000000	1.000000000000
13	23	60
-0.509972020260	0.097713668759	0.854623061642	-2.009280914147
-0.553456804228	0.723292230472	-0.412957522262	0.095947637337
-0.658493815009	-0.683593730425	-0.314778505171	2.396627714887
0.000000000000	0.000000000000	0.000000000000	1.000000000000
13	54	60
0.966663764397	-0.114151412429	0.229195596907	-1.888094172406
0.004998215694	0.903365387200	0.428842622706	-0.030507454921
-0.256000360236	-0.413401054969	0.873821139198	0.368921527105
0.000000000000	0.000000000000	0.000000000000	1.000000000000
13	55	60
0.944816518990	-0.067759877813	0.320515747510	-1.975010044484
0.025920444677	0.990770405541	0.133049366970	-0.178681694622
-0.326572925992	-0.117399329053	0.937852611846	0.312639600743
0.000000000000	0.000000000000	0.000000000000	1.000000000000
13	56	60
0.969888463650	-0.020672111467	0.242670624274	-1.923983802447
0.041588474262	0.995814396776	-0.081388488022	-0.317349225439
-0.239972429430	0.089030056618	0.966688616945	0.234033610722
0.000000000000	0.000000000000	0.000000000000	1.000000000000
13	57	60
0.983649725291	-0.030928055550	0.177416665834	-2.272457997574
0.039090945569	0.998322917033	-0.042699546855	-0.357703859224
-0.175798509409	0.048936782761	0.983209070027	-0.092153083990
0.000000000000	0.000000000000	0.000000000000	1.000000000000
13	58	60
0.941147952521	-0.100499512616	0.322707885601	-1.999188850413
0.015320943805	0.966475060873	0.256302995282	-1.262193363023
-0.337647449488	-0.236274849854	0.911135772089	-0.239670585446
0.000000000000	0.000000000000	0.000000000000	1.000000000000
14	17	60
0.921838301901	-0.170380079634	0.348116034697	-0.017992383728
0.103265353281	0.973696154819	0.203106043491	-0.148271512185
-0.373564468279	-0.151282604932	0.915184769041	1.052279651295
0.000000000000	0.000000000000	0.000000000000	1.000000000000
14	18	60
0.938411587516	-0.059558406809	0.340347599659	-0.204745348994
-0.000899760290	0.984607089085	0.174780063382	-0.256129111346
-0.345518281494	-0.164321867999	0.923913113258	1.489346706636
0.000000000000	0.000000000000	0.000000000000	1.000000000000
14	19	60
0.905407915838	-0.139642176552	0.400919653380	-0.375837147451
0.083852409003	0.984574218438	0.153565562194	-0.329983026559
-0.416179383731	-0.105421396858	0.903150624006	1.833368226642
0.000000000000	0.000000000000	0.000000000000	1.000000000000
14	23	60
0.742221993922	-0.496021105548	0.450632416266	-0.369275238660
0.218531523924	0.814817304118	0.536951332954	-0.408244153585
-0.633522284367	-0.300059700328	0.713171572239	2.073786604361
0.000000000000	0.000000000000	0.000000000000	1.000000000000
14	24	60
0.976372027518	0.113805043647	-0.183701050410	-0.349111516825
0.003734100882	0.841076210968	0.540903747292	-0.274190920870
0.216064157999	-0.528809246689	0.820778325886	1.948475766237
0.000000000000	0.000000000000	0.000000000000	1.000000000000
14	25	60
0.757482851063	0.320550597740	-0.568741632585	-0.538609019744
-0.122456190626	0.925460200412	0.358507878338	-0.410265614071
0.641267659970	-0.201917636035	0.740273636255	1.841749160345
0.000000000000	0.000000000000	0.000000000000	1.000000000000
14	54	60
0.650843122476	-0.352044250675	0.672657472635	-2.075586310837
0.036535608058	0.899490714910	0.435409695728	-0.089106252128
-0.758332631020	-0.258807456146	0.598289496293	1.038390867819
0.000000000000	0.000000000000	0.000000000000	1.000000000000
14	55	60
0.688379050638	-0.163413392135	0.706703860124	-1.959378846313
0.067812852912	0.984523656343	0.161600083791	-0.309228252141
-0.722174286183	-0.063318507344	0.688806988208	0.768723881009
0.000000000000	0.000000000000	0.000000000000	1.000000000000
14	56	60
0.739516362169	0.060772873577	0.670389594132	-1.993340958171
0.046669917818	0.988890662417	-0.141128227353	-0.231121837792
-0.671518777738	0.135653660556	0.728464560238	0.718626669183
0.000000000000	0.000000000000	0.000000000000	1.000000000000
14	57	60
0.854011588702	-0.054089308536	0.517434588198	-2.179815350387
0.103677131082	0.992325718991	-0.067384864173	-0.362950300701
-0.509818849056	0.111193588534	0.853065488117	0.311874923699
0.000000000000	0.000000000000	0.000000000000	1.000000000000
14	58	60
0.374566645218	-0.231166192155	0.897920943009	-2.826848254444
0.028628079290	0.970843718822	0.237997703142	-1.232951233551
-0.926757930296	-0.063440249283	0.370263518868	1.197809955422
0.000000000000	0.000000000000	0.000000000000	1.000000000000
15	17	60
0.887376583609	-0.206205651012	0.412361526277	-0.083433975354
0.216264982013	0.976070656041	0.022705329117	-0.341772156817
-0.407175952651	0.069031180681	0.910737305526	0.908604866908
0.000000000000	0.000000000000	0.000000000000	1.000000000000
15	18	60
0.939025583609	-0.122769296202	0.321183208214	-0.161556349210
0.123877142250	0.992150769089	0.017067660172	-0.560869535166
-0.320757551675	0.023760288418	0.946863264541	1.285321226716
0.000000000000	0.000000000000	0.000000000000	1.000000000000
15	19	60
0.894317159639	-0.207686865723	0.396311725515	-0.338600010802
0.224936517893	0.974368723799	0.003025392502	-0.701310829900
-0.386782084503	0.086439319108	0.918111029897	1.593486197219
0.000000000000	0.000000000000	0.000000000000	1.000000000000
15	23	60
0.858524238994	-0.336601274630	0.386827756213	-0.292649153685
0.192918746812	0.910985394290	0.364538020678	-0.813881120376
-0.475098398427	-0.238338400826	0.847039738444	1.851110865203
0.000000000000	0.000000000000	0.000000000000	1.000000000000
15	24	60
0.983388373973	0.059159491358	-0.171602623862	-0.323581548275
0.022295056762	0.898870316585	0.437647214553	-0.717963997981
0.180139491445	-0.434203072933	0.882619654822	1.731380401301
0.000000000000	0.000000000000	0.000000000000	1.000000000000
15	25	60
0.777165670611	0.124049973588	-0.616948234844	-0.375072722336
-0.020599169998	0.984867749228	0.172079024654	-0.772514688850
0.628958817904	-0.121025289024	0.767960731286	1.684352469667
0.000000000000	0.000000000000	0.000000000000	1.000000000000
15	54	60
0.669410621506	-0.442788113858	0.596513290750	-1.973984215327
0.296763709955	0.895495635047	0.331690922494	-0.423762645153
-0.681043846069	-0.045013929374	0.730857733005	0.783004336158
0.000000000000	0.000000000000	0.000000000000	1.000000000000
15	55	60
0.674507312786	-0.174588299489	0.717327547694	-1.927463752214
0.232175130025	0.972500355779	0.018378438639	-0.428453880659
-0.700809955692	0.154149225397	0.696493662795	0.625759278009
0.000000000000	0.000000000000	0.000000000000	1.000000000000
15	56	60
0.764607824292	-0.013040531478	0.644363887543	-1.868356321631
0.150078279570	0.975913372423	-0.158333823069	-0.671726731989
-0.626778577356	0.217768303628	0.748148100915	0.415805132113
0.000000000000	0.000000000000	0.000000000000	1.000000000000
15	57	60
0.818382763742	-0.124923832418	0.560931090334	-2.223219475927
0.277914267013	0.940389938719	-0.196036790801	-0.618787930255
-0.503004286463	0.316323883465	0.804317032363	0.171699580231
0.000000000000	0.000000000000	0.000000000000	1.000000000000
15	58	60
0.516082622453	-0.179197097839	0.837584101406	-2.575732119246
0.313985458909	0.949378739443	0.009650942274	-0.919917254422
-0.796913959218	0.258008544857	0.546223152553	0.317816959883
0.000000000000	0.000000000000	0.000000000000	1.000000000000
16	17	60
0.902719871666	-0.184821881300	0.388507021161	0.057935734917
0.163399218379	0.982645396931	0.087799312774	-0.179893654317
-0.397991870183	-0.015776440768	0.917253277555	0.496052580182
0.000000000000	0.000000000000	0.000000000000	1.000000000000
16	19	60
0.871473567341	-0.171578255407	0.459450458371	-0.289388167197
0.187320780099	0.982231457822	0.011501678523	-0.445615321137
-0.453260131458	0.076041209466	0.888128925153	1.244584654239
0.000000000000	0.000000000000	0.000000000000	1.000000000000
16	20	60
0.542878577090	-0.451874195569	0.707878917553	-0.230387699848
0.338836777038	0.889105404038	0.307703134591	-0.396410366893
-0.768422077418	0.072809971084	0.635787872680	1.129730246969
0.000000000000	0.000000000000	0.000000000000	1.000000000000
16	21	60
0.398327961275	-0.735336878876	0.548283238693	-0.091577535881
0.371951230517	0.675891253037	0.636257256293	-0.620316737800
-0.838443270223	-0.049504430442	0.542735841809	1.184337843067
0.000000000000	0.000000000000	0.000000000000	1.000000000000
16	22	60
0.403059125915	-0.584718353808	0.704022576156	-0.242565394638
0.326380316816	0.810533525439	0.486324267268	-0.485461226266
-0.854996625614	0.033761677375	0.517533495852	1.364243693721
0.000000000000	0.000000000000	0.000000000000	1.000000000000
16	23	60
0.754823089123	-0.477436101886	0.449774246419	-0.233640760541
0.225844689892	0.832950956810	0.505160251402	-0.614864235862
-0.615821630161	-0.279727496262	0.736557022681	1.514883864423
0.000000000000	0.000000000000	0.000000000000	1.000000000000
16	25	60
0.858900671898	0.244308703112	-0.450114311478	-0.422113858754
-0.153780783513	0.961356345272	0.228353778222	-0.513807653465
0.488509064845	-0.126914282056	0.863279594670	1.237324931443
0.000000000000	0.000000000000	0.000000000000	1.000000000000
16	54	60
0.726810870436	-0.370638844586	0.578249777778	-1.755678832586
0.217841868465	0.922829946726	0.317694522725	-0.113577084984
-0.651376142456	-0.104936820564	0.751463495274	0.282379030249
0.000000000000	0.000000000000	0.000000000000	1.000000000000
16	58	60
0.637609502457	-0.753836225818	0.158698037232	0.046111933713
0.543403632654	0.586136540943	0.600962933458	-2.367688731606
-0.546046348212	-0.296942587070	0.783363571778	-0.543403383356
0.000000000000	0.000000000000	0.000000000000	1.000000000000
17	23	60
0.984396262033	-0.166299589025	0.057519092355	-0.690428474316
0.124167746852	0.888083465105	0.442594769116	-0.432866470071
-0.124685083057	-0.428546620215	0.894875088694	0.772833352613
0.000000000000	0.000000000000	0.000000000000	1.000000000000
17	34	60
0.092640603823	0.962485706256	-0.255027417694	-0.253632489797
-0.902248274185	-0.027188466810	-0.430358965287	1.189934990893
-0.421148157129	0.269966761889	0.865882311415	-0.170677514749
0.000000000000	0.000000000000	0.000000000000	1.000000000000
18	24	60
0.463592031172	0.865913624053	-0.187819126589	0.802117666218
0.757415227861	-0.497281018541	-0.423123813089	0.384579676017
-0.459787560987	0.053899761386	-0.886391682319	1.641629535918
0.000000000000	0.000000000000	0.000000000000	1.000000000000
18	59	60
0.948565925923	-0.257630851581	0.183981054707	-2.009751260306
0.261355211847	0.965233820373	0.004138266291	-0.086826179003
-0.178650881379	0.044158989133	0.982921078348	-1.342603758093
0.000000000000	0.000000000000	0.000000000000	1.000000000000
19	21	60
0.824361509299	-0.288409253079	0.487081312231	0.085207310527
0.173648382424	0.947828422131	0.267334100861	0.080107180291
-0.538771139973	-0.135799060895	0.831435068897	0.022563460432
0.000000000000	0.000000000000	0.000000000000	1.000000000000
19	24	60
0.923214409297	0.155424885471	-0.351451645952	-0.149996550466
-0.033686777628	0.943770776906	0.328879798212	0.100835658899
0.382805897915	-0.291787295192	0.876538543868	0.099512488207
0.000000000000	0.000000000000	0.000000000000	1.000000000000
19	59	60
0.986150333999	0.134600362519	0.096903359915	-1.399372337832
-0.112417787685	0.972041951906	-0.206147240455	1.045220543172
-0.121941624415	0.192398508687	0.973710970509	-1.510829685704
0.000000000000	0.000000000000	0.000000000000	1.000000000000
20	23	60
0.933113126455	-0.076101530047	-0.351437690583	-0.289955435065
0.145584278238	0.973616684772	0.175715022303	-0.153972833503
0.328793417160	-0.215125796356	0.919573695021	0.126211590933
0.000000000000	0.000000000000	0.000000000000	1.000000000000
21	23	60
-0.634301643785	0.254929323291	-0.729844137346	0.468604304119
0.325539010007	0.944362947175	0.046935881441	-0.102263888109
0.701203093016	-0.207821231180	-0.682000409248	1.089940802425
0.000000000000	0.000000000000	0.000000000000	1.000000000000
21	34	60
0.752466749878	-0.210164779853	0.624199131398	-1.927542862460
0.281636825997	0.959379328428	-0.016492496116	-0.423335678563
-0.595377601670	0.188207517107	0.781091186696	-0.567172629808
0.000000000000	0.000000000000	0.000000000000	1.000000000000
22	59	60
-0.591586937855	0.042626390118	-0.805113585666	0.872188639192
-0.070048306238	-0.997542695208	-0.001343886273	0.393050442793
-0.803192461215	0.055601817440	0.593119134867	-1.156684886301
0.000000000000	0.000000000000	0.000000000000	1.000000000000
23	25	60
-0.415381514986	-0.587200008213	0.694733292251	-1.005774955315
0.419421550873	0.554075927451	0.719086524198	-0.654509813050
-0.807182606150	0.590081364707	0.016131439955	1.012528705056
0.000000000000	0.000000000000	0.000000000000	1.000000000000
23	59	60
0.747222080922	-0.634268680734	0.198399602879	0.595869019688
-0.383618921350	-0.655434388401	-0.650570738416	1.577128245593
0.542674566351	0.410010979294	-0.733072514758	2.434317515849
0.000000000000	0.000000000000	0.000000000000	1.000000000000
24	26	60
0.607817929019	-0.156781869572	-0.778445123651	2.673760783604
-0.451744772078	0.737951005185	-0.501353143848	1.613602892642
0.653057444688	0.656389944560	0.377714461754	1.023454241683
0.000000000000	0.000000000000	0.000000000000	1.000000000000
24	52	60
0.863911019921	0.494155756654	0.097302815090	0.122579277465
-0.402775121357	0.793861757406	-0.455582826438	1.110075279141
-0.302373860105	0.354391871090	0.884859565372	-0.570429697198
0.000000000000	0.000000000000	0.000000000000	1.000000000000
24	54	60
-0.867677265016	-0.446047506082	-0.219494387383	0.371080621859
0.231235516471	0.028729406551	-0.972473525152	1.808887567003
0.440075334116	-0.894548066633	0.078214172538	-0.604912334982
0.000000000000	0.000000000000	0.000000000000	1.000000000000
24	55	60
0.752855597812	-0.270631132637	0.599972698454	-2.083583200791
0.380500309181	-0.564838472108	-0.732241090857	1.306452616609
0.537054898083	0.779561601462	-0.322266575944	1.446633207289
0.000000000000	0.000000000000	0.000000000000	1.000000000000
24	56	60
0.372732732538	-0.734152848266	0.567529651628	-1.668467037323
-0.927345286974	-0.272834547980	0.256109406615	-0.805238331399
-0.033181754367	-0.621756306611	-0.782507550357	2.962007500017
0.000000000000	0.000000000000	0.000000000000	1.000000000000
24	57	60
0.766404136708	-0.220569598193	0.603302371610	-0.965168849308
0.574042583481	0.656658441133	-0.489157238564	0.466968564141
-0.288270379310	0.721213383155	0.629882087673	-0.654356373862
0.000000000000	0.000000000000	0.000000000000	1.000000000000
25	27	60
0.829107118456	0.332070413308	-0.449789536041	-0.227806312064
-0.310253006869	0.942537543483	0.123959875981	0.083982683964
0.465106931635	0.036772540436	0.884490430935	-0.263842491163
0.000000000000	0.000000000000	0.000000000000	1.000000000000
25	52	60
-0.346869018142	0.703078098730	0.620776184578	-0.955443080321
-0.066046435846	0.641916024694	-0.763925183217	1.692717821517
-0.935585246017	-0.305982032685	-0.176224978673	0.883918244860
0.000000000000	0.000000000000	0.000000000000	1.000000000000
25	54	60
0.257208667295	0.918974521884	-0.298880460380	1.746149241198
0.882868877060	-0.097710121400	0.459342223288	-1.022570733886
0.392920153959	-0.382019057515	-0.836465894289	2.263844063316
0.000000000000	0.000000000000	0.000000000000	1.000000000000
25	55	60
0.290191441295	0.954062179866	-0.074527071243	-0.006802950582
0.662571496023	-0.144115278457	0.735003264736	-2.002006700989
0.690498327338	-0.262671169838	-0.673955426181	2.499998796166
0.000000000000	0.000000000000	0.000000000000	1.000000000000
25	56	60
0.922410573550	0.111739454245	0.369693154072	-1.017135652028
-0.192193800443	-0.697480122527	0.690349927030	-1.462164842510
0.334992950484	-0.707838804421	-0.621887409489	2.733296358225
0.000000000000	0.000000000000	0.000000000000	1.000000000000
25	57	60
-0.639777358995	0.281093765637	0.715311977977	-2.349270375845
-0.609293310893	-0.752791416317	-0.249131982731	1.141826240610
0.468451269843	-0.595223805336	0.652887455343	-1.242961510899
0.000000000000	0.000000000000	0.000000000000	1.000000000000
25	58	60
0.663086072854	-0.528030609057	-0.530566240808	0.754336324523
-0.396274175511	0.353704658961	-0.847266069220	1.497116270806
0.635046169826	0.772060030132	0.025291739012	0.144133571428
0.000000000000	0.000000000000	0.000000000000	1.000000000000
25	59	60
-0.745087667861	0.107049779123	0.658319612340	-1.758603648486
0.469230312621	-0.617319139042	0.631458624369	0.252685465965
0.473990802568	0.779395551285	0.409725876311	0.360626132110
0.000000000000	0.000000000000	0.000000000000	1.000000000000
26	42	60
0.995863106426	0.065089951833	-0.063403244640	-1.737836781160
-0.074179461956	0.985351266244	-0.153558749459	0.699287745474
0.052479335784	0.157626711829	0.986103310528	-0.684744096185
0.000000000000	0.000000000000	0.000000000000	1.000000000000
26	43	60
0.979260490284	0.033740358786	-0.199776075541	-1.331703500879
-0.097610249096	0.942625394321	-0.319264162179	0.464451844695
0.177541914603	0.332142972483	0.926369210622	-0.921558248553
0.000000000000	0.000000000000	0.000000000000	1.000000000000
26	59	60
0.497358789963	-0.413513249812	0.762653936118	-1.288384677156
0.359870315761	0.898231240940	0.252337063535	-0.518967506037
-0.789384310637	0.148954456225	0.595554346882	0.767394686160
0.000000000000	0.000000000000	0.000000000000	1.000000000000
27	29	60
0.825380236292	0.039091821399	-0.563222243025	-0.174133479757
-0.141213764147	0.980184865589	-0.138911130171	-0.079635528564
0.546631629486	0.194189234433	0.814545519217	-0.001722582726
0.000000000000	0.000000000000	0.000000000000	1.000000000000
27	42	60
0.984090508476	-0.086323920862	0.155286998215	-1.811191731183
0.094769946545	0.994349930438	-0.047821261694	0.204244165061
-0.150281497063	0.061776990257	0.986711242013	-0.293472816100
0.000000000000	0.000000000000	0.000000000000	1.000000000000
27	43	60
0.993107702571	-0.046618657229	0.107535072851	-1.632131374010
0.080151679537	0.939548399181	-0.332903159888	0.324640010027
-0.085514907252	0.339227808993	0.936809315839	-0.431956549737
