0	3	66
0.543459369595	-0.207960802634	0.813267617803	-0.681472095629
0.282822960230	0.957544186539	0.055859681269	0.030556883379
-0.790356303680	0.199653287958	0.579202449788	0.102247735102
0.000000000000	0.000000000000	0.000000000000	1.000000000000
0	8	66
0.765951244345	-0.132710907772	0.629052069581	-0.692586606841
0.203939956512	0.978083032219	-0.041977091653	-0.181514941249
-0.609694337701	0.160441257300	0.776228972361	0.994243618627
0.000000000000	0.000000000000	0.000000000000	1.000000000000
0	18	66
0.707448129466	-0.080456394033	0.702170857252	-0.286045504462
0.143918636098	0.989082660821	-0.031668852933	0.174196072101
-0.691957058132	0.123459542853	0.711303852780	-0.239479748020
0.000000000000	0.000000000000	0.000000000000	1.000000000000
0	19	66
-0.746921858921	-0.261577277042	0.611297852770	-0.528019902265
-0.212800844076	-0.776968966694	-0.592482088805	2.882981280348
0.629939312495	-0.572622522199	0.524671239581	1.324346430944
0.000000000000	0.000000000000	0.000000000000	1.000000000000
0	21	66
-0.355758770060	0.452303976615	-0.817836664783	1.014637199253
-0.227725636635	0.806757367732	0.545237181445	-0.932609826097
0.906408700281	0.380215284213	-0.184009797854	2.520214370800
0.000000000000	0.000000000000	0.000000000000	1.000000000000
0	22	66
0.904173775114	0.185007104712	-0.385022279359	1.409815625151
-0.221986225339	0.973581530414	-0.053489432558	0.045962512535
0.364954654932	0.133833384631	0.921355916572	-0.074492090608
0.000000000000	0.000000000000	0.000000000000	1.000000000000
0	33	66
-0.149308746791	0.534105277102	-0.832128866885	0.803256563974
-0.405607387723	0.734415635191	0.544165711720	-0.106609453159
0.901770228582	0.418766316410	0.106982368101	0.488722472656
0.000000000000	0.000000000000	0.000000000000	1.000000000000
0	39	66
0.575071814426	0.417152651317	-0.703758533697	1.593236824963
-0.171898749818	0.902641548019	0.394574524774	-0.523827831089
0.799839501440	-0.105933475772	0.590791732040	0.806839743678
0.000000000000	0.000000000000	0.000000000000	1.000000000000
0	44	66
0.697684413972	-0.219001658766	0.682110498349	0.522455157861
0.219162651150	0.971727942463	0.087821057705	-0.298372364326
-0.682058788406	0.088221762016	0.725956424219	0.037719731564
0.000000000000	0.000000000000	0.000000000000	1.000000000000
0	45	66
0.840750975238	-0.142281002811	0.522392490256	0.421072320757
0.272609068378	0.944870502609	-0.181394677809	-0.235344818150
-0.467784238164	0.294916682367	0.833187888166	0.012348565803
0.000000000000	0.000000000000	0.000000000000	1.000000000000
0	50	66
0.663266303183	-0.125632987939	0.737762945263	-0.752401587465
0.184074548589	0.982910465154	0.001891574076	-0.346665918048
-0.725392563805	0.134548763770	0.675057226126	1.096833478933
0.000000000000	0.000000000000	0.000000000000	1.000000000000
0	51	66
0.791148071200	-0.077986157028	0.606632416499	-0.743463736750
0.123770560464	0.991730806131	-0.033924276458	-0.393279254914
-0.598970431489	0.101922360073	0.794258304784	1.369616391379
0.000000000000	0.000000000000	0.000000000000	1.000000000000
0	64	66
-0.790637288419	0.534457417354	0.298743949222	-0.196704848846
-0.609362552635	-0.734458529972	-0.298743949222	0.489505254348
0.059749122233	-0.418241481427	0.906368636707	0.844076842478
0.000000000000	0.000000000000	0.000000000000	1.000000000000
1	8	66
0.874041092173	-0.096022226907	0.476268727855	-0.402905006313
0.144904836605	0.987181466472	-0.066897986391	-0.191707735940
-0.463739967570	0.127485231279	0.876751252228	0.823993713083
0.000000000000	0.000000000000	0.000000000000	1.000000000000
1	19	66
0.364371980174	-0.216466090830	0.905745820628	-0.461527872745
0.369133926019	0.926510315954	0.072929960185	-0.155225513373
-0.854969709829	0.307767876738	0.417499376434	0.743602573051
0.000000000000	0.000000000000	0.000000000000	1.000000000000
1	20	66
0.715031968130	-0.139437842799	0.685044796015	-0.411142193504
0.190156583542	0.981752844999	0.001350952070	-0.198298530199
-0.672733051282	0.129299804066	0.728499692781	0.786441759825
0.000000000000	0.000000000000	0.000000000000	1.000000000000
1	21	66
0.515599657680	-0.053122188394	0.855181282595	-1.281613594524
-0.203540647107	0.961912745777	0.182469379590	-0.471945930760
-0.832302948436	-0.268145301307	0.485149357839	1.887904207126
0.000000000000	0.000000000000	0.000000000000	1.000000000000
1	22	66
-0.504214103559	0.263804365816	-0.822298847347	1.338796088304
-0.197769579273	0.891619327642	0.407310898565	-0.700775217159
0.840627938678	0.367997596667	-0.397394561565	2.242562926987
0.000000000000	0.000000000000	0.000000000000	1.000000000000
1	33	66
-0.312376124677	0.497970499974	-0.808978700515	1.120699935307
-0.399808943858	0.703581825618	0.587473763730	-0.163626630258
0.861727314841	0.506949697520	-0.020689104413	0.577472159441
0.000000000000	0.000000000000	0.000000000000	1.000000000000
1	39	66
-0.981326241341	-0.022232673640	0.191061551021	-0.228936997171
-0.127045672456	-0.670886380710	-0.730596236842	1.886354996989
0.144423700154	-0.741226802268	0.655533845376	0.656151005862
0.000000000000	0.000000000000	0.000000000000	1.000000000000
1	44	66
-0.997500460188	0.070635431983	-0.001862169122	-0.215371377915
-0.056076797446	-0.807390406086	-0.587346682079	2.120524967355
-0.042990984096	-0.585774161183	0.809333310434	-0.079705378151
0.000000000000	0.000000000000	0.000000000000	1.000000000000
1	50	66
0.826986003776	-0.054984475451	0.559527351448	-0.416594593657
0.122577012832	0.988898551207	-0.083991257555	-0.260377241216
-0.548697571969	0.138044785776	0.824545093755	0.881901639487
0.000000000000	0.000000000000	0.000000000000	1.000000000000
1	51	66
0.900093632207	-0.016580755341	0.435380904281	-0.509432887767
0.059153358377	0.994673610770	-0.084411422395	-0.350773459285
-0.431662290979	0.101732426445	0.896280190541	1.171470500942
0.000000000000	0.000000000000	0.000000000000	1.000000000000
1	64	66
-0.242105854254	0.894101585767	-0.376785230157	2.103835846536
-0.009428325179	0.386152020935	0.922386970535	-2.577417554306
0.970204031130	0.226867739126	-0.085059784407	3.504499703116
0.000000000000	0.000000000000	0.000000000000	1.000000000000
2	4	66
0.376250395208	-0.500452987040	0.779732292437	-1.152585580870
0.870897597911	-0.096167387885	-0.481963906802	1.894505164842
0.316185094618	0.860406090907	0.399660286583	1.299301480074
0.000000000000	0.000000000000	0.000000000000	1.000000000000
2	21	66
-0.584753179449	-0.255073873604	0.770065606379	-1.703459111020
-0.269652918256	-0.834179802663	-0.481073134258	1.540534732784
0.765082363409	-0.488959482814	0.419007877452	1.828541935774
0.000000000000	0.000000000000	0.000000000000	1.000000000000
2	34	66
0.114616489246	0.432401216058	-0.894366954189	0.918265930972
-0.240531203741	0.885590796173	0.397333212507	-0.188967220258
0.963850507299	0.169582222199	0.205509292963	1.068449276663
0.000000000000	0.000000000000	0.000000000000	1.000000000000
2	43	66
0.762453019968	0.073956596777	-0.642803091261	1.226074148911
-0.054194668384	0.997254843126	0.050455086764	0.033983397929
0.644769982444	-0.003633132909	0.764368020056	0.665941456190
0.000000000000	0.000000000000	0.000000000000	1.000000000000
2	51	66
0.994972746213	-0.020189173984	0.098089915621	-0.742145482448
0.018156798440	0.999602491364	0.021568262062	-0.255431983529
-0.098486369428	-0.019678834108	0.994943806717	1.058489324256
0.000000000000	0.000000000000	0.000000000000	1.000000000000
3	8	66
0.936875532235	0.039875114668	-0.347381940131	-0.626552160909
-0.022285671883	0.998265869424	0.054484885712	-0.206613947366
0.348952125553	-0.043303916364	0.936139511451	0.497871914719
0.000000000000	0.000000000000	0.000000000000	1.000000000000
3	35	66
0.003790050531	0.499203372347	-0.866476559726	0.509114016607
-0.279429603350	0.832495649424	0.478403689849	-0.533326671364
0.960158701616	0.240306027237	0.142647400904	1.729123855110
0.000000000000	0.000000000000	0.000000000000	1.000000000000
3	36	66
0.411706654152	0.390429728640	-0.823445358188	0.581011966496
-0.212310158272	0.919807324716	0.329968001621	-0.428719171502
0.886240389297	0.038975792401	0.461582993605	1.564332453361
0.000000000000	0.000000000000	0.000000000000	1.000000000000
3	37	66
0.420082177087	0.502332631112	-0.755773042794	0.606196166299
-0.318440584813	0.861459641066	0.395579171290	-0.553165436990
0.849780300100	0.074493050247	0.521846938314	1.602265770510
0.000000000000	0.000000000000	0.000000000000	1.000000000000
3	41	66
0.734794195982	-0.215608222899	0.643110086819	0.687747402715
0.156253220796	0.976439647265	0.148830595776	-0.351822115330
-0.660047286595	-0.008871835568	0.751171664796	1.076592235941
0.000000000000	0.000000000000	0.000000000000	1.000000000000
3	42	66
0.844069710278	0.113007585857	0.524190432697	0.946889142971
0.020915815746	0.969859253274	-0.242766466980	-0.531427650678
-0.535825393989	0.215875691956	0.816265173077	0.877225328490
0.000000000000	0.000000000000	0.000000000000	1.000000000000
4	6	66
0.814932475003	0.109316088612	-0.569152926687	1.155947092800
0.014901575005	0.977773115354	0.209135549234	-0.531948305917
0.579364310471	-0.178912625775	0.795190082993	0.224303551045
0.000000000000	0.000000000000	0.000000000000	1.000000000000
4	7	66
0.851336238285	0.362920620658	-0.378834043460	0.415387973167
-0.419129411324	0.904816729032	-0.075081445295	0.463979546237
0.315526775323	0.222700044827	0.922413976525	0.123691605494
0.000000000000	0.000000000000	0.000000000000	1.000000000000
4	38	66
0.144290168793	-0.986533030370	-0.077025496944	0.102319371169
0.945073476423	0.160459576113	-0.284761037707	0.430248748156
0.293285648050	-0.031706535973	0.955498939939	0.099067248211
0.000000000000	0.000000000000	0.000000000000	1.000000000000
4	45	66
0.699296491468	0.033213570113	-0.714059714436	1.196125738935
0.054880729034	0.993477140023	0.099956379650	-0.901058947308
0.712721911128	-0.109087263291	0.692912293430	1.279837252046
0.000000000000	0.000000000000	0.000000000000	1.000000000000
4	49	66
0.827094080806	0.264096584333	-0.496153580697	0.886005840563
0.001790993499	0.881492983879	0.472193722654	-0.351479414346
0.562060649608	-0.391437240839	0.728604633973	0.355592689870
0.000000000000	0.000000000000	0.000000000000	1.000000000000
5	8	66
0.948646935129	0.157919206187	-0.274099465135	-1.251996143172
-0.077050103883	0.955733158864	0.283967270189	-0.173833404285
0.306809833547	-0.248265288279	0.918821023200	0.665566013227
0.000000000000	0.000000000000	0.000000000000	1.000000000000
5	34	66
0.899480181380	0.147549459283	-0.411296195425	-0.176578362002
-0.023402344292	0.956179918675	0.291842925910	0.102093358291
0.436334428606	-0.252881632761	0.863517889928	0.594912516705
0.000000000000	0.000000000000	0.000000000000	1.000000000000
5	35	66
-0.081198924216	0.470394049628	-0.878712793113	0.188258591082
-0.128910736448	0.869262379517	0.477247249950	-0.149177600842
0.988326240031	0.152027476568	-0.009944326719	1.887472708814
0.000000000000	0.000000000000	0.000000000000	1.000000000000
5	36	66
0.258413793859	0.394910851870	-0.881627886480	0.354741975998
-0.033671278986	0.915753353607	0.400327416409	-0.124170067993
0.965447334719	-0.073764587932	0.249940451812	1.940224555597
0.000000000000	0.000000000000	0.000000000000	1.000000000000
5	41	66
0.800603616598	-0.318170051220	0.507741733165	0.377892084032
0.149905811776	0.926782726145	0.344386448796	-0.048406386675
-0.580139721693	-0.199603599731	0.789681142163	1.196617206081
0.000000000000	0.000000000000	0.000000000000	1.000000000000
5	42	66
0.806400853701	-0.035914034961	0.590277769565	0.133064924883
0.124392533934	0.986123677444	-0.109939029855	0.028633336851
-0.578138530675	0.162081075011	0.799678413159	1.158025370303
0.000000000000	0.000000000000	0.000000000000	1.000000000000
5	50	66
0.903459025685	0.017077608625	-0.428334150159	-0.689104809836
0.064472857307	0.982427084931	0.175157852991	-0.086756303331
0.423798347778	-0.185863869747	0.886481574734	0.658374861825
0.000000000000	0.000000000000	0.000000000000	1.000000000000
6	34	66
-0.104096506659	0.486035295003	-0.867717470905	0.800362908005
-0.181780957859	0.848462900526	0.497057732855	-0.409944173600
0.977813684022	0.209476486610	0.000029937505	1.322010232353
0.000000000000	0.000000000000	0.000000000000	1.000000000000
6	40	66
0.460217946305	0.433927773165	-0.774536073772	0.751777875947
-0.183922582054	0.900089059763	0.394983757014	-0.338466765893
0.868545868512	-0.039323938895	0.494046255041	0.910059191307
0.000000000000	0.000000000000	0.000000000000	1.000000000000
6	43	66
0.635696707527	0.137220222926	-0.759644855481	1.230472940794
-0.075405367066	0.990405882409	0.115802498711	-0.120375800452
0.768247178099	-0.016333967987	0.639944899842	0.921433328447
0.000000000000	0.000000000000	0.000000000000	1.000000000000
6	50	66
0.996648359125	0.072942469085	0.037033018473	-0.580871561594
-0.071848493918	0.996962475054	-0.030060227133	-0.136999877945
-0.039113196944	0.027298709445	0.998861821418	0.690445520391
0.000000000000	0.000000000000	0.000000000000	1.000000000000
6	51	66
0.988908811122	0.108230591150	-0.101712842971	-0.830590345850
-0.105189695081	0.993842558475	0.034815183661	-0.239422846409
0.104854619996	-0.023729898945	0.994204405825	0.904622587776
0.000000000000	0.000000000000	0.000000000000	1.000000000000
7	34	66
-0.129431872162	0.268785238365	-0.954464187964	0.984746315469
-0.243535374733	0.924461803160	0.293361373996	-0.058749891876
0.961216891093	0.270416105541	-0.054196108177	1.179708472091
0.000000000000	0.000000000000	0.000000000000	1.000000000000
7	40	66
-0.260990255391	-0.662390290752	0.702227306012	-0.846830076310
0.344458156227	0.615651067801	0.708747022092	-1.263680597818
-0.901794136818	0.426863989384	0.067486808838	2.850985652170
0.000000000000	0.000000000000	0.000000000000	1.000000000000
7	43	66
0.529132525527	-0.016347226722	-0.848381717511	1.389024532463
0.021733296724	0.999747504404	-0.005708874715	0.150401141724
0.848260829134	-0.015417380306	0.529354201024	0.953449899436
0.000000000000	0.000000000000	0.000000000000	1.000000000000
8	9	66
0.998620348188	0.040967254604	0.032849417567	-0.576984126831
-0.034151628731	0.981892837185	-0.186333363999	-0.119311461605
-0.039888174179	0.184954427723	0.981937265423	0.346737954240
0.000000000000	0.000000000000	0.000000000000	1.000000000000
8	10	66
0.997298342570	-0.028179817895	-0.067837406874	-0.300131870693
0.047228939334	0.953294793606	0.298326103069	-0.919270801166
0.056262271527	-0.300724016910	0.952050220554	1.761140617253
0.000000000000	0.000000000000	0.000000000000	1.000000000000
8	34	66
-0.953665224149	0.163303727712	-0.252694544389	0.891526060587
0.037042854087	-0.769760818739	-0.637256705649	1.795096600539
-0.298580754922	-0.617090086170	0.728044887587	0.361490819935
0.000000000000	0.000000000000	0.000000000000	1.000000000000
8	35	66
0.347454328861	0.457572991001	-0.818475685199	1.577036346730
-0.228072586290	0.887883929327	0.399556032899	-0.329384081839
0.909537456479	0.047844393085	0.412858970245	0.794464791152
0.000000000000	0.000000000000	0.000000000000	1.000000000000
8	36	66
0.658545469031	0.285576487768	-0.696249908332	1.687936162925
-0.154389022120	0.956789010913	0.246411887790	-0.176147180313
0.736533702601	-0.054780089721	0.674178942643	0.643047759340
0.000000000000	0.000000000000	0.000000000000	1.000000000000
8	52	66
0.981181421722	-0.156071192886	0.113687292246	-0.815408932722
0.155147847715	0.987745324678	0.016979956632	-0.228007592142
-0.114944173478	0.000977920716	0.993371471633	0.556703944545
0.000000000000	0.000000000000	0.000000000000	1.000000000000
8	53	66
0.982463290459	-0.040878337480	0.181919884636	-1.091614535153
0.037462440821	0.999051963554	0.022175203425	-0.429283041410
-0.182653903404	-0.014971160411	0.983063281751	0.925872544051
0.000000000000	0.000000000000	0.000000000000	1.000000000000
8	55	66
0.960242793441	0.012597501522	-0.278881839852	-0.961553423745
-0.021827598456	0.999311054680	-0.030016194627	-0.634135205391
0.278311576456	0.034910155394	0.959856211868	1.257806326433
0.000000000000	0.000000000000	0.000000000000	1.000000000000
9	12	66
0.866075601341	0.003219916292	-0.499902675429	-0.225831881761
-0.047046688500	0.996066155589	-0.075092095395	-0.260761850601
0.497694345822	0.088554197126	0.862820081076	1.152451902076
0.000000000000	0.000000000000	0.000000000000	1.000000000000
9	36	66
0.617448393599	0.306243109081	-0.724549956444	2.241643605173
-0.021786104391	0.927407184514	0.373418370955	0.005103469741
0.786309638055	-0.214781452299	0.579297920634	0.455148707756
0.000000000000	0.000000000000	0.000000000000	1.000000000000
9	37	66
0.653301774669	0.276592310029	-0.704764843935	2.370061156493
-0.055138507893	0.945787355673	0.320071902542	0.210255304441
0.755087105016	-0.170243860042	0.633135445191	0.479486754523
0.000000000000	0.000000000000	0.000000000000	1.000000000000
9	38	66
0.841262794022	0.197489617688	-0.503264107899	2.088639620774
0.051560094732	0.897338930087	0.438319975797	-0.220961350917
0.538162120579	-0.394690632593	0.744715272113	0.258959492252
0.000000000000	0.000000000000	0.000000000000	1.000000000000
9	39	66
0.996304931187	-0.078837912786	-0.034074442039	1.798307356207
0.085437433925	0.950274420122	0.299464474265	0.158572893449
0.008770916545	-0.301269165315	0.953498799713	0.197777173577
0.000000000000	0.000000000000	0.000000000000	1.000000000000
9	50	66
0.996081766413	-0.053408817250	0.070488388125	0.539860954084
0.044018326744	0.990714990450	0.128632012380	0.084600741151
-0.076703986410	-0.125025221209	0.989184104467	-0.331083124248
0.000000000000	0.000000000000	0.000000000000	1.000000000000
9	54	66
0.998320218805	-0.015769534677	-0.055750000003	-0.514938856762
0.014859044669	0.999749983628	-0.016708651295	-0.151533815796
0.055999549246	0.015852192676	0.998304942626	0.946188278834
0.000000000000	0.000000000000	0.000000000000	1.000000000000
9	56	66
0.709726083200	0.246327050922	-0.660008992977	-0.436289412099
-0.060607676690	0.954753312142	0.291157727839	-0.044403883124
0.701865796540	-0.166640622113	0.692542638911	0.907598825943
0.000000000000	0.000000000000	0.000000000000	1.000000000000
10	13	66
0.959190870266	-0.175055641287	0.222054941065	-2.283609180616
0.212299569682	0.964568773643	-0.156639629807	-0.100263304114
-0.186766611338	0.197389471266	0.962369798738	0.343892411423
0.000000000000	0.000000000000	0.000000000000	1.000000000000
10	37	66
0.784311566326	0.433077771288	-0.444183532950	1.983437903261
-0.271400719218	0.883381352310	0.382072029857	-0.386355845753
0.557850353173	-0.179111781879	0.810383830698	-0.242490420703
0.000000000000	0.000000000000	0.000000000000	1.000000000000
10	39	66
0.984396030815	-0.006100323775	-0.175861424322	2.293304149453
0.023548322125	0.994976542543	0.097299313024	0.054461901599
0.174384434626	-0.099922299012	0.979594611623	0.121191859851
0.000000000000	0.000000000000	0.000000000000	1.000000000000
10	56	66
0.664279005459	0.297426766739	-0.685762875442	0.082168206308
-0.205532697910	0.954742805020	0.214994154230	-0.165023664357
0.718672187438	-0.001869409035	0.695346526786	0.429989473991
0.000000000000	0.000000000000	0.000000000000	1.000000000000
11	13	66
0.898648935369	-0.138092786611	0.416365792597	-2.408178350073
0.193584663746	0.976577407877	-0.093923076966	0.065649122650
-0.393643327038	0.165005905078	0.904332893556	0.434486483986
0.000000000000	0.000000000000	0.000000000000	1.000000000000
11	51	66
0.990241774494	0.002275395948	0.139341489225	0.344198639559
0.002490858360	0.999417993021	-0.034021623287	0.429636613032
-0.139337804170	0.034036712528	0.989659779181	-1.135297452418
0.000000000000	0.000000000000	0.000000000000	1.000000000000
11	56	66
0.810832278781	0.275047874089	-0.516623346980	0.481086036506
-0.087119050988	0.929581806790	0.358173052365	-0.372959478955
0.578758400925	-0.245410536540	0.777696844480	0.691112975371
0.000000000000	0.000000000000	0.000000000000	1.000000000000
12	14	66
0.681772157158	0.055325338035	-0.729469555701	0.361224741302
0.020428520120	0.995307627878	0.094580132443	-0.009116988124
0.731279290893	-0.079384084415	0.677442813713	0.366642210236
0.000000000000	0.000000000000	0.000000000000	1.000000000000
12	15	66
0.362694094487	0.338050049280	-0.868432586909	0.373949484111
0.037644154779	0.925811125103	0.376107269602	0.005024409423
0.931147631386	-0.169103296295	0.323060619307	0.626335561547
0.000000000000	0.000000000000	0.000000000000	1.000000000000
12	51	66
0.890328516690	-0.122525714632	0.438523182537	-0.213582504284
0.012553953592	0.969352254305	0.245354040773	0.131961904358
-0.455145614741	-0.212940499503	0.864580136860	-1.361660562543
0.000000000000	0.000000000000	0.000000000000	1.000000000000
12	52	66
0.815923827812	-0.233318928068	0.528990155876	-0.443193937542
0.090809184345	0.955316307129	0.281290677721	0.086194666927
-0.570983361620	-0.181474601912	0.800652839634	-0.789737318990
0.000000000000	0.000000000000	0.000000000000	1.000000000000
12	57	66
0.746254575643	0.265683784917	-0.610341080679	-0.309861784244
0.025732170971	0.904695995428	0.425279921032	0.069173047295
0.665163110605	-0.333072488038	0.668296905576	0.129719005261
0.000000000000	0.000000000000	0.000000000000	1.000000000000
13	53	66
-0.474775932211	0.156139416469	-0.866145655660	2.026820995932
0.236348649560	-0.925367263390	-0.296369269151	1.485111954451
-0.847777759819	-0.345421352077	0.402438764888	0.066879915873
0.000000000000	0.000000000000	0.000000000000	1.000000000000
13	58	66
-0.731467919108	-0.222714141300	0.644478932612	-1.335290384024
-0.283240764389	-0.760516745554	-0.584284989641	2.261200569540
0.620265550151	-0.609928431045	0.493211877696	0.482712919348
0.000000000000	0.000000000000	0.000000000000	1.000000000000
14	18	66
0.530400366619	0.248366813381	-0.810548812288	0.599887695446
-0.075210383267	0.966136750386	0.246826209714	0.017278015093
0.844404434699	-0.069955025295	0.531119049834	0.235596193543
0.000000000000	0.000000000000	0.000000000000	1.000000000000
14	55	66
0.485970824033	-0.171831789054	0.856916678831	-0.817243397151
0.092299331732	0.985089329120	0.145189004456	-0.074095014108
-0.869087562649	0.008535216670	0.494584632319	0.221114624961
0.000000000000	0.000000000000	0.000000000000	1.000000000000
14	61	66
0.739963540554	-0.545024074682	-0.394211512603	1.373513965676
-0.013279395316	-0.597782497307	0.801548341383	-1.627976350134
-0.672515885546	-0.587881658100	-0.449574843333	2.730328056144
0.000000000000	0.000000000000	0.000000000000	1.000000000000
14	62	66
-0.025061839942	0.427098231336	-0.903857845553	0.286928562140
-0.143625428717	0.893223565331	0.426055628483	-0.342270734918
0.989314732734	0.140494708534	0.038956340554	2.475840362480
0.000000000000	0.000000000000	0.000000000000	1.000000000000
14	63	66
-0.286372004732	0.339196704499	-0.896067335953	0.354761743098
-0.163920509126	0.904102317635	0.394625222122	-0.159608906775
0.943992130049	0.259893429898	-0.203308296689	2.593073225394
0.000000000000	0.000000000000	0.000000000000	1.000000000000
15	16	66
0.980175840358	0.020794704625	-0.197035281711	0.191810817988
-0.080493413761	0.950502351796	-0.300110129072	0.013449465256
0.181041797164	0.310020740419	0.933333278197	-0.062197244298
0.000000000000	0.000000000000	0.000000000000	1.000000000000
15	17	66
0.946531109831	-0.061695706328	-0.316658329976	0.413407746807
-0.067159912519	0.922357350982	-0.380455599565	0.026467194297
0.315544615344	0.381379806637	0.868896448846	-0.155062996038
0.000000000000	0.000000000000	0.000000000000	1.000000000000
15	19	66
0.674367815125	0.198673228173	-0.711165942893	0.232676424240
-0.247335148010	0.968262494933	0.035959219470	0.075861696958
0.695739444391	0.151646593477	0.702103935472	-0.199683956932
0.000000000000	0.000000000000	0.000000000000	1.000000000000
15	55	66
0.143109238571	-0.134814229358	0.980481957712	-0.928843993326
0.358419643027	0.930492336314	0.075626526789	-0.176394626951
-0.922526479473	0.340601138613	0.181482117708	0.402325202556
0.000000000000	0.000000000000	0.000000000000	1.000000000000
15	60	66
0.868857128566	0.399335207322	0.292606702475	0.422974463656
0.229930781363	0.197925347917	-0.952867982689	2.173649697271
-0.438428016808	0.895185427074	0.080149393216	2.010845182215
0.000000000000	0.000000000000	0.000000000000	1.000000000000
15	61	66
0.443103821591	0.451707272796	-0.774351046358	0.436034840477
-0.348024008367	0.882706497484	0.315766573436	-0.976041573694
0.826158757680	0.129575379616	0.548335598065	2.459258328261
0.000000000000	0.000000000000	0.000000000000	1.000000000000
15	63	66
-0.208308482428	0.468647414397	-0.858473748653	0.663883832960
-0.354729791875	0.781764336803	0.512846269812	-1.113289360489
0.911468239109	0.411356442373	0.003395057156	2.669576422150
0.000000000000	0.000000000000	0.000000000000	1.000000000000
15	64	66
-0.230000140508	0.498910778208	-0.835576430229	0.270208311038
-0.298342041654	0.781107662121	0.548509659311	-0.922643435879
0.926332532921	0.375444876864	-0.030808811866	2.216952809619
0.000000000000	0.000000000000	0.000000000000	1.000000000000
16	18	66
0.903255471555	0.143324311318	-0.404459756826	0.203736037723
-0.020052245891	0.955638574978	0.293858505831	-0.084345395536
0.428634413623	-0.257318976758	0.866059746010	0.031122210696
0.000000000000	0.000000000000	0.000000000000	1.000000000000
16	19	66
0.824904581360	0.157773147443	-0.542807576953	-0.113112851890
-0.016984001082	0.966743264542	0.255184255332	-0.032027477496
0.565016792103	-0.201283616840	0.800150567227	-0.151694278750
0.000000000000	0.000000000000	0.000000000000	1.000000000000
16	57	66
0.821210168926	-0.171610728491	0.544209165964	-0.738606439456
-0.001690491098	0.952969929620	0.303060151587	0.057611183966
-0.570623343978	-0.249796059030	0.782298490476	0.639591752956
0.000000000000	0.000000000000	0.000000000000	1.000000000000
16	58	66
0.982034124838	-0.056496247503	0.180047637227	-0.415395695779
-0.027295349741	0.901567975926	0.431775576738	-0.292642546235
-0.186718883714	-0.428932813857	0.883828433386	1.334725648569
0.000000000000	0.000000000000	0.000000000000	1.000000000000
16	61	66
0.974878311726	-0.100562605271	0.198744659669	-0.061453328328
0.001370581244	0.894970884445	0.446122446760	-0.342982509082
-0.222733919359	-0.434642702017	0.872625534092	1.132138781495
0.000000000000	0.000000000000	0.000000000000	1.000000000000
16	62	66
0.371521095029	0.190838864484	-0.908599253660	1.267731440936
-0.076297147928	0.981611888668	0.174976699146	0.206180773331
0.925284184003	0.004315996792	0.379249984845	2.391115561571
0.000000000000	0.000000000000	0.000000000000	1.000000000000
16	63	66
-0.984903653936	-0.086176490787	0.150127961747	-2.116825096101
-0.007575349233	-0.844985145541	-0.534736119875	1.779177814268
0.172937579914	-0.527800830096	0.831576140352	0.142348223651
0.000000000000	0.000000000000	0.000000000000	1.000000000000
16	64	66
-0.947497338936	-0.066001435939	0.312877936522	-1.933560556179
-0.103073054367	-0.863198817658	-0.494230459054	1.581415264282
0.302695784860	-0.500531329337	0.811075613109	0.605586493116
0.000000000000	0.000000000000	0.000000000000	1.000000000000
17	20	66
0.770651763390	0.242971183754	-0.589118717619	-0.285274483833
-0.008363384824	0.928237528701	0.371893995791	0.133790539346
0.637201626943	-0.281673737108	0.717379949849	-0.243654050559
0.000000000000	0.000000000000	0.000000000000	1.000000000000
17	57	66
0.706432160886	-0.303616534347	0.639351704570	-0.825841863687
0.050025182643	0.922478162879	0.382794357473	0.141885584275
-0.706010682049	-0.238434559331	0.666856714557	0.830520095252
0.000000000000	0.000000000000	0.000000000000	1.000000000000
17	58	66
-0.365257941685	0.110758242817	-0.924293918450	0.441364853411
-0.405123560075	-0.912854684120	0.050707265282	1.123770868846
-0.838129785360	0.392974474143	0.378298196617	1.634544638450
0.000000000000	0.000000000000	0.000000000000	1.000000000000
17	61	66
-0.124088428514	0.984559310464	0.123470749924	-1.862688754194
-0.910196451589	-0.162492568147	0.380970582606	-0.468337450863
0.395151213364	-0.065108597551	0.916305838191	1.984380661043
0.000000000000	0.000000000000	0.000000000000	1.000000000000
17	62	66
0.488221827011	0.333823316963	-0.806350693360	1.367252169760
0.013699143982	0.920906402040	0.389542978547	0.195679248017
0.872612045003	-0.201229698934	0.445033512427	2.392556975544
0.000000000000	0.000000000000	0.000000000000	1.000000000000
17	63	66
0.282554695222	0.449278741413	-0.847532569712	2.243490470605
0.064950889380	0.872547284663	0.484192748805	0.110799600184
0.957049751150	-0.191858928748	0.217361278251	2.875189146702
0.000000000000	0.000000000000	0.000000000000	1.000000000000
17	65	66
0.335222120202	0.410859009833	-0.847833122829	0.904554110283
0.038830902613	0.893112364019	0.448154511569	0.131300045511
0.941338563499	-0.183153430970	0.283436994046	2.328764844463
0.000000000000	0.000000000000	0.000000000000	1.000000000000
18	21	66
0.954072206329	0.079599514810	-0.288808141076	-0.810315390854
-0.044654873987	0.991070866586	0.125636299030	0.135274093740
0.296229923099	-0.106969409865	0.949107674616	-0.473836553936
0.000000000000	0.000000000000	0.000000000000	1.000000000000
18	34	66
0.914946255159	-0.108048546775	0.388842978220	-0.824061962192
0.043420145978	0.984256469628	0.171329778261	0.278658324057
-0.401233150543	-0.139873920140	0.905233254675	-0.804360754318
0.000000000000	0.000000000000	0.000000000000	1.000000000000
18	56	66
0.973484309257	0.155407721691	0.167859285325	-0.983644748656
-0.163496099284	0.985908461257	0.035405247353	0.078144524515
-0.159991640875	-0.061910791143	0.985174973693	0.634948411728
0.000000000000	0.000000000000	0.000000000000	1.000000000000
18	57	66
0.530171255048	-0.370875003033	0.762476342221	-0.426357057130
0.351453362466	0.914496051040	0.200443275379	-0.075517054972
-0.771621004336	0.161705611401	0.615184785986	0.885524924512
0.000000000000	0.000000000000	0.000000000000	1.000000000000
18	58	66
0.780722546052	-0.287843391971	0.554633651868	-0.036649283040
0.236589292983	0.957672156489	0.163980325440	-0.323632965802
-0.578357858537	0.003197246380	0.815776908893	1.307726376519
0.000000000000	0.000000000000	0.000000000000	1.000000000000
18	61	66
0.928184214077	0.223953851912	-0.297184684922	1.527075040506
-0.151241075250	0.956723764189	0.248607675252	-0.714513813694
0.340000296905	-0.185807188372	0.921886916522	1.870147101159
0.000000000000	0.000000000000	0.000000000000	1.000000000000
18	65	66
0.596208555491	0.259252825278	-0.759817959083	0.593481409815
-0.123035981374	0.964750609003	0.232633638401	-0.517765049427
0.793345766767	-0.045213217248	0.607089992785	1.680058940992
0.000000000000	0.000000000000	0.000000000000	1.000000000000
19	22	66
0.999869184656	-0.010080384815	-0.012649087644	-1.385593948966
0.010451138010	0.999507327383	0.029595206060	0.131381497911
0.012344524719	-0.029723531913	0.999481927981	-0.287209111759
0.000000000000	0.000000000000	0.000000000000	1.000000000000
19	23	66
0.997148323715	-0.018732558283	-0.073104799922	-1.699480349471
-0.002618321701	0.959532183401	-0.281586813273	0.217116442970
0.075421249677	0.280975230720	0.956746860365	-0.190033543494
0.000000000000	0.000000000000	0.000000000000	1.000000000000
19	24	66
0.391226484683	0.390427782322	-0.833371456479	1.576125129112
-0.327589204108	0.905316530763	0.270346615438	-0.418859032311
0.860015785340	0.167236736151	0.482083730329	0.817010731427
0.000000000000	0.000000000000	0.000000000000	1.000000000000
19	33	66
0.995463573442	0.028886666176	-0.090652272269	0.084198804511
-0.007394894061	0.973404333103	0.228974496041	0.078020033863
0.094855624462	-0.227265406107	0.969202169671	-0.354848937443
0.000000000000	0.000000000000	0.000000000000	1.000000000000
19	34	66
0.567190823752	-0.349369947943	0.745811778485	-2.621957265950
0.216805162224	0.936963909168	0.274033126736	-0.036778401316
-0.794537658695	0.006266768734	0.607182539707	0.590841246162
0.000000000000	0.000000000000	0.000000000000	1.000000000000
19	62	66
0.918816896106	0.127126747980	-0.373649971736	2.395566704775
-0.073116775255	0.985145307604	0.155379085085	-0.315217197797
0.387852354133	-0.115444847670	0.914463251607	1.095600158907
0.000000000000	0.000000000000	0.000000000000	1.000000000000
20	24	66
0.998086506516	0.054397820046	-0.029397324462	-1.651193552106
-0.051948181589	0.995560157411	0.078494327217	-0.415721348811
0.033536725256	-0.076816991284	0.996481027370	0.408087279585
0.000000000000	0.000000000000	0.000000000000	1.000000000000
20	25	66
0.998757876259	-0.043861229531	-0.023641005778	-0.048049182706
0.045024819193	0.997674608194	0.051167781091	-0.131826183655
0.021341749386	-0.052168656386	0.998410216807	0.033520662963
0.000000000000	0.000000000000	0.000000000000	1.000000000000
20	32	66
0.996667223655	0.031842850223	-0.075103116995	-0.352485630392
-0.004826929778	0.942073509516	0.335371739144	-0.446424331230
0.081431849062	-0.333891502673	0.939087492410	0.301367963490
0.000000000000	0.000000000000	0.000000000000	1.000000000000
20	33	66
0.958802216531	-0.075505542944	0.273856207816	0.025437201779
0.017091346460	0.977615949774	0.209702028182	-0.257933980530
-0.283559862200	-0.196382198104	0.938630830954	0.552763071578
0.000000000000	0.000000000000	0.000000000000	1.000000000000
20	35	66
0.018048137324	-0.472767988235	0.881002096501	-2.269548122018
0.358015126642	0.825775655395	0.435797815567	-0.233308121055
-0.933541340185	0.307546738330	0.184161803608	0.790774911774
0.000000000000	0.000000000000	0.000000000000	1.000000000000
20	63	66
0.769452946478	0.360022809172	-0.527565863217	3.004824187045
-0.272276074663	0.932076060476	0.238955972209	-0.662611970915
0.577761111812	-0.040221814532	0.815214268345	1.024799607241
0.000000000000	0.000000000000	0.000000000000	1.000000000000
21	25	66
0.992340548356	-0.015553080573	0.122549327915	-0.431293400770
0.031868870414	0.990693833561	-0.132325746715	0.219164618281
-0.119350790471	0.135217712707	0.983601321158	0.117640313429
0.000000000000	0.000000000000	0.000000000000	1.000000000000
21	32	66
0.966530336435	0.150921006553	-0.207465559871	0.387943175057
-0.115347456606	0.977959229893	0.174042261884	-0.147845526923
0.229159492507	-0.144286501268	0.962635617742	0.371751822591
0.000000000000	0.000000000000	0.000000000000	1.000000000000
21	35	66
0.051316340452	-0.479748619038	0.875904044821	-1.900972585036
0.431958082011	0.801437377585	0.413654862410	-0.364231037056
-0.900432589697	0.357126577478	0.248358126647	0.868780604259
0.000000000000	0.000000000000	0.000000000000	1.000000000000
21	47	66
-0.719934923576	-0.414592976183	0.556602524173	-1.732156009764
-0.271404696676	-0.569936409416	-0.775572033950	1.494326127361
0.638774761898	-0.709425932231	0.297794644411	1.724712010317
0.000000000000	0.000000000000	0.000000000000	1.000000000000
21	48	66
-0.841390761560	-0.367265465478	0.396456383767	-1.768654055251
-0.194416762222	-0.478782455473	-0.856136369335	1.619195310430
0.504245683104	-0.797422998288	0.331440572157	1.076797295696
0.000000000000	0.000000000000	0.000000000000	1.000000000000
21	63	66
0.789548919818	0.304240612059	-0.532963557092	3.310559206324
-0.287480728424	0.950639619458	0.116786748827	-0.629713968868
0.542187545043	0.061007900231	0.838039797450	1.141054481697
0.000000000000	0.000000000000	0.000000000000	1.000000000000
21	64	66
0.755453535465	0.360837480057	-0.546887802697	2.659360844239
-0.316681844274	0.931804166853	0.177351639808	-0.792864587070
0.573587452146	0.039208514656	0.818205430878	1.250099618417
0.000000000000	0.000000000000	0.000000000000	1.000000000000
21	65	66
0.804837804994	0.185283387453	-0.563831689413	2.041832135132
-0.179022156396	0.981560274513	0.067011155920	-0.691693431027
0.565850841806	0.047005253242	0.823166648374	1.552971491267
0.000000000000	0.000000000000	0.000000000000	1.000000000000
22	25	66
0.996106262519	0.073326756975	-0.048943850302	-0.313652818818
-0.066575920252	0.989585639217	0.127624094508	-0.344154571126
0.057792392349	-0.123868677913	0.990614248847	0.565493328036
0.000000000000	0.000000000000	0.000000000000	1.000000000000
22	26	66
0.986546177553	-0.011970463904	-0.163044004948	-0.291997903383
-0.014458185546	0.987019369293	-0.159949134140	-0.219251640508
0.162842256267	0.160154527364	0.973567114758	0.805524438475
0.000000000000	0.000000000000	0.000000000000	1.000000000000
22	27	66
-0.722315332933	-0.043804595165	0.690175135203	-1.139985252060
-0.378282087605	-0.810428363373	-0.447334919315	1.337513397507
0.578932830307	-0.584197762135	0.568814339402	1.658999528630
0.000000000000	0.000000000000	0.000000000000	1.000000000000
22	32	66
-0.686783550703	-0.361628595273	0.630518131035	-1.196818203218
-0.124182803499	-0.796321763393	-0.591988412438	1.476008679065
0.716175247966	-0.484867413038	0.501992635379	1.306101852344
0.000000000000	0.000000000000	0.000000000000	1.000000000000
22	35	66
0.073514466932	-0.384738259571	0.920093525015	-1.439321824161
0.254443462540	0.899293235850	0.355710838076	-0.175815081203
-0.964289452147	0.207961889722	0.164005197785	0.908998886981
0.000000000000	0.000000000000	0.000000000000	1.000000000000
22	48	66
0.906587952876	0.272842030174	-0.321955758250	-0.160085484347
-0.137433311407	0.912187257243	0.386039496217	0.060967392874
0.399011739947	-0.305731310622	0.864475561882	0.400378688392
0.000000000000	0.000000000000	0.000000000000	1.000000000000
22	64	66
0.512095412104	0.457117887814	-0.727187407442	4.586721346824
-0.235312441087	0.888894358380	0.393058360438	-1.244431776214
0.826066791471	-0.030167139097	0.562764248818	2.021290606933
0.000000000000	0.000000000000	0.000000000000	1.000000000000
23	26	66
0.949551449334	-0.104548723410	0.295671455337	-0.866448567233
0.070284956670	0.989757874429	0.124255281060	-0.061387090707
-0.305633882176	-0.097205526791	0.947174226649	1.019723550681
0.000000000000	0.000000000000	0.000000000000	1.000000000000
23	28	66
0.987898017068	0.063557618556	-0.141484758885	-0.546289676550
0.016074139873	0.865323888841	0.500955276875	0.009847521899
0.154269666171	-0.497166970469	0.853830119856	0.763378358071
0.000000000000	0.000000000000	0.000000000000	1.000000000000
23	31	66
0.055908242487	0.051107251697	-0.997127031649	2.677612386395
0.072638379914	0.995834392186	0.055113783243	0.930060066626
0.995790105487	-0.075511006905	0.051963002710	0.911053360771
0.000000000000	0.000000000000	0.000000000000	1.000000000000
23	34	66
0.390257593329	-0.392988549843	0.832621769197	-1.058900701117
0.058633715038	0.913102398876	0.403492374932	0.119285636778
-0.918836818108	-0.108646255618	0.379387523293	1.179258949067
0.000000000000	0.000000000000	0.000000000000	1.000000000000
23	64	66
0.633929907400	0.387117158400	-0.669532059110	0.633735543049
0.022722713038	0.856013687140	0.516453527184	-0.155774022439
0.773056628467	-0.342608921513	0.533856325319	2.259425368961
0.000000000000	0.000000000000	0.000000000000	1.000000000000
24	28	66
0.931282200281	0.096529024747	-0.351277114002	-0.558349970489
0.002514448886	0.962529858081	0.271164064451	-0.218128122628
0.364289913375	-0.253413534927	0.896144206771	0.600641728267
0.000000000000	0.000000000000	0.000000000000	1.000000000000
24	29	66
0.740286576098	0.375352126713	-0.557751348023	-0.569364130508
-0.186898980698	0.911826377164	0.365570005500	-0.152080783467
0.645789870053	-0.166383409267	0.745165756632	0.375045699995
0.000000000000	0.000000000000	0.000000000000	1.000000000000
24	31	66
0.639810196950	0.371859312153	-0.672579782512	-0.300806864285
-0.133005796728	0.915518687114	0.379651144582	-0.160207732212
0.756936172947	-0.153447663751	0.635217635598	0.421262284728
0.000000000000	0.000000000000	0.000000000000	1.000000000000
24	34	66
0.440428986204	-0.469318174890	0.765351395654	-0.373824746171
0.335671892011	0.876740442395	0.344456931390	-0.188694685398
-0.832674419581	0.105198133949	0.543678823929	0.614985802447
0.000000000000	0.000000000000	0.000000000000	1.000000000000
24	65	66
0.849393302821	0.192839788862	-0.491267577757	3.317366825573
-0.187994159306	0.980349029941	0.059782736314	-0.211233628169
0.493142183544	0.041576379425	0.868954654446	0.758893496747
0.000000000000	0.000000000000	0.000000000000	1.000000000000
25	29	66
0.752900301031	0.351275349607	-0.556548978497	-0.064555752347
-0.213351043557	0.930250532366	0.298521823736	0.059161158691
0.622593341532	-0.106016865603	0.775330868267	-0.042061984226
0.000000000000	0.000000000000	0.000000000000	1.000000000000
25	31	66
