0	8	57
0.804240413010	0.076568910017	-0.589350965131	-0.476396389127
-0.189817758219	0.972818520145	-0.132639909255	0.100581618004
0.563175440468	0.218543654407	0.796914107274	-0.337743103831
0.000000000000	0.000000000000	0.000000000000	1.000000000000
0	9	57
0.908725643424	0.081990337299	-0.409261883851	-0.192418753115
-0.023792868413	0.989098089986	0.145323321593	-0.037321227454
0.416715255776	-0.122321514770	0.900769583539	0.070513875046
0.000000000000	0.000000000000	0.000000000000	1.000000000000
0	10	57
0.557323458402	0.270611764094	-0.784958493074	0.719302059683
-0.267579352028	0.953496028472	0.138732166622	-0.230054200035
0.785997362008	0.132719994052	0.603815824648	0.490508742791
0.000000000000	0.000000000000	0.000000000000	1.000000000000
0	15	57
0.506046256669	-0.493766326199	0.707185973577	0.200623010663
0.428327525145	0.855537424480	0.290845743508	-0.057112219119
-0.748633900725	0.155725818109	0.644435219599	0.314370859942
0.000000000000	0.000000000000	0.000000000000	1.000000000000
0	23	57
-0.450369812916	-0.347368477763	0.822497521134	-1.181793835725
0.363159292047	0.770296053674	0.524174892849	-0.493531694458
-0.815648429297	0.534770165913	-0.220767999119	1.639742841932
0.000000000000	0.000000000000	0.000000000000	1.000000000000
0	29	57
0.385432823574	-0.386777174804	0.837761872827	-2.625497433008
0.419992388654	0.881947922425	0.213949189303	0.311606799192
-0.821613006216	0.269390569957	0.502375147508	-0.581684966781
0.000000000000	0.000000000000	0.000000000000	1.000000000000
1	26	57
0.999110665206	0.013121331602	-0.040071303044	-1.377728378608
-0.014799283346	0.999013509027	-0.041868723342	0.554340645543
0.039482399663	0.042424514597	0.998319237858	-0.802460336938
0.000000000000	0.000000000000	0.000000000000	1.000000000000
2	3	57
0.692164759679	-0.352141595451	0.630003366825	-0.208373655182
0.053886254676	0.895673554231	0.441435335931	0.214164161158
-0.719725098225	-0.271597461337	0.638929262110	-0.057870415369
0.000000000000	0.000000000000	0.000000000000	1.000000000000
2	12	57
0.981198487448	-0.007994160062	0.192835737444	-0.172904903562
-0.049179695399	0.955803829560	0.289862720887	0.159027557038
-0.186630345312	-0.293896466131	0.937440121504	-0.152364184045
0.000000000000	0.000000000000	0.000000000000	1.000000000000
2	23	57
0.857784415870	-0.178516859333	0.482014135503	-1.458165912976
0.020929494165	0.949105784523	0.314261302198	0.488616458517
-0.513583344906	-0.259480135500	0.817864418541	-0.391048132224
0.000000000000	0.000000000000	0.000000000000	1.000000000000
2	24	57
0.937977860932	0.239383622854	-0.250784795216	-1.064479925292
-0.118143141758	0.900761781836	0.417935892740	0.352795546076
0.325944367121	-0.362386111066	0.873176142624	-0.442410066864
0.000000000000	0.000000000000	0.000000000000	1.000000000000
2	25	57
0.907889835789	0.228512493034	-0.351451400051	-0.413808547790
-0.039443582789	0.881213900641	0.471069278444	0.201317521708
0.417349074334	-0.413816507458	0.809058494986	-0.550476138680
0.000000000000	0.000000000000	0.000000000000	1.000000000000
3	11	57
-0.484642555673	-0.061075073691	0.872577462810	-1.314347258003
0.611978288310	0.689082724140	0.388133448609	-0.523346475087
-0.624983334072	0.722104448585	-0.296582193441	0.901104516781
0.000000000000	0.000000000000	0.000000000000	1.000000000000
3	15	57
0.411618226410	0.605396007605	-0.681223979072	-0.658583642377
-0.506725524563	0.773319328753	0.381059652198	-0.340130243894
0.757495662327	0.188342479946	0.625081940071	0.545865048272
0.000000000000	0.000000000000	0.000000000000	1.000000000000
3	23	57
0.082666057091	0.721604659200	-0.687352194167	2.765410201806
0.439793271138	0.592504073287	0.674922811734	-2.204886162934
0.894286420375	-0.358086077584	-0.268376897989	3.164378750956
0.000000000000	0.000000000000	0.000000000000	1.000000000000
3	27	57
0.782784868998	0.380295338283	-0.492568070979	1.426818014455
-0.359701006889	0.922422995758	0.140538260058	0.599674053049
0.507802160797	0.067166007604	0.858851379991	-0.940982369431
0.000000000000	0.000000000000	0.000000000000	1.000000000000
3	28	57
0.921478709975	0.226605410658	-0.315478961142	1.539978175237
-0.315344989510	0.910648365463	-0.266977699576	0.358092977645
0.226791809053	0.345498975889	0.910601961894	-1.288774951842
0.000000000000	0.000000000000	0.000000000000	1.000000000000
4	11	57
-0.236975108106	-0.147356913014	0.960275345057	-1.701460267485
0.048567981041	0.985397249611	0.163197462227	0.260557054124
-0.970300958134	0.085312371006	-0.226357791996	1.116166302302
0.000000000000	0.000000000000	0.000000000000	1.000000000000
4	12	57
0.905452744777	-0.100096823071	0.412475396825	-1.881161757362
-0.083945875577	0.910367128819	0.405197212157	0.290982634211
-0.416062996370	-0.401512536264	0.815891700089	0.732945008197
0.000000000000	0.000000000000	0.000000000000	1.000000000000
4	16	57
0.613832068518	0.391275390250	-0.685648423497	-0.269440277710
0.035431263060	0.853998795634	0.519067127310	0.092424923335
0.788641120699	-0.342913438116	0.510348465955	0.605731315371
0.000000000000	0.000000000000	0.000000000000	1.000000000000
4	28	57
0.818806847684	0.106441999298	-0.564114746281	1.730765775013
0.080296930074	0.951764234925	0.296137204922	-0.100863965494
0.568425676062	-0.287775853580	0.770764107162	-0.343689551670
0.000000000000	0.000000000000	0.000000000000	1.000000000000
5	7	57
-0.061547228819	0.734630874697	-0.675669606070	2.197061580330
-0.090900129818	0.670014105568	0.736762013637	-1.664179842589
0.993956289292	0.106764115145	0.025540530411	3.279818051380
0.000000000000	0.000000000000	0.000000000000	1.000000000000
5	27	57
-0.254511833307	0.663027653050	-0.704001461645	1.150187931922
-0.431406040967	0.573684401831	0.696257879605	-0.716707156349
0.865512885244	0.480916352796	0.140024666004	0.956577086287
0.000000000000	0.000000000000	0.000000000000	1.000000000000
5	33	57
0.890980745140	0.366295778616	-0.268292218220	1.789543622171
-0.210288653549	0.856610999609	0.471164809315	-0.880153472194
0.402407745921	-0.363379963560	0.840251752813	1.005815923913
0.000000000000	0.000000000000	0.000000000000	1.000000000000
5	34	57
-0.996697860074	-0.051147152042	0.063066191909	-0.221848503267
0.016329397485	-0.887068312596	-0.461349281527	0.500537602527
0.079540722286	-0.458796008729	0.884974291080	0.154303162180
0.000000000000	0.000000000000	0.000000000000	1.000000000000
5	35	57
0.981050190408	-0.011230804424	-0.193428004518	1.833862305106
0.037488607679	0.990456244988	0.132631184340	-0.771042130764
0.190092420138	-0.137369195226	0.972108314957	1.001202843896
0.000000000000	0.000000000000	0.000000000000	1.000000000000
6	7	57
0.395292363418	-0.495230114290	0.773622053281	-0.657114871338
0.118478282625	0.862669469322	0.491695315460	0.157055236517
-0.910882453432	-0.102705991056	0.399680666822	0.511856462272
0.000000000000	0.000000000000	0.000000000000	1.000000000000
6	19	57
0.773631222606	-0.090970269996	0.627071878963	0.106876374994
0.058112506701	0.995655987870	0.072746755137	-0.064432674665
-0.630965663071	-0.019838442349	0.775557069615	-0.373579340462
0.000000000000	0.000000000000	0.000000000000	1.000000000000
6	22	57
0.944376903922	0.166293833227	-0.283722794941	0.721744922475
0.010278595396	0.847386355354	0.530877307140	0.052385135283
0.328704447513	-0.504264539493	0.798542835667	-0.369615773315
0.000000000000	0.000000000000	0.000000000000	1.000000000000
6	33	57
0.481444901789	0.708475427308	-0.516016836394	1.005051612814
0.097135903532	0.541984322318	0.834756018611	-0.038827111280
0.871077162361	-0.452012791038	0.192117188068	2.235854643656
0.000000000000	0.000000000000	0.000000000000	1.000000000000
6	34	57
0.779544034843	0.134732904045	-0.611684675555	1.018667514607
-0.088701959673	0.990494862743	0.105127965971	-0.218778654216
0.620034724908	-0.027694249345	0.784085434415	1.706588910655
0.000000000000	0.000000000000	0.000000000000	1.000000000000
6	35	57
0.751635002102	0.428485548400	-0.501442876535	0.902227072901
0.069848939798	0.704262252170	0.706495439318	-0.080499134501
0.655870375321	-0.566051954312	0.499418898116	2.152713584995
0.000000000000	0.000000000000	0.000000000000	1.000000000000
6	36	57
0.201029849229	0.964001861825	0.174032784602	0.751413013613
-0.889310950218	0.254094521935	-0.380213108330	2.588360924813
-0.410746921524	-0.078335077201	0.908377995186	0.313680528701
0.000000000000	0.000000000000	0.000000000000	1.000000000000
6	37	57
0.510755283213	0.697342105862	0.502834990888	-0.301378132496
-0.121775543571	0.637662254152	-0.760629717154	3.771809236306
-0.851058022498	0.327262642263	0.410608579210	1.073358446974
0.000000000000	0.000000000000	0.000000000000	1.000000000000
7	8	57
0.763660019481	0.006715303650	0.645583673387	-0.272340958614
0.344011544037	0.841937706452	-0.415688532466	0.165951115813
-0.546332712013	0.539532949088	0.640644023333	-0.340756609789
0.000000000000	0.000000000000	0.000000000000	1.000000000000
7	9	57
0.556798241768	-0.292493873993	0.777446494391	0.053043867215
0.519293339716	0.853075036346	-0.050964788721	0.252815956682
-0.648313307970	0.432099891275	0.626880801006	-0.445017134097
0.000000000000	0.000000000000	0.000000000000	1.000000000000
7	10	57
0.924114248744	-0.023380990221	0.381400294394	0.847308643330
0.163128124574	0.926740491927	-0.338439471096	0.793884615463
-0.345546046484	0.374973852313	0.860228190564	-1.286021543431
0.000000000000	0.000000000000	0.000000000000	1.000000000000
7	11	57
0.682941244152	0.307408571153	-0.662639590892	1.197961558733
-0.493644849296	0.862872642400	-0.108469192678	0.672790756590
0.538429215217	0.401186706383	0.741041973725	-1.267553729385
0.000000000000	0.000000000000	0.000000000000	1.000000000000
7	13	57
0.734169681697	0.314841236238	-0.601556210542	1.172603874123
-0.366710490952	0.929519896773	0.038938121793	0.715883459212
0.571417793128	0.192009784820	0.797880911057	-1.157520971000
0.000000000000	0.000000000000	0.000000000000	1.000000000000
7	18	57
0.446410470252	0.504640216834	-0.738955982182	0.862464160293
-0.466011133954	0.836092222147	0.289453656217	-0.364806150017
0.763905305048	0.215146572411	0.608408281748	0.289765548906
0.000000000000	0.000000000000	0.000000000000	1.000000000000
7	20	57
0.977487508341	-0.100354786417	0.185599266917	1.322787980061
0.100019330683	0.994922523976	0.011193961563	-0.650777193239
-0.185780258711	0.007621556856	0.982561757522	0.641413971680
0.000000000000	0.000000000000	0.000000000000	1.000000000000
7	21	57
0.996579936261	0.016934652003	-0.080880456246	1.534299013382
-0.044814322108	0.933099640419	-0.356814710438	-0.623412327684
0.069426991690	0.359218984203	0.930667295124	0.452250923559
0.000000000000	0.000000000000	0.000000000000	1.000000000000
7	22	57
0.227061042250	0.588019854046	-0.776322055812	1.322282450687
-0.481149944344	0.760794372592	0.435530313171	-0.483739592065
0.846721922564	0.274635347107	0.455672483226	0.341562879877
0.000000000000	0.000000000000	0.000000000000	1.000000000000
7	29	57
-0.832632574015	0.036410668133	0.552627596067	-0.920763991212
0.504193959219	0.462704776661	0.729172641520	-0.868154751860
-0.229153765353	0.885764389045	-0.403621108124	1.324236595088
0.000000000000	0.000000000000	0.000000000000	1.000000000000
7	30	57
0.488169763707	-0.584543324619	0.648073594158	-0.866980004395
0.619226911174	0.755264844127	0.214786050998	-0.756799374128
-0.615018954407	0.296452554161	0.730662417845	1.234529787414
0.000000000000	0.000000000000	0.000000000000	1.000000000000
7	31	57
0.591382959806	0.072937764474	0.803085473262	-1.160597866816
0.487502642773	0.760965428999	-0.428103713087	-0.913756037184
-0.642345209479	0.644679531537	0.414464634773	1.337938808357
0.000000000000	0.000000000000	0.000000000000	1.000000000000
7	32	57
-0.889777441517	-0.129857071111	0.437530851084	-0.774224496076
0.419619988836	0.144246907066	0.896165104638	-1.181066426142
-0.179485847735	0.980984184829	-0.073857021186	1.650971341777
0.000000000000	0.000000000000	0.000000000000	1.000000000000
7	36	57
-0.525753904108	0.622210418221	-0.580031919615	1.757952863656
-0.569960097560	0.248499541479	0.783194398010	-2.165320461843
0.631449380002	0.742362561921	0.223985506571	2.718123975058
0.000000000000	0.000000000000	0.000000000000	1.000000000000
7	37	57
-0.278343587735	0.660226250431	-0.697585941235	1.868641729310
-0.550496137367	0.485498342794	0.679150470727	-2.564385250211
0.787069787192	0.573055544766	0.228316650078	2.840033776176
0.000000000000	0.000000000000	0.000000000000	1.000000000000
8	10	57
0.947924250035	0.114106769028	-0.297353764827	1.502539780661
-0.039151312143	0.968285096823	0.246761313879	-0.129961360777
0.316080355214	-0.222269243333	0.922328353959	-0.063031216735
0.000000000000	0.000000000000	0.000000000000	1.000000000000
8	19	57
0.302363853259	0.284790321455	-0.909654095274	2.107735361352
-0.173716374197	0.954805239339	0.241183698179	-0.155998726076
0.937229279087	0.085096578880	0.338171333328	0.144150789843
0.000000000000	0.000000000000	0.000000000000	1.000000000000
8	20	57
0.871650304191	0.273774372442	-0.406538239527	0.403675416084
0.037224445471	0.790079006230	0.611873765228	-0.230323581964
0.488712684369	-0.548473114116	0.678481506917	2.235286750808
0.000000000000	0.000000000000	0.000000000000	1.000000000000
8	21	57
0.674187477537	0.143945676308	-0.724396912890	0.760907335601
-0.016722024600	0.983546673374	0.179878612368	-0.204729354389
0.738370922386	-0.109158524938	0.665501913903	2.068938993117
0.000000000000	0.000000000000	0.000000000000	1.000000000000
8	26	57
0.303606574714	-0.402661977970	0.863531342389	-1.058097462186
0.152091664709	0.915171567772	0.373268170446	-0.035827465784
-0.940580232259	0.018009248714	0.339093635512	1.208421525148
0.000000000000	0.000000000000	0.000000000000	1.000000000000
8	31	57
0.987834951688	-0.099991133627	0.119096101618	-1.571651991221
0.117987144807	0.980818621071	-0.155157552899	0.001699581804
-0.101297294558	0.167321862760	0.980684583522	0.786898868094
0.000000000000	0.000000000000	0.000000000000	1.000000000000
9	14	57
0.996427426023	0.003309310947	0.084388584122	0.933402716920
0.003673676394	0.996587713942	-0.082458671595	0.056657053443
-0.084373507517	0.082474098240	0.993015173272	-0.290985328196
0.000000000000	0.000000000000	0.000000000000	1.000000000000
9	19	57
0.161941050508	0.318397571864	-0.934022527775	1.561588077279
-0.509522062627	0.837561717302	0.197174129659	-0.202471192756
0.845081276480	0.443974499202	0.297866211917	0.141021386410
0.000000000000	0.000000000000	0.000000000000	1.000000000000
9	20	57
0.690605977500	0.485227788193	-0.536299708565	-0.476390486938
-0.306512204850	0.868011842342	0.390647807921	-0.711867306061
0.655067669878	-0.105401305115	0.748182406075	1.800229506710
0.000000000000	0.000000000000	0.000000000000	1.000000000000
9	21	57
0.629387305789	0.362972590207	-0.687111721680	1.563758215485
-0.438704235421	0.895793540636	0.071361939286	-0.410693862633
0.641412669921	0.256524523806	0.723038695749	0.348247532087
0.000000000000	0.000000000000	0.000000000000	1.000000000000
9	24	57
0.131744825194	-0.268156009732	0.954324711762	-0.563931398019
0.441486101426	0.877837881351	0.185716655990	-0.444114218710
-0.887543420505	0.396853888111	0.234037749538	1.337967004205
0.000000000000	0.000000000000	0.000000000000	1.000000000000
9	25	57
0.223153293178	-0.381604775242	0.896984059645	-0.826832120949
0.466354393265	0.849840877715	0.245528129645	-0.253013912182
-0.855988427273	0.363522046206	0.367607853965	0.706126145969
0.000000000000	0.000000000000	0.000000000000	1.000000000000
9	29	57
0.021538038893	-0.262194202919	0.964774747201	-2.467121683708
0.496623641977	0.840328139653	0.217286851733	0.183550362876
-0.867698721395	0.474450015979	0.148310860114	0.394569486369
0.000000000000	0.000000000000	0.000000000000	1.000000000000
9	31	57
-0.959114101280	-0.159501157137	0.233793758681	-0.502277415490
-0.281710817985	0.617381137794	-0.734492713188	1.414725096405
-0.027187419082	-0.770324549504	-0.637072156569	4.939652580651
0.000000000000	0.000000000000	0.000000000000	1.000000000000
10	13	57
0.550746537821	0.304914671842	-0.776984745007	-0.000246496743
-0.096714331778	0.947928012666	0.303444922237	0.010374207808
0.829050414092	-0.091975679927	0.551557689816	0.080958980278
0.000000000000	0.000000000000	0.000000000000	1.000000000000
10	14	57
0.775786354179	-0.245113119239	0.581442251171	-0.375408025722
0.235715323971	0.967334291848	0.093288015628	0.138448640112
-0.585315144786	0.064683279073	0.808221661856	-0.153287215969
0.000000000000	0.000000000000	0.000000000000	1.000000000000
10	19	57
0.776325892040	0.138223503915	-0.614989733503	0.339173272883
-0.227802173021	0.971240343515	-0.069270232386	0.104185359410
0.587728065788	0.193872272627	0.785486640619	-0.124784173724
0.000000000000	0.000000000000	0.000000000000	1.000000000000
10	20	57
0.971766857079	0.109043929210	-0.209233355337	-0.285220543149
-0.004143314103	0.894545570908	0.446957553373	-0.727062584145
0.235906779113	-0.433471617377	0.869741541205	2.442677573120
0.000000000000	0.000000000000	0.000000000000	1.000000000000
10	21	57
0.959161883249	0.127869129068	-0.252305306234	0.624641544306
-0.135379918958	0.990714120733	-0.012562186248	-0.026090092281
0.248356113807	0.046206242130	0.967566134134	0.105519970190
0.000000000000	0.000000000000	0.000000000000	1.000000000000
10	23	57
-0.467069278504	0.404633470416	-0.786204835712	1.105521137623
0.171740797000	-0.830703237236	-0.529563244846	1.507162716970
-0.867381915723	-0.382366167783	0.318503886964	1.025226560845
0.000000000000	0.000000000000	0.000000000000	1.000000000000
10	24	57
-0.484210389807	-0.299024662024	0.822267930728	-0.616543433218
0.338650159108	0.802487755838	0.491252960771	-0.530324188458
-0.806756696990	0.516330953200	-0.287308159698	2.030825099919
0.000000000000	0.000000000000	0.000000000000	1.000000000000
10	25	57
-0.374877097997	-0.412368162765	0.830312989020	-1.201090099287
0.382799564751	0.746859386827	0.543751367386	-0.499193267731
-0.844352802224	0.521683385441	-0.122126126322	1.589694196817
0.000000000000	0.000000000000	0.000000000000	1.000000000000
10	29	57
-0.930202439054	0.305608793280	-0.203289664880	-1.185378693298
-0.091207331977	-0.728935554336	-0.678479314510	1.862822090474
-0.355534309133	-0.612581605253	0.705931393221	0.548422305570
0.000000000000	0.000000000000	0.000000000000	1.000000000000
11	17	57
-0.256301789296	0.543189493799	-0.799533968403	0.947000307132
-0.183015641040	0.784930801494	0.591936577684	-0.493279980068
0.949112568634	0.298041625770	-0.101766995483	1.716222592665
0.000000000000	0.000000000000	0.000000000000	1.000000000000
11	18	57
0.928311311960	0.172778924691	-0.329219609484	1.104679968634
-0.042053152683	0.928576490910	0.368750908988	-0.480309729396
0.369417975247	-0.328470917606	0.869273959032	1.503714798311
0.000000000000	0.000000000000	0.000000000000	1.000000000000
11	27	57
-0.882110161613	0.377899946710	-0.281199738717	0.662647394437
0.010507867808	0.612610536541	0.790315073393	-0.802966760184
0.470925946930	0.694190147434	-0.544360902079	3.069982427581
0.000000000000	0.000000000000	0.000000000000	1.000000000000
11	28	57
-0.776275766167	0.214852869873	-0.592650132177	0.628352982549
0.000623618207	0.940388593905	0.340101313661	-0.821376148156
0.630393167763	0.263642820424	-0.730134862390	3.606567848749
0.000000000000	0.000000000000	0.000000000000	1.000000000000
11	32	57
0.949307832909	-0.245953048012	0.195759384322	-1.568500796501
0.136049312778	0.882866501520	0.449485622669	0.007336208657
-0.283381761710	-0.400067292673	0.871573828464	1.035946432530
0.000000000000	0.000000000000	0.000000000000	1.000000000000
12	15	57
-0.245614680143	0.655403245533	-0.714226864969	0.634113159735
-0.268140144592	0.662112445745	0.699791377518	-0.290721940633
0.931544036402	0.363391930200	0.013115384443	0.525358513626
0.000000000000	0.000000000000	0.000000000000	1.000000000000
12	23	57
0.496180271136	0.361259413527	-0.789491465865	2.143524731908
-0.332612200728	0.919041475779	0.211499148283	0.530669497946
0.801981460174	0.157652789177	0.576169537205	-0.551118072961
0.000000000000	0.000000000000	0.000000000000	1.000000000000
12	27	57
0.532248284509	0.540644276511	-0.651471818203	2.795846396433
-0.218598354861	0.831196777632	0.511201209023	-0.314800406598
0.817879283813	-0.129675298844	0.560587008394	-0.107378910438
0.000000000000	0.000000000000	0.000000000000	1.000000000000
12	28	57
0.515709494939	0.184251503463	-0.836716857904	3.672201785549
-0.266673217985	0.962610324719	0.047610477357	-0.403440140219
0.814204588319	0.198576801808	0.545562225731	0.383848874652
0.000000000000	0.000000000000	0.000000000000	1.000000000000
12	29	57
0.162242783990	0.372215519384	-0.913856053311	3.374540375245
-0.184625407548	0.921221878526	0.342437891321	-0.186316408534
0.969324887708	0.113162969451	0.218182044207	-0.033704293532
0.000000000000	0.000000000000	0.000000000000	1.000000000000
13	25	57
-0.860372480836	0.315199171342	-0.400510519968	1.021384164917
0.027788670915	-0.755649438876	-0.654386518271	1.278338324633
-0.508907637974	-0.574145807188	0.641381016323	0.013694051185
0.000000000000	0.000000000000	0.000000000000	1.000000000000
13	26	57
0.747353303597	-0.251235851652	0.615096404189	-0.351169281094
0.297360924331	0.954339662618	0.028500684810	-0.852041400948
-0.594171288673	0.161605554355	0.787936624684	1.771349791003
0.000000000000	0.000000000000	0.000000000000	1.000000000000
14	15	57
0.210653932765	-0.487463781977	0.847351156175	-0.453159387173
0.493481487517	0.801276812997	0.338277239008	-0.086234590368
-0.843860736193	0.346892678237	0.409346464132	0.359229304673
0.000000000000	0.000000000000	0.000000000000	1.000000000000
14	29	57
0.158666924595	-0.394305609389	0.905178376589	-3.245126393234
0.434306814441	0.851204959472	0.294665416873	-0.013541776324
-0.886680550125	0.346371481757	0.306307686249	0.117696633029
0.000000000000	0.000000000000	0.000000000000	1.000000000000
15	24	57
0.998566598156	0.050847557872	0.016711520140	-1.326937531194
-0.049027966354	0.994220926306	-0.095503969603	0.577468242463
-0.021471086655	0.094547742190	0.995288760554	-0.709289213027
0.000000000000	0.000000000000	0.000000000000	1.000000000000
15	25	57
0.984997121008	0.089052511371	-0.147818543578	-0.563047274512
-0.099570443492	0.992883146509	-0.065335933158	0.716773280054
0.140948211729	0.079074063999	0.986854038859	-1.009111925163
0.000000000000	0.000000000000	0.000000000000	1.000000000000
17	18	57
-0.082432955604	0.517277716201	-0.851838348604	2.399209136816
-0.475919410648	0.730555040140	0.489683620203	-1.056290991682
0.875617223676	0.445772472959	0.185960694646	1.733776234344
0.000000000000	0.000000000000	0.000000000000	1.000000000000
17	22	57
0.411304249468	-0.516987415111	0.750701556536	-0.488750169048
0.513619542320	0.811841423578	0.277684116776	0.254349695753
-0.753009814090	0.271362332647	0.599448666947	-0.453918176963
0.000000000000	0.000000000000	0.000000000000	1.000000000000
17	27	57
0.653797207167	0.412255868848	-0.634503199756	1.576453417390
-0.305296222222	0.910983660495	0.277313878139	0.066400331617
0.692346321286	0.012404390838	0.721458732354	-0.085940245389
0.000000000000	0.000000000000	0.000000000000	1.000000000000
17	29	57
0.326532592485	0.228751094417	-0.917087456488	2.081984197109
-0.199441074703	0.965100993961	0.169715435883	-0.015126722044
0.923904607504	0.127487286655	0.360759293677	0.184982241172
0.000000000000	0.000000000000	0.000000000000	1.000000000000
17	32	57
0.590593621208	0.515481555085	-0.620868698643	2.081595185940
-0.271142572219	0.851413737924	0.448972551950	0.273302414796
0.760053208742	-0.096816389319	0.642608517404	-0.503040726998
0.000000000000	0.000000000000	0.000000000000	1.000000000000
18	19	57
0.816907008401	-0.034974249665	0.575708034932	0.158265731859
0.303645126268	0.874714845754	-0.377721558706	0.108011617551
-0.490369836876	0.483374327492	0.725180448305	-0.341448676426
0.000000000000	0.000000000000	0.000000000000	1.000000000000
18	27	57
-0.684381836928	0.492223953180	-0.537900623906	0.329718110637
-0.301876546378	0.480246694813	0.823549429523	-0.888877695571
0.663695752608	0.726001854017	-0.180081248145	1.587490346033
0.000000000000	0.000000000000	0.000000000000	1.000000000000
18	28	57
-0.418006978024	0.311289326445	-0.853445441469	0.416035498819
-0.392778298547	0.785179447662	0.478767629606	-1.147072615329
0.819143073287	0.535343058431	-0.205942796127	1.689005721724
0.000000000000	0.000000000000	0.000000000000	1.000000000000
18	32	57
-0.693876409910	0.634618286645	-0.340286876071	0.718858713281
-0.130893788432	0.353529700485	0.926220042444	-1.195872206275
0.708097693768	0.687223676201	-0.162238327622	1.923458491290
0.000000000000	0.000000000000	0.000000000000	1.000000000000
18	33	57
0.523725875249	0.689723532761	-0.499992655897	0.834085619441
-0.333223875319	0.706023034443	0.624894650124	-1.232829677638
0.784010877802	-0.160664007145	0.599594880145	1.979017738968
0.000000000000	0.000000000000	0.000000000000	1.000000000000
18	35	57
0.752934619794	0.447369414897	-0.482649008007	0.707564688714
-0.306451212734	0.887379122903	0.344450208955	-1.200590346298
0.582389141837	-0.111440113289	0.805235362252	1.874432017129
0.000000000000	0.000000000000	0.000000000000	1.000000000000
18	36	57
0.801637056058	-0.417253597713	0.428109174802	-1.359908396859
0.369613794429	0.908785114311	0.193636925646	-0.021648368601
-0.469854949236	0.003008521509	0.882738509116	0.364505072947
0.000000000000	0.000000000000	0.000000000000	1.000000000000
19	20	57
0.763399238671	-0.401236390918	0.506192612549	0.324050937629
0.119316206214	0.857778480825	0.499979720357	0.027746874806
-0.634811188725	-0.321287155729	0.702701443170	0.235766498479
0.000000000000	0.000000000000	0.000000000000	1.000000000000
19	30	57
-0.141294070057	-0.671815712932	0.727117345154	-1.294058543742
0.262244598140	0.682846365983	0.681871403719	-0.238076790293
-0.954601359999	0.287026981868	0.079697899389	2.112446173024
0.000000000000	0.000000000000	0.000000000000	1.000000000000
19	35	57
0.043795472683	0.588155986348	0.807560828851	-2.142663149699
-0.993573212729	0.110093686728	-0.026299260257	-0.381404484311
-0.104375416262	-0.801219018662	0.589197637992	2.174197585550
0.000000000000	0.000000000000	0.000000000000	1.000000000000
19	36	57
0.911472242093	0.134633178786	-0.388705877320	-0.775710158018
-0.198815474178	-0.683055834922	-0.702785268490	0.634531469787
-0.360126032273	0.717850007696	-0.595819274051	3.817120527331
0.000000000000	0.000000000000	0.000000000000	1.000000000000
19	37	57
0.160968094716	0.866721463394	-0.472105049089	0.774471332726
-0.982341807164	0.094478206046	-0.161488211580	0.579489509029
-0.095361660958	0.489762976831	0.866624705478	0.234536560702
0.000000000000	0.000000000000	0.000000000000	1.000000000000
22	27	57
-0.369509647195	-0.568441348654	0.735076223102	-1.495994531564
-0.587826769424	-0.469668462745	-0.658689019380	1.986502255777
0.719668194225	-0.675489428669	-0.160598013619	2.669078632256
0.000000000000	0.000000000000	0.000000000000	1.000000000000
22	33	57
0.763968050273	0.518279820616	-0.384368112238	1.083368614960
-0.264333767420	0.794786946582	0.546297875655	-1.349333305168
0.588625923286	-0.315752651748	0.744190691523	1.951793968223
0.000000000000	0.000000000000	0.000000000000	1.000000000000
22	35	57
0.930937099124	0.214483583173	-0.295555257142	0.994487170006
-0.142473942283	0.958526372081	0.246836726999	-1.325382518825
0.336239934043	-0.187680543943	0.922886081908	1.891858691864
0.000000000000	0.000000000000	0.000000000000	1.000000000000
23	24	57
0.613292004159	0.390752943082	-0.686429206188	0.474710890037
-0.366572639933	0.910604525480	0.190850459334	-0.087314822917
0.699640920249	0.134579105540	0.701705812335	0.064483983491
0.000000000000	0.000000000000	0.000000000000	1.000000000000
23	25	57
0.516652454863	0.428531476112	-0.741236139746	1.096830571725
-0.335513742203	0.897825201957	0.285202446562	-0.335862601273
0.787718712281	0.101344366953	0.607641793831	0.361471542523
0.000000000000	0.000000000000	0.000000000000	1.000000000000
23	26	57
0.150730724413	0.494637603309	-0.855928671158	1.866850184682
-0.363452326059	0.832909329524	0.417330151647	-0.135056013083
0.919338161614	0.248184790395	0.305322214089	0.003170138575
0.000000000000	0.000000000000	0.000000000000	1.000000000000
23	29	57
0.669876910492	0.263522017118	-0.694133323853	2.678216062710
-0.289448556571	0.953614470363	0.082698095579	0.064875624593
0.683728350947	0.145518343887	0.715080382687	-0.350991896301
0.000000000000	0.000000000000	0.000000000000	1.000000000000
25	27	57
-0.567007981187	-0.299931677788	0.767165521859	-2.243233281852
0.523985640554	0.587281307861	0.616879010771	-0.338439821908
-0.635563527716	0.751759039917	-0.175833296451	1.399091832090
0.000000000000	0.000000000000	0.000000000000	1.000000000000
25	29	57
0.967851866649	-0.120169974722	0.220956876786	-0.020238895338
0.143425015635	0.985342883734	-0.092350778906	0.804389877954
-0.206620495386	0.121072617259	0.970901329815	-1.498490562218
0.000000000000	0.000000000000	0.000000000000	1.000000000000
25	32	57
0.820649854724	-0.485918942901	0.300693526487	-0.516055761046
0.434782734255	0.872428044853	0.223233690440	1.114583962901
-0.370806944291	-0.052460342011	0.927227114887	-1.631128315437
0.000000000000	0.000000000000	0.000000000000	1.000000000000
26	27	57
0.605361376962	-0.434448905795	0.666927096118	-0.204013151914
0.435640401318	0.882103765963	0.179193713098	0.314778520283
-0.666149415689	0.182063434899	0.723255046059	-0.422530171676
0.000000000000	0.000000000000	0.000000000000	1.000000000000
26	32	57
0.613120385461	-0.576920149175	0.539672617805	-0.859804284950
0.469389984072	0.815517930425	0.338531457930	0.365747191059
-0.635418315589	0.045756383499	0.770811207484	-0.683989487735
0.000000000000	0.000000000000	0.000000000000	1.000000000000
28	33	57
0.586913298318	-0.683775315181	0.433571330471	0.103492707665
0.337685271910	0.693435906697	0.636486685201	0.254892301509
-0.735867812445	-0.227151847124	0.637887608405	-0.466825825451
0.000000000000	0.000000000000	0.000000000000	1.000000000000
32	33	57
0.313343310963	-0.671216679644	0.671776851672	0.011802215926
0.744745122867	0.612602425351	0.264712996318	0.150960813995
-0.589211907076	0.417356487216	0.691840220816	-0.099673529401
0.000000000000	0.000000000000	0.000000000000	1.000000000000
35	36	57
0.289084802334	0.649761867499	0.703021687150	-1.255895426591
-0.296430792603	-0.637524389664	0.711119847691	-0.874139424914
0.910252032272	-0.413971216545	0.008310813217	0.353992983004
0.000000000000	0.000000000000	0.000000000000	1.000000000000
35	37	57
0.998500578580	0.054435701849	0.005774854022	0.020627632576
-0.051866857181	0.974527525203	-0.218187835931	1.401782010668
-0.017504962182	0.217561156888	0.975889706531	-1.269970430683
0.000000000000	0.000000000000	0.000000000000	1.000000000000
36	38	57
0.959281458475	0.212712223936	-0.185829473484	0.321359137218
-0.218560478717	0.975757628335	-0.011329955381	-0.629110340885
0.178914506315	0.051483594806	0.982516686319	0.582390704928
0.000000000000	0.000000000000	0.000000000000	1.000000000000
36	39	57
0.963621149183	0.200448193809	-0.176790278142	0.955658860910
-0.195534386195	0.979665052677	0.044974307981	-0.561713854924
0.182210275951	-0.008769615819	0.983220478416	0.348223063310
0.000000000000	0.000000000000	0.000000000000	1.000000000000
36	42	57
-0.036714773861	-0.724635039989	0.688154113699	0.392854654308
0.843652638221	0.346619772489	0.410006047935	-0.937027295346
-0.535632571269	0.595616312856	0.598614196671	0.985786717293
0.000000000000	0.000000000000	0.000000000000	1.000000000000
36	53	57
0.505249209417	-0.578615255769	0.640255903663	0.518411819318
0.531604597429	0.793118761148	0.297252725316	-0.367330880743
-0.679793930817	0.190176277455	0.708317157153	0.055008287061
0.000000000000	0.000000000000	0.000000000000	1.000000000000
36	55	57
0.552098060297	-0.578693427707	0.600251321153	0.170115602430
0.578631986915	0.784259419824	0.223879847544	0.142013843287
-0.600310549245	0.223720985039	0.767838632343	-0.259629520945
0.000000000000	0.000000000000	0.000000000000	1.000000000000
36	56	57
-0.021967751491	0.286799255178	-0.957738797963	2.439302436368
-0.591498618085	0.768588156931	0.243724495752	-1.257569554428
0.806006701398	0.571855254636	0.152757209475	0.567752543580
0.000000000000	0.000000000000	0.000000000000	1.000000000000
37	38	57
0.799290993721	0.392554590218	-0.455010770262	0.111942540134
-0.341554327712	0.919728399071	0.193494995189	-0.670214652117
0.494443675839	0.000752090754	0.869209345200	1.034235522439
0.000000000000	0.000000000000	0.000000000000	1.000000000000
37	39	57
0.206437493428	0.673186466041	-0.710072914035	0.303907042393
-0.452302464077	0.709169653024	0.540833508780	-1.088299906311
0.867643960560	0.209519414778	0.450883102959	1.628000292277
0.000000000000	0.000000000000	0.000000000000	1.000000000000
37	41	57
0.928379711055	0.192376618775	-0.317965955175	-0.098500533441
-0.084593481906	0.942522853474	0.323256265984	-0.932542966036
0.361877126827	-0.273206711535	0.891292902390	1.617570760250
0.000000000000	0.000000000000	0.000000000000	1.000000000000
37	42	57
0.279137502829	-0.747132257769	0.603221057254	-0.034777469150
0.682424228244	0.596294465036	0.422764808935	-0.970930992580
-0.675558603838	0.293643151407	0.676309302325	1.510233497027
0.000000000000	0.000000000000	0.000000000000	1.000000000000
37	55	57
0.799347279873	-0.488459914995	0.349929760956	0.466488194265
0.409473402964	0.869030833232	0.277699375508	-0.061480298672
-0.439744765091	-0.078691310418	0.894668776274	0.066069109815
0.000000000000	0.000000000000	0.000000000000	1.000000000000
37	56	57
-0.349555148326	0.220694143644	-0.910552191387	2.071571133014
-0.491319071966	0.784333799102	0.378716333300	-1.436559942311
0.797757336413	0.579753901709	-0.165736675639	1.722221946658
0.000000000000	0.000000000000	0.000000000000	1.000000000000
38	55	57
0.287782678835	-0.712444242458	0.640003383703	-1.131074040639
0.616857422715	0.649081220511	0.445174672709	0.090340947235
-0.732576309884	0.266677277938	0.626270851651	-0.097707760742
0.000000000000	0.000000000000	0.000000000000	1.000000000000
40	41	57
0.515396815918	-0.679339105489	0.522364338269	-0.027589827309
0.180603944199	0.681977973940	0.708722977193	0.243433899957
-0.837704206437	-0.270932506012	0.474180598195	0.627036069242
0.000000000000	0.000000000000	0.000000000000	1.000000000000
41	42	57
0.993026688665	0.117144314982	-0.013236505079	-0.842239685309
-0.117550643417	0.992419237245	-0.035859500535	1.364121366801
0.008935425648	0.037165400762	0.999269178527	-0.628307288380
0.000000000000	0.000000000000	0.000000000000	1.000000000000
41	53	57
0.799076346992	0.578592022418	-0.163426629629	0.128574034251
-0.184005938718	-0.023428787200	-0.982645870315	1.917779426373
-0.572379949154	0.815280542835	0.087742978530	1.795252370043
0.000000000000	0.000000000000	0.000000000000	1.000000000000
41	55	57
0.748562610801	0.647607893116	-0.142330722206	1.803320740061
-0.661935417156	0.742388274921	-0.103446376327	0.000297777120
0.038671969503	0.171649835518	0.984398706186	-0.860859372632
0.000000000000	0.000000000000	0.000000000000	1.000000000000
42	53	57
0.252567078595	-0.616759477157	0.745531768704	-0.703219522959
0.816438862692	0.549351975414	0.177876335117	-0.081275273197
-0.519266265317	0.563755403030	0.642294629636	0.103241383575
0.000000000000	0.000000000000	0.000000000000	1.000000000000
42	55	57
-0.844379975007	0.283931098479	-0.454318818809	0.401411771984
0.475252855761	0.005528839099	-0.879831890209	1.700346722948
-0.247299779416	-0.958828745530	-0.139607506411	2.293843447677
0.000000000000	0.000000000000	0.000000000000	1.000000000000
43	45	57
0.886749262075	-0.279517466738	0.368165359584	-0.020291163893
0.387821491433	0.883267896871	-0.263500119808	-0.405746486810
-0.251535756887	0.376440975645	0.891640036597	0.268812544435
0.000000000000	0.000000000000	0.000000000000	1.000000000000
43	48	57
0.972314006600	0.067045571501	-0.223853442929	0.028584828546
-0.217658150789	0.608430729980	-0.763175586750	-0.689350821720
0.085031770320	0.790769838928	0.606178735917	0.280564513555
0.000000000000	0.000000000000	0.000000000000	1.000000000000
43	49	57
0.251792810407	0.699579515605	-0.668721827050	-0.361639361063
-0.676885409924	0.621158007198	0.394954265613	-1.012486593298
0.691683831284	0.353201403507	0.629938287534	0.827041809384
0.000000000000	0.000000000000	0.000000000000	1.000000000000
43	53	57
-0.734176186644	0.425100027183	-0.529410326547	0.316304531339
-0.448452193780	-0.889061120496	-0.091983443705	-0.302219872616
-0.509780302541	0.169883168416	0.843364542905	0.119644835839
0.000000000000	0.000000000000	0.000000000000	1.000000000000
43	55	57
-0.925026627643	0.376429759923	-0.051248160913	-0.721165249452
-0.158469913928	-0.259730842751	0.952589720553	-1.038461051178
0.345272391789	0.889292148379	0.299910737220	0.747495139516
0.000000000000	0.000000000000	0.000000000000	1.000000000000
44	45	57
0.627594954853	-0.534722758285	0.565858767198	0.059008634763
0.102882349265	0.777408438945	0.620525052892	0.090342865165
-0.771712248739	-0.331221513233	0.542911147720	0.271757855355
0.000000000000	0.000000000000	0.000000000000	1.000000000000
44	47	57
-0.160099969520	-0.540762963499	0.825798654072	0.049923148261
0.089334446147	0.825219176721	0.557703027698	0.120337038588
-0.983050027461	0.163060503126	-0.083808805200	0.379069356020
0.000000000000	0.000000000000	0.000000000000	1.000000000000
44	52	57
0.944202655899	-0.003511114472	0.329346347586	0.539025527354
-0.070574999015	0.974560890982	0.212721036295	-0.018715694247
-0.321714957854	-0.224095385592	0.919935184700	0.079492092792
0.000000000000	0.000000000000	0.000000000000	1.000000000000
45	46	57
0.352444328662	-0.442686264812	0.824507044325	-0.190785597882
0.598979765733	0.783642390327	0.164705325735	-0.032811941888
-0.719031456500	0.435813578299	0.541350431360	0.051948805033
0.000000000000	0.000000000000	0.000000000000	1.000000000000
47	48	57
-0.031416523864	0.149495918272	-0.988263108918	-0.136402945517
-0.559066668715	0.816983575568	0.141358753475	-0.264292706996
0.828527284982	0.556945964769	0.057911401016	0.026501289908
0.000000000000	0.000000000000	0.000000000000	1.000000000000
47	56	57
0.422696906930	-0.110558245573	0.899502195221	-1.104641256145
0.751478569735	0.597537863085	-0.279693513347	0.447098332478
-0.506564195439	0.794182206118	0.335659558755	-0.257398242806
0.000000000000	0.000000000000	0.000000000000	1.000000000000
48	49	57
0.468340269820	0.518090648090	-0.715709069404	-0.249939409403
0.204684119440	0.724384108172	0.658310014413	0.202271789403
0.859512537962	-0.454807370421	0.233213320580	0.647782799962
0.000000000000	0.000000000000	0.000000000000	1.000000000000
49	54	57
-0.025032098446	-0.120262895019	0.992426435626	-2.177508665268
0.720183713133	0.686342686099	0.101336748400	-0.818150451639
-0.693331676317	0.717266026883	0.069430780601	1.653004536236
0.000000000000	0.000000000000	0.000000000000	1.000000000000
50	55	57
0.933734093098	0.264495630464	-0.241210913627	-0.003278822392
-0.177800585758	0.927517693066	0.328782421602	0.000092940677
0.310688904036	-0.264107914527	0.913082369993	0.162125840213
0.000000000000	0.000000000000	0.000000000000	1.000000000000
51	55	57
0.773351399412	0.471370680845	-0.423954353990	0.035211937303
-0.105661681284	0.755200032814	0.646922344294	0.120474124249
0.625110567928	-0.455502570440	0.633840820859	0.249668124615
0.000000000000	0.000000000000	0.000000000000	1.000000000000
52	53	57
-0.626703921388	-0.482470479443	0.611934989507	-1.717894844248
0.292838982612	0.581907372654	0.758702273566	-0.354075248630
-0.722140931661	0.654680109761	-0.223397467986	2.303599184278
0.000000000000	0.000000000000	0.000000000000	1.000000000000
52	54	57
-0.284161144491	-0.300400972089	0.910500796227	-1.919280311089
0.269728390907	0.886247421130	0.376579478569	-0.373313379034
-0.920053824023	0.352597170308	-0.170810410662	2.215140159628
0.000000000000	0.000000000000	0.000000000000	1.000000000000
54	55	57
0.997762395349	-0.056002781402	0.036522471196	-0.206224354506
0.035879044021	0.909427385109	0.414312111112	0.118813086252
-0.056417166068	-0.412074653053	0.909401772422	0.132784423871
0.000000000000	0.000000000000	0.000000000000	1.000000000000
