0	4	55
0.514800805484	-0.028354758198	0.856840789389	-0.480389584719
0.091404199906	0.995571464696	-0.021971138419	-0.279508142712
-0.852423253386	0.089629606556	0.515112735928	0.298852615423
0.000000000000	0.000000000000	0.000000000000	1.000000000000
0	9	55
0.678769138533	-0.334016501713	0.653991921325	-0.223669063932
0.080669222817	0.919095578795	0.385688726217	-0.261305898837
-0.729907482538	-0.209036584414	0.650798565849	-0.533957628949
0.000000000000	0.000000000000	0.000000000000	1.000000000000
0	11	55
0.927275023872	0.350244598890	-0.132248822494	-0.878717544329
-0.285147714161	0.889627157320	0.356727209598	-0.278083074060
0.242593922453	-0.293073782361	0.924800490312	0.087085273172
0.000000000000	0.000000000000	0.000000000000	1.000000000000
0	18	55
-0.577227470530	-0.149985236903	0.802691021488	-2.032494630972
0.211432897223	0.922013554251	0.324325663105	-0.376968419945
-0.788736063102	0.356924970390	-0.500499738536	2.210746454779
0.000000000000	0.000000000000	0.000000000000	1.000000000000
0	20	55
-0.496409997663	-0.037542999885	0.867275986857	-1.838121474310
0.174774304076	0.974284158271	0.142212241303	-0.524786747289
-0.850312329003	0.222173135418	-0.477082845053	2.300881059905
0.000000000000	0.000000000000	0.000000000000	1.000000000000
0	34	55
0.973555223299	-0.030483597796	0.226408872292	-2.217223041016
-0.039888128735	0.953151959839	0.299850427115	0.245225564564
-0.224942580169	-0.300951975771	0.926730135426	-0.505981062435
0.000000000000	0.000000000000	0.000000000000	1.000000000000
0	43	55
0.998103222020	0.004349158830	0.061408818676	0.384223643933
-0.039857872450	0.805867614637	0.590752687410	-0.378426163557
-0.046918100958	-0.592079785583	0.804512410909	-0.712170227393
0.000000000000	0.000000000000	0.000000000000	1.000000000000
0	46	55
0.815892782313	0.258655538819	-0.517123080135	0.032605538280
-0.145285707618	0.957378141451	0.249638052856	-0.124274069373
0.559652598432	-0.128547292893	0.818696868541	-0.158857911095
0.000000000000	0.000000000000	0.000000000000	1.000000000000
0	53	55
0.746852229594	0.203047559266	-0.633232529034	-0.109781099749
-0.111819094360	0.977030620318	0.181404677717	-0.052194636348
0.655521347698	-0.064675000096	0.752402091355	-0.284501968318
0.000000000000	0.000000000000	0.000000000000	1.000000000000
1	9	55
0.744200430366	-0.395551377832	0.538242349632	0.147853417157
0.101223860993	0.863283274581	0.494465082482	-0.446255035124
-0.660241962774	-0.313498158405	0.682495022157	-0.327753004184
0.000000000000	0.000000000000	0.000000000000	1.000000000000
1	11	55
0.915084716207	0.277784631067	-0.292328002262	-0.479615484296
-0.163044844956	0.917876655672	0.361827062980	-0.428741701860
0.368831046276	-0.283439841438	0.885226251073	0.178099035386
0.000000000000	0.000000000000	0.000000000000	1.000000000000
1	18	55
-0.492748221002	-0.289677809997	0.820540039910	-1.908559175554
0.119542321115	0.911487920278	0.393572616743	-0.598054638505
-0.861921588175	0.292021467674	-0.414505293399	2.179245364274
0.000000000000	0.000000000000	0.000000000000	1.000000000000
1	20	55
-0.362116563128	-0.151124343082	0.919800536875	-1.753987252132
0.106324373295	0.973632694231	0.201827907803	-0.662142978710
-0.926048984855	0.170882443957	-0.336500323916	2.200207441714
0.000000000000	0.000000000000	0.000000000000	1.000000000000
1	34	55
0.994080543515	-0.097293810384	0.048350671819	-1.745175150134
0.073723281725	0.930962127516	0.357595294799	-0.110726519932
-0.079804453110	-0.351913954812	0.932624156706	-0.615086178958
0.000000000000	0.000000000000	0.000000000000	1.000000000000
1	36	55
0.407936383072	-0.327576279373	0.852221619392	-1.355219573375
0.154683784632	0.944722555672	0.289088601601	-0.286798000690
-0.899811554793	0.013895106908	0.436057441016	0.590570756111
0.000000000000	0.000000000000	0.000000000000	1.000000000000
1	43	55
0.987499444456	0.050765912841	-0.149223554748	1.047609479793
0.055083415426	0.775878328387	0.628473258686	-0.434531228051
0.147684340887	-0.628836736866	0.763383058382	-0.388947087659
0.000000000000	0.000000000000	0.000000000000	1.000000000000
1	46	55
0.757413870658	0.191452238133	-0.624235747973	0.362130615072
-0.048071323889	0.969801874885	0.239109747372	-0.223400400974
0.651163095049	-0.151097200445	0.743744754377	0.022181681870
0.000000000000	0.000000000000	0.000000000000	1.000000000000
1	53	55
0.673698165787	0.182394561098	-0.716144542322	0.193022701198
-0.079580061654	0.981334145445	0.175072295842	-0.129717300054
0.734709327015	-0.060955057758	0.675637984228	-0.098603764381
0.000000000000	0.000000000000	0.000000000000	1.000000000000
2	18	55
-0.643629742531	-0.158323084544	0.748782048015	-1.273114243945
0.364528656692	0.796846925597	0.481823448597	-1.058659570481
-0.672948447490	0.583068416284	-0.455161080226	2.547246478379
0.000000000000	0.000000000000	0.000000000000	1.000000000000
2	19	55
0.000968231074	-0.158750541156	0.987318250723	-1.098795482062
0.413076721823	0.899210835639	0.144178691064	-1.227638448263
-0.910695714504	0.407698588116	0.066446797001	2.564538217543
0.000000000000	0.000000000000	0.000000000000	1.000000000000
2	20	55
-0.484483590054	-0.009737501140	0.874746152915	-1.166911946747
0.403854274597	0.884515981025	0.233523455357	-1.060123731029
-0.776000886506	0.466408255055	-0.424600946488	2.451779905507
0.000000000000	0.000000000000	0.000000000000	1.000000000000
2	21	55
-0.848036031247	-0.097227649138	0.520943062099	-1.276529516357
0.318683468811	0.691851564940	0.647906057077	-0.927240545972
-0.423409655549	0.715463623348	-0.555730210852	2.407924506602
0.000000000000	0.000000000000	0.000000000000	1.000000000000
2	36	55
0.273593529080	-0.205531705554	0.939629341207	-1.002803971009
0.371194148530	0.923786616190	0.093985061823	-0.260903372135
-0.887333919640	0.323071208498	0.329034206879	0.999371532452
0.000000000000	0.000000000000	0.000000000000	1.000000000000
2	43	55
0.986628302423	0.006068481120	0.162873467438	0.798116656614
-0.074871300523	0.904503553786	0.419842362734	-0.418830664960
-0.144771824663	-0.426422905958	0.892863160881	-0.422302699627
0.000000000000	0.000000000000	0.000000000000	1.000000000000
2	47	55
0.636162803539	0.392268305692	-0.664396315270	-0.017669320391
-0.346834227766	0.914596131037	0.207894048839	-0.011786104457
0.689204545722	0.098180921989	0.717884113708	0.254592327277
0.000000000000	0.000000000000	0.000000000000	1.000000000000
3	11	55
0.945798651929	0.250990815748	-0.206078917939	-0.166689123543
-0.127901228744	0.871171044293	0.474027728379	-0.356660514361
0.298506592380	-0.421977039655	0.856054433030	0.249908067541
0.000000000000	0.000000000000	0.000000000000	1.000000000000
3	18	55
-0.606623735003	-0.276280831728	0.745437151040	-1.359865710516
0.064146905510	0.917601478128	0.392291603086	-0.335130394890
-0.792396882026	0.285790883965	-0.538916275499	2.390923246624
0.000000000000	0.000000000000	0.000000000000	1.000000000000
3	20	55
-0.481746985942	-0.112604935322	0.869045436141	-1.231082235741
0.056031462837	0.985722192207	0.158783610500	-0.327484408679
-0.874517190630	0.125187412834	-0.468559275823	2.417280251645
0.000000000000	0.000000000000	0.000000000000	1.000000000000
3	34	55
0.977267863420	-0.098744863110	0.187608568928	-1.614712369570
-0.001011915274	0.882728783225	0.469881763099	-0.060969775931
-0.212005894148	-0.459390190660	0.862562550527	-0.423014719595
0.000000000000	0.000000000000	0.000000000000	1.000000000000
3	36	55
0.315742291869	-0.290824466259	0.903176580161	-1.068264882946
0.035492509758	0.954823322926	0.295046951770	-0.070589727014
-0.948180935727	-0.061102797176	0.311800194517	0.710042728391
0.000000000000	0.000000000000	0.000000000000	1.000000000000
3	43	55
0.998883945842	-0.046260947280	0.009528247224	0.996040597226
0.026041528588	0.707715213389	0.706017716156	-0.425471001267
-0.039404333863	-0.704981632026	0.708130070664	-0.523393386591
0.000000000000	0.000000000000	0.000000000000	1.000000000000
3	44	55
0.962483268330	-0.250059432898	0.105338683323	0.963807510040
0.179199494118	0.877299151766	0.445234477122	-0.354441315252
-0.203748618383	-0.409654095951	0.889196278769	-0.531248951767
0.000000000000	0.000000000000	0.000000000000	1.000000000000
3	46	55
0.820531478046	0.176429194933	-0.543691854557	0.621141818914
0.011680220892	0.945799318054	0.324541557292	-0.123465777428
0.571481990946	-0.272647004650	0.773997380409	-0.019149216597
0.000000000000	0.000000000000	0.000000000000	1.000000000000
3	53	55
0.733808124002	0.190942725063	-0.651971251585	0.497095061143
-0.004687504085	0.961089272682	0.276198184718	-0.114855414617
0.679340610043	-0.199620353876	0.706150160989	-0.083502868031
0.000000000000	0.000000000000	0.000000000000	1.000000000000
4	7	55
0.918118109641	-0.069336948048	0.390194213673	0.752316770327
-0.095583017443	0.916768703207	0.387813140052	-0.100477454081
-0.384607622812	-0.393354207370	0.835074514052	-0.418857469209
0.000000000000	0.000000000000	0.000000000000	1.000000000000
4	8	55
0.987343833979	-0.090504473711	0.130234763956	0.817376722757
-0.002835987796	0.810975017970	0.585073907640	-0.364571243384
-0.158568946132	-0.578038459332	0.800454513921	-0.240639753273
0.000000000000	0.000000000000	0.000000000000	1.000000000000
4	10	55
0.811221829687	0.311195576289	-0.495051973371	0.539987796221
-0.138670950868	0.924854217594	0.354139864439	-0.268540809858
0.568057664701	-0.218636660919	0.793415717059	-0.262978638205
0.000000000000	0.000000000000	0.000000000000	1.000000000000
4	19	55
0.903627867818	-0.023075058955	0.427696408866	-2.436454729528
-0.050240181906	0.985944562287	0.159340027045	-0.097313023187
-0.425361729149	-0.165471634278	0.889767687447	-0.085054494991
0.000000000000	0.000000000000	0.000000000000	1.000000000000
4	38	55
0.713279722396	-0.273091634759	0.645486635527	0.415617092164
-0.002080866233	0.920137474505	0.391589961577	-0.190116525102
-0.700876385403	-0.280656350431	0.655747135219	0.201105236990
0.000000000000	0.000000000000	0.000000000000	1.000000000000
4	39	55
0.999116649484	-0.040439718956	0.011425841495	1.041085002604
0.034097006193	0.939058122472	0.342063205837	-0.035484253284
-0.024562469171	-0.341371457139	0.939607478343	0.189231001832
0.000000000000	0.000000000000	0.000000000000	1.000000000000
4	40	55
0.999448737889	0.016274862561	0.028936986366	1.313936544446
-0.031536096448	0.737837676803	0.674241082485	-0.334496023177
-0.010377617844	-0.674781958516	0.737944180483	0.130002206083
0.000000000000	0.000000000000	0.000000000000	1.000000000000
4	41	55
0.999616770330	0.025155537036	-0.011554714680	1.299805168708
-0.003556703261	0.530654351660	0.847580856866	-0.602020957594
0.027452911263	-0.847214942043	0.530540459949	0.381639574694
0.000000000000	0.000000000000	0.000000000000	1.000000000000
4	43	55
0.399304265198	0.757317869392	-0.516745342015	1.160734941668
-0.186786702391	0.619006291913	0.762851190195	-0.570583363892
0.897589456046	-0.208088575545	0.388628760031	0.414188937906
0.000000000000	0.000000000000	0.000000000000	1.000000000000
4	44	55
0.635086536841	0.374595432965	-0.675531903262	1.209318055316
0.057041980699	0.849410322732	0.524641130750	-0.550203848607
0.770331943490	-0.371726196600	0.518081394764	0.409087457198
0.000000000000	0.000000000000	0.000000000000	1.000000000000
4	45	55
0.407552088309	0.549061009149	-0.729680274878	1.075413287977
-0.181093658771	0.831777724658	0.524738890798	-0.404312291250
0.895045463688	-0.081717960051	0.438424215729	0.297259122787
0.000000000000	0.000000000000	0.000000000000	1.000000000000
5	36	55
0.957719244958	0.171564121074	-0.230953675437	-0.450177837401
-0.114438285468	0.963675887817	0.241314446435	0.124439358056
0.263965389127	-0.204681546798	0.942564447528	-1.181074921601
0.000000000000	0.000000000000	0.000000000000	1.000000000000
5	42	55
0.359385994006	0.809121581365	-0.464934375887	0.736098889112
-0.110787987602	0.531691254690	0.839660902680	-0.524827900902
0.926589299051	-0.250253224266	0.280723341796	0.610969468009
0.000000000000	0.000000000000	0.000000000000	1.000000000000
5	43	55
0.138297710938	0.788639605281	-0.599100422409	0.752161145823
-0.104680345435	0.613164587673	0.782988642129	-0.610700613007
0.984843017150	-0.045571497728	0.167354325208	0.597143920834
0.000000000000	0.000000000000	0.000000000000	1.000000000000
5	44	55
0.467528173717	0.467900273465	-0.749991160529	0.673360126530
-0.046939654698	0.860370940052	0.507502230862	-0.485587914569
0.882731032420	-0.202067265051	0.424210731592	0.363833114163
0.000000000000	0.000000000000	0.000000000000	1.000000000000
6	36	55
0.960336495689	0.191908083334	-0.202299536824	-0.941130101593
-0.165703943455	0.976259352591	0.139498672400	0.242714425484
0.224267737697	-0.100443835195	0.969337411740	-0.865447225519
0.000000000000	0.000000000000	0.000000000000	1.000000000000
6	42	55
0.336622560395	0.853547847092	-0.397669868808	0.290987003851
-0.229716721082	0.483994790800	0.844380998444	-0.684969449113
0.913189728309	-0.192886275310	0.358997778418	0.821012606639
0.000000000000	0.000000000000	0.000000000000	1.000000000000
6	43	55
0.086138075323	0.798231863158	-0.596159479182	0.342908576873
-0.201801151462	0.599958907351	0.774161226592	-0.742814823577
0.975631348025	0.053620911306	0.212763414671	0.881222288810
0.000000000000	0.000000000000	0.000000000000	1.000000000000
6	44	55
0.231322915468	0.568583667005	-0.789431645169	0.396286499715
-0.128004464104	0.822173838241	0.554657585255	-0.688655852670
0.964419289495	-0.027254235021	0.262968896876	0.844239197349
0.000000000000	0.000000000000	0.000000000000	1.000000000000
7	36	55
0.978427585160	0.057617072051	-0.198392876903	-1.346879859337
-0.081987531537	0.989753709739	-0.116900122881	0.350398845942
0.189624643098	0.130644047187	0.973126213636	-0.821379241407
0.000000000000	0.000000000000	0.000000000000	1.000000000000
7	42	55
0.372435484655	0.760989893162	-0.531212003135	0.051729759344
-0.378886171444	0.647194378468	0.661501856058	-0.771114435444
0.847193648972	-0.045097882268	0.529366699138	0.637922902712
0.000000000000	0.000000000000	0.000000000000	1.000000000000
7	43	55
0.238988362609	0.667553943694	-0.705164019783	0.115530461307
-0.426769137999	0.724519027782	0.541239578406	-0.770742768414
0.872211365088	0.171592280248	0.458043037247	0.601541822515
0.000000000000	0.000000000000	0.000000000000	1.000000000000
8	10	55
0.690811258080	0.369778829360	-0.621323927647	-0.268221761024
-0.515359113051	0.854550146491	-0.064412977949	-0.012228570090
0.507133897807	0.364702158603	0.780901751314	-0.024997436945
0.000000000000	0.000000000000	0.000000000000	1.000000000000
8	18	55
-0.886152218152	0.046276775700	0.461077765995	-0.095454903472
0.195549052373	-0.864722669686	0.462617847307	-2.070636213893
0.420112859099	0.500113151759	0.757226532194	-0.746409884966
0.000000000000	0.000000000000	0.000000000000	1.000000000000
8	20	55
-0.345993053685	0.757355500743	-0.553806331036	0.862688945465
-0.887142818132	-0.456210107396	-0.069641640895	-0.586161611919
-0.305395525571	0.467209785218	0.829728021437	-0.739493741338
0.000000000000	0.000000000000	0.000000000000	1.000000000000
8	36	55
0.999352452964	0.022302867343	-0.028235737331	-1.364787423187
-0.031028939241	0.931486903804	-0.362449103972	0.764384856759
0.018217565259	0.363090526108	0.931575756537	-0.443664775112
0.000000000000	0.000000000000	0.000000000000	1.000000000000
8	43	55
0.351291710013	0.732168116753	-0.583544328467	0.216510463933
-0.600685139465	0.654332881323	0.459375493083	-0.603808799973
0.718172331479	0.189151603826	0.669664224121	0.420170425753
0.000000000000	0.000000000000	0.000000000000	1.000000000000
8	44	55
0.523837265352	0.396962679089	-0.753667798728	0.287547098606
-0.428411687146	0.887507198555	0.169689124075	-0.533402130939
0.736245845995	0.233990606485	0.634972794954	0.426131986817
0.000000000000	0.000000000000	0.000000000000	1.000000000000
9	18	55
0.180092932654	-0.325296896138	0.928304080014	-3.235687947040
0.514051358613	0.835734081493	0.193131420899	-0.281079257289
-0.838640409422	0.442414369561	0.317729113067	0.535127602210
0.000000000000	0.000000000000	0.000000000000	1.000000000000
9	19	55
0.774859096723	-0.215356398878	0.594318939365	-3.042518921388
0.406003538295	0.890170982433	-0.206777051256	-0.440385968581
-0.484514713004	0.401518671417	0.777192543316	0.599183312899
0.000000000000	0.000000000000	0.000000000000	1.000000000000
9	20	55
0.377124820603	-0.160821459081	0.912092828601	-3.013460687290
0.526853656507	0.847194400083	-0.068460741264	-0.277519077135
-0.761709980446	0.506357686589	0.404227409908	0.503063657928
0.000000000000	0.000000000000	0.000000000000	1.000000000000
9	37	55
0.611182588265	-0.385918641832	0.691030133705	-0.831863561401
0.488345298442	0.870948245629	0.054479564282	0.013057020716
-0.622876162083	0.304164355772	0.720769957328	0.274894350624
0.000000000000	0.000000000000	0.000000000000	1.000000000000
9	38	55
0.635562049009	-0.388802726841	0.667003239467	-0.134262084470
0.477442925827	0.876863920704	0.056195348084	0.060100340141
-0.606719980252	0.282740347615	0.742932541617	0.362658545392
0.000000000000	0.000000000000	0.000000000000	1.000000000000
9	39	55
0.971174472914	-0.188162582531	0.146338599471	0.440020320738
0.198213376368	0.978482255394	-0.057305613233	0.069288448546
-0.132406950682	0.084660016621	0.987573329428	0.394030826002
0.000000000000	0.000000000000	0.000000000000	1.000000000000
9	40	55
0.974674952362	-0.167571569118	0.148082768957	0.610079028813
0.134915529308	0.968732972891	0.208216779306	0.026001770947
-0.178343873431	-0.182965014296	0.966807771149	0.159420071654
0.000000000000	0.000000000000	0.000000000000	1.000000000000
9	41	55
0.986946744346	-0.155100792599	0.043357444119	0.699581545425
0.119642926108	0.886354165081	0.447282756516	-0.336382293649
-0.107803961234	-0.436256848862	0.893341070232	0.251989975405
0.000000000000	0.000000000000	0.000000000000	1.000000000000
9	42	55
0.834082612490	0.442153478307	-0.329858298612	0.527825208753
-0.263675373324	0.844780342941	0.465640923549	-0.307257157250
0.484542560612	-0.301407487965	0.821201578879	0.328131916207
0.000000000000	0.000000000000	0.000000000000	1.000000000000
10	11	55
0.722042103455	0.406460436791	-0.559861691994	-0.494606424791
-0.386802681487	0.908100060854	0.160430561523	-0.085240511238
0.573619112681	0.100718383625	0.812906464956	0.222177222832
0.000000000000	0.000000000000	0.000000000000	1.000000000000
10	34	55
0.969840945683	0.058171028367	-0.236695313717	-1.465670823677
-0.034520347995	0.994095849107	0.102867819861	0.580569330211
0.241281755737	-0.091594619096	0.966122942540	-0.815501909490
0.000000000000	0.000000000000	0.000000000000	1.000000000000
10	46	55
0.469591985999	0.275757003059	-0.838714159860	0.398908617954
-0.320941729779	0.938299295262	0.128805429225	0.034914444644
0.822483904263	0.208692375938	0.529119759084	0.428100253633
0.000000000000	0.000000000000	0.000000000000	1.000000000000
10	53	55
0.361043952902	0.200190352202	-0.910807930883	0.339547245843
-0.318416478929	0.944452577702	0.081365068785	0.161253145018
0.876503399891	0.260639888269	0.404732799045	0.286074044118
0.000000000000	0.000000000000	0.000000000000	1.000000000000
11	18	55
-0.814450876555	-0.313873477426	0.488009436228	-0.455023888780
0.186866453598	0.654359440268	0.732730954343	-1.170747825656
-0.549318394193	0.687965960714	-0.474291196103	2.159717070348
0.000000000000	0.000000000000	0.000000000000	1.000000000000
11	19	55
-0.232350400393	-0.307637970598	0.922698309570	-0.351347000469
0.448837131425	0.807698295223	0.382320145097	-1.178515879928
-0.862878045202	0.502973501230	-0.049589678051	2.190611968425
0.000000000000	0.000000000000	0.000000000000	1.000000000000
11	20	55
-0.713586942332	-0.220317859667	0.665021590962	-0.337264915350
0.270851873905	0.788685590930	0.551918744981	-1.160276027030
-0.646090503053	0.573964353746	-0.503122234147	2.087879719058
0.000000000000	0.000000000000	0.000000000000	1.000000000000
11	21	55
-0.956241912321	-0.224260255198	0.187906208145	-0.462610774864
0.028844498411	0.566855443580	0.823312152829	-1.072231730027
-0.291151850470	0.792705647780	-0.535582258804	2.054850722237
0.000000000000	0.000000000000	0.000000000000	1.000000000000
11	33	55
0.990370669643	-0.054748007845	-0.127155779845	-1.896840436596
0.076848111804	0.981386288574	0.175998069057	0.065519558974
0.115153395187	-0.184075007094	0.976143476821	-0.136996416376
0.000000000000	0.000000000000	0.000000000000	1.000000000000
11	43	55
0.958839440064	-0.282910724727	0.024257988632	1.291816651254
0.256372079010	0.899279102101	0.354359215528	0.454077629963
-0.122066724715	-0.333554520820	0.934794681392	-0.932301982098
0.000000000000	0.000000000000	0.000000000000	1.000000000000
11	44	55
0.826280190666	-0.457448263616	0.328636779176	0.831416303009
0.463026742312	0.883873067810	0.066141030410	0.536541394082
-0.320729297720	0.097516594048	0.942137586274	-0.973568745336
0.000000000000	0.000000000000	0.000000000000	1.000000000000
11	45	55
0.912284461810	-0.341602721971	0.225930611213	0.739877343244
0.375363306567	0.918052558512	-0.127600501146	0.795589099118
-0.163827497154	0.201214015794	0.965750211506	-0.748425309036
0.000000000000	0.000000000000	0.000000000000	1.000000000000
11	52	55
0.562201384052	0.100918813265	-0.820819710350	0.037342029027
-0.272962341056	0.959548218158	-0.068983892291	0.230045562553
0.780654317951	0.262835709445	0.567006371838	-0.354307620921
0.000000000000	0.000000000000	0.000000000000	1.000000000000
12	22	55
0.793716740723	0.510536010075	0.330706392308	0.023024001222
0.132720435974	0.385220325708	-0.913230850627	2.577734124641
-0.593632058915	0.768738110853	0.237997259544	1.431725328831
0.000000000000	0.000000000000	0.000000000000	1.000000000000
12	25	55
-0.529589135573	-0.581994878035	0.617103969704	-2.449709663093
-0.526236535680	-0.345163430338	-0.777134039194	1.815670156943
0.665289753415	-0.736304399212	-0.123472165696	2.918887357794
0.000000000000	0.000000000000	0.000000000000	1.000000000000
12	30	55
-0.535420677391	0.567787679200	-0.625253428276	1.052234912022
-0.330860852412	0.540131986524	0.773814275828	-0.755463267976
0.777081588100	0.621188045992	-0.101339118576	1.864913084259
0.000000000000	0.000000000000	0.000000000000	1.000000000000
12	34	55
0.293364609526	-0.554919387351	0.778461096921	-1.420804849285
0.483917775288	0.788458235561	0.379680388664	-0.168054422296
-0.824476071598	0.265326373205	0.499841097794	0.165974745920
0.000000000000	0.000000000000	0.000000000000	1.000000000000
12	46	55
0.970614377043	-0.079151378477	0.227250501349	0.333371063125
0.033780491760	0.979822978407	0.196991901768	-0.052581339689
-0.238257443650	-0.183526538329	0.953704042287	-1.244083012789
0.000000000000	0.000000000000	0.000000000000	1.000000000000
13	15	55
0.476254802147	0.366894171361	-0.799105769253	0.413260805676
-0.501057710027	0.860044780971	0.096250433489	-0.294295529729
0.722580469328	0.354558375654	0.593435610323	0.525332915243
0.000000000000	0.000000000000	0.000000000000	1.000000000000
13	16	55
0.371522422709	0.374014656872	-0.849755332946	0.719689095972
-0.502164844670	0.850783060571	0.154914985146	-0.066146521270
0.780897917914	0.369162864181	0.503901995935	0.262464685464
0.000000000000	0.000000000000	0.000000000000	1.000000000000
13	23	55
0.424073972439	0.349957680004	-0.835278928326	0.155057585156
-0.496051735644	0.861416444879	0.109061377473	-0.041520082803
0.757689871560	0.368091470558	0.538901408272	0.433718363750
0.000000000000	0.000000000000	0.000000000000	1.000000000000
13	27	55
0.972318868554	-0.163103709672	0.167311678446	0.872639245431
-0.161568107472	0.047961123051	0.985695428276	-2.630626243796
-0.168795036956	-0.985442494805	0.020281147206	1.624801741991
0.000000000000	0.000000000000	0.000000000000	1.000000000000
13	30	55
-0.010699109241	0.633710434622	-0.773496356884	1.598503482311
-0.412510931161	0.701853416953	0.580720683964	-0.007483732049
0.910889818109	0.325288896464	0.253903275093	0.447586287481
0.000000000000	0.000000000000	0.000000000000	1.000000000000
13	31	55
-0.033478813589	-0.824471365536	0.564912503360	-0.242319259477
0.603999472725	0.433643478521	0.668683759698	-0.699448363315
-0.796281235487	0.363593593105	0.483462400879	1.387968295316
0.000000000000	0.000000000000	0.000000000000	1.000000000000
13	33	55
0.129996299986	-0.556555798409	0.820576995319	-1.400037104305
0.607805001708	0.698598730173	0.377535288548	-0.308770102704
-0.783373500885	0.449672611417	0.429092648100	0.847335586291
0.000000000000	0.000000000000	0.000000000000	1.000000000000
13	47	55
0.595795421985	-0.359191442825	0.718337888840	-1.527478385818
0.475103140020	0.878760539045	0.045353294917	0.642133014683
-0.647537505852	0.314263301099	0.694214488539	-0.804199390047
0.000000000000	0.000000000000	0.000000000000	1.000000000000
13	51	55
0.998605095791	0.023789521281	-0.047137260598	-1.849600363167
-0.041864953083	0.900750377585	-0.432314796166	0.621410225020
0.032174343238	0.433685157640	0.900489864285	-0.459977751549
0.000000000000	0.000000000000	0.000000000000	1.000000000000
14	22	55
0.417313527690	0.550730386904	-0.722873059775	1.090625300805
-0.387934317784	0.827288173276	0.406326523185	0.107530572388
0.821800696455	0.110861712504	0.558885762932	0.029033614846
0.000000000000	0.000000000000	0.000000000000	1.000000000000
14	27	55
0.677234085500	-0.462013140999	0.572623655625	0.289616862370
0.457374764902	0.873978341860	0.164226010093	-0.363556552965
-0.576335247809	0.150684158108	0.803201074842	1.085133110959
0.000000000000	0.000000000000	0.000000000000	1.000000000000
14	28	55
0.851771288909	-0.341080640734	0.397680358966	0.832448813653
0.268312686188	0.935948396390	0.228054602509	-0.521391195217
-0.449993304196	-0.087547677362	0.888730234867	1.586749769008
0.000000000000	0.000000000000	0.000000000000	1.000000000000
14	48	55
0.349143989266	-0.380101468946	0.856516986442	-2.102252251280
0.497110851774	0.849949206953	0.174548407752	0.184271138811
-0.794342039557	0.364841361286	0.485707221777	0.200489472102
0.000000000000	0.000000000000	0.000000000000	1.000000000000
14	50	55
0.909673922661	-0.080197882736	0.407506630665	-2.312255926543
0.199966987070	0.944538995878	-0.260498156130	-0.145547639971
-0.364014503164	0.318456252678	0.875259422467	0.590603728080
0.000000000000	0.000000000000	0.000000000000	1.000000000000
14	52	55
0.229468724353	-0.207024206880	0.951044206286	-2.547781962088
0.417536325086	0.903580247681	0.095948701056	0.039198611394
-0.879208463208	0.375078276852	0.293783533331	0.330618098098
0.000000000000	0.000000000000	0.000000000000	1.000000000000
15	17	55
0.852070611835	0.195061456741	-0.485722863926	-0.224854172913
-0.184068671055	0.980359920672	0.070803603549	0.301661240563
0.489994282398	0.029076692268	0.871240580542	-0.644011121316
0.000000000000	0.000000000000	0.000000000000	1.000000000000
15	26	55
0.502813670980	-0.482293847911	0.717336083396	0.099676159203
0.432659290275	0.858856790543	0.274173215096	-0.239789635793
-0.748321021230	0.172504079965	0.640513849641	0.690085486932
0.000000000000	0.000000000000	0.000000000000	1.000000000000
15	48	55
-0.027080893036	-0.374996978421	0.926630396332	-2.118365847793
0.504730931765	0.795002114123	0.336479308518	-0.253001911167
-0.862851848090	0.476811183505	0.167743207112	0.967038293681
0.000000000000	0.000000000000	0.000000000000	1.000000000000
15	50	55
0.665176160094	-0.103316724289	0.739504111229	-2.147478584089
0.342612913679	0.922201320185	-0.179335206889	-0.521679368631
-0.663443341532	0.372653162514	0.648823976934	1.446280186155
0.000000000000	0.000000000000	0.000000000000	1.000000000000
15	52	55
-0.055494937232	-0.214288173693	0.975192745337	-2.382153125669
0.378182658806	0.899415177988	0.219157966276	-0.360774335410
-0.924066116964	0.380963142862	0.031127082430	1.014044597577
0.000000000000	0.000000000000	0.000000000000	1.000000000000
16	21	55
0.766364972776	0.280270762584	-0.578042410332	-0.408934411825
-0.271755736899	0.956772530216	0.103610544282	0.206494706669
0.582094105763	0.077682849230	0.809402141689	-0.451170855002
0.000000000000	0.000000000000	0.000000000000	1.000000000000
16	25	55
0.736827322809	-0.546636246183	0.397837040409	0.237202082885
0.357735422960	0.814550715736	0.456653587146	-0.372718729879
-0.573681848695	-0.194154438148	0.795734371901	0.902419152396
0.000000000000	0.000000000000	0.000000000000	1.000000000000
16	47	55
-0.507094233958	-0.267105972070	0.819457038271	-2.100791130828
0.360455237579	0.797904127619	0.483136652335	-0.523314257321
-0.782896838408	0.540373392028	-0.308332835746	1.628598842160
0.000000000000	0.000000000000	0.000000000000	1.000000000000
16	50	55
0.594464804723	-0.067484435318	0.801284872524	-1.668004268093
0.327904735366	0.930202951375	-0.164927116565	-0.806786712779
-0.734227539983	0.360788470220	0.575101381746	1.940725157829
0.000000000000	0.000000000000	0.000000000000	1.000000000000
16	52	55
-0.239218318650	-0.202286918473	0.949660254321	-2.011988052750
0.421425968609	0.859500502505	0.289238723506	-0.697736308943
-0.874742675879	0.469402693653	-0.120359304534	1.757277568927
0.000000000000	0.000000000000	0.000000000000	1.000000000000
17	18	55
0.763800293343	0.191491625506	-0.616392788123	-0.109192460116
-0.240062744464	0.970748694693	0.004104932619	0.086091816099
0.599148554709	0.144837595646	0.787428142930	-0.140574469010
0.000000000000	0.000000000000	0.000000000000	1.000000000000
17	23	55
0.892486663249	-0.290844967595	0.344785093570	0.536465106965
0.290123075381	0.955410530016	0.054948341785	-0.300923520578
-0.345392757675	0.050989449482	0.937071992425	0.709744662111
0.000000000000	0.000000000000	0.000000000000	1.000000000000
17	34	55
-0.882420647526	0.287128415872	-0.372680927361	0.735566836881
-0.126703510466	0.617849831519	0.776020493369	-0.910465003614
0.453078383125	0.731996488032	-0.508823270157	2.179518237888
0.000000000000	0.000000000000	0.000000000000	1.000000000000
17	47	55
-0.687099947339	-0.125509687774	0.715640259237	-1.177942054339
0.408604339010	0.747697908861	0.523440857430	-0.736576080576
-0.600779623912	0.652069900670	-0.462459390792	2.276875585575
0.000000000000	0.000000000000	0.000000000000	1.000000000000
17	53	55
-0.954132414477	-0.039851470641	0.296720737280	-1.130347428079
0.165896315859	0.754649673101	0.634808855698	-1.044357315172
-0.249218273866	0.654916583372	-0.713424502519	2.587081673239
0.000000000000	0.000000000000	0.000000000000	1.000000000000
18	21	55
0.935166147671	-0.147142818628	0.322200662905	0.021143456136
0.116854582588	0.986867835638	0.111520767179	0.020088981361
-0.334378950860	-0.066639822255	0.940079704765	0.088226131140
0.000000000000	0.000000000000	0.000000000000	1.000000000000
18	34	55
-0.441953567099	0.444559520234	-0.779130205741	2.344808390783
-0.235673544299	0.780503768098	0.579026638855	-0.422903246119
0.865525866191	0.439523265544	-0.240175506660	1.613443648416
0.000000000000	0.000000000000	0.000000000000	1.000000000000
18	35	55
-0.226510360459	0.272103912604	-0.935228590961	1.944569873727
-0.298231223128	0.894692496674	0.332540935745	-0.347085454729
0.927227692725	0.354238333809	-0.121507237248	1.268035113690
0.000000000000	0.000000000000	0.000000000000	1.000000000000
18	43	55
-0.546561899307	0.646029127100	-0.532838115345	0.936759877489
-0.254816806025	0.477811416775	0.840692955464	-1.534579704718
0.797708270982	0.595266845153	-0.096534436697	3.284721074105
0.000000000000	0.000000000000	0.000000000000	1.000000000000
18	44	55
-0.461157240013	0.526564200620	-0.714187750251	0.782003319482
-0.161024910567	0.741855653694	0.650938681643	-1.568464279472
0.872585226875	0.415187104456	-0.257322152433	3.366181107443
0.000000000000	0.000000000000	0.000000000000	1.000000000000
18	46	55
-0.949006173476	0.147379111892	-0.278687423616	0.728320507287
-0.065303630886	0.772926738044	0.631125735024	-0.954788797208
0.308419711590	0.617141519422	-0.723887854926	2.885934759115
0.000000000000	0.000000000000	0.000000000000	1.000000000000
18	53	55
-0.964942161884	0.071958993536	-0.252405482246	1.057047079028
-0.087522840707	0.818415237488	0.567922751262	-0.821951005397
0.247439642283	0.570103852202	-0.783425313052	2.815462678705
0.000000000000	0.000000000000	0.000000000000	1.000000000000
18	54	55
-0.883090821818	0.209177751128	-0.419994367644	0.797113029835
-0.115002352187	0.771325318119	0.625964625694	-0.938077385180
0.454890161920	0.601083955918	-0.657094375662	3.066717912750
0.000000000000	0.000000000000	0.000000000000	1.000000000000
19	35	55
0.436395675925	0.230503272870	-0.869728150188	2.470788698696
-0.235277952694	0.962229059756	0.136965402698	0.390635632962
0.868448673791	0.144856749088	0.474144939057	-0.356830616937
0.000000000000	0.000000000000	0.000000000000	1.000000000000
19	44	55
0.196899071990	0.466933356066	-0.862092800366	3.137562274485
-0.145923035890	0.883469495863	0.445183240336	-0.691203371465
0.969503596201	0.038143031760	0.242090656743	2.049296187602
0.000000000000	0.000000000000	0.000000000000	1.000000000000
19	45	55
0.011407698321	0.358283536174	-0.933543128155	3.106937218770
-0.220762149436	0.911469077780	0.347114093099	-0.403305262883
0.975260958818	0.202131214706	0.089493207821	1.947174009111
0.000000000000	0.000000000000	0.000000000000	1.000000000000
19	54	55
-0.351011131575	0.347107729921	-0.869659363969	2.739646171652
-0.226426611010	0.869727913101	0.438525195398	-0.142284542589
0.908582508822	0.350841247577	-0.226689751998	1.621104563904
0.000000000000	0.000000000000	0.000000000000	1.000000000000
20	21	55
0.871998355192	-0.222318271109	0.436111745856	0.112976438200
0.080258940638	0.943793217429	0.320644452911	0.069001607846
-0.482884428192	-0.244599568818	0.840829162163	-0.024637083547
0.000000000000	0.000000000000	0.000000000000	1.000000000000
20	34	55
-0.245659300722	0.438689903780	-0.864408859447	2.658925370924
-0.058273034967	0.883438916167	0.464908523042	0.118441045474
0.967603101155	0.164580830363	-0.191461194273	0.988838379157
0.000000000000	0.000000000000	0.000000000000	1.000000000000
20	35	55
-0.005432710951	0.296924641650	-0.954885460583	2.096389379585
-0.106012996049	0.949347274647	0.295805674031	-0.032582391459
0.994349903364	0.102837295284	0.026320341527	0.721096803797
0.000000000000	0.000000000000	0.000000000000	1.000000000000
20	37	55
-0.869316354783	-0.489797127962	0.066240838957	-0.105984184147
0.491523792580	-0.870784101267	0.011807214264	0.652108861995
0.051898329783	0.042823152852	0.997733802648	0.795851972099
0.000000000000	0.000000000000	0.000000000000	1.000000000000
20	43	55
-0.494185535795	0.686608981855	-0.533243623729	1.311430294170
-0.129823593273	0.548214522158	0.826200140598	-0.955656299932
0.859608335721	0.477523762478	-0.181781642165	3.288938767786
0.000000000000	0.000000000000	0.000000000000	1.000000000000
20	44	55
-0.239852369381	0.530840048154	-0.812822049515	1.534579399762
0.040396979672	0.841994508891	0.537971496486	-0.656825819252
0.969968517497	0.096198182281	-0.223398712598	3.188534575912
0.000000000000	0.000000000000	0.000000000000	1.000000000000
20	45	55
-0.481616256825	0.343124899593	-0.806418678133	1.517989149237
-0.064772889961	0.903714401514	0.423207695136	-0.421152242671
0.873985270979	0.256057774292	-0.413018355932	3.202863111781
0.000000000000	0.000000000000	0.000000000000	1.000000000000
20	46	55
-0.898703082737	0.165703980800	-0.406047977246	1.283049682490
-0.056836583802	0.874055936712	0.482489193910	-0.299491792963
0.434859025226	0.456692905840	-0.776098716617	2.788051145897
0.000000000000	0.000000000000	0.000000000000	1.000000000000
20	53	55
-0.926013823186	0.110902820840	-0.360830934923	1.511872533828
-0.048015191902	0.913501708292	0.403991547306	-0.185944968687
0.374423477649	0.391427123840	-0.840590189158	2.638639802215
0.000000000000	0.000000000000	0.000000000000	1.000000000000
20	54	55
-0.776104024256	0.223374427541	-0.589717227707	1.433726640616
-0.079348852182	0.893136091189	0.442732066010	-0.171824017367
0.625592761460	0.390399523228	-0.675442010148	2.848458236925
0.000000000000	0.000000000000	0.000000000000	1.000000000000
21	34	55
-0.662510291671	0.367635465460	-0.652628744360	1.769202287997
-0.295741831599	0.672107993798	0.678828117946	-0.731966513551
0.688198287176	0.642740234627	-0.336553277090	1.866079678416
0.000000000000	0.000000000000	0.000000000000	1.000000000000
21	35	55
-0.542517573633	0.244158314789	-0.803779447124	1.394650927456
-0.340500136571	0.810788598291	0.476110812602	-0.692302006607
0.767941624927	0.531985494352	-0.356731123543	1.604131141163
0.000000000000	0.000000000000	0.000000000000	1.000000000000
21	36	55
0.177824259102	0.283366205487	-0.942381094071	0.706399063657
-0.390323079745	0.899400755103	0.196789672337	-0.557679298977
0.903341810332	0.332839113249	0.270539642933	1.543118250786
0.000000000000	0.000000000000	0.000000000000	1.000000000000
21	43	55
0.009442194132	0.881697401011	-0.471720826359	2.488814292313
-0.955751469728	-0.130752007531	-0.263520474802	-0.149451539141
-0.294023762787	0.453336084575	0.841449001033	1.115787256681
0.000000000000	0.000000000000	0.000000000000	1.000000000000
21	45	55
-0.881589139382	0.241202337554	-0.405736394328	-0.553325578781
-0.111464660379	0.728886098788	0.675500321599	-1.485770905819
0.458667874186	0.640739016568	-0.615692531899	3.215978686599
0.000000000000	0.000000000000	0.000000000000	1.000000000000
21	46	55
-0.999075016400	0.041402942347	-0.011614989007	-0.237781238247
0.019347876899	0.674034812082	0.738446160367	-1.253446605073
0.038402750736	0.737538384402	-0.674212399967	2.666797102673
0.000000000000	0.000000000000	0.000000000000	1.000000000000
21	47	55
-0.940507827951	-0.081352637238	0.329889032825	0.160987741525
0.202601814577	0.645143495931	0.736710509215	-1.040353906191
-0.272759106711	0.759718117510	-0.590280316150	2.413320305831
0.000000000000	0.000000000000	0.000000000000	1.000000000000
21	53	55
-0.993214143491	-0.014724243502	0.115364040421	-0.057058844175
0.065862000635	0.746347080653	0.662290141911	-1.180324627425
-0.095853336100	0.665394042544	-0.740312708323	2.739826494592
0.000000000000	0.000000000000	0.000000000000	1.000000000000
21	54	55
-0.976368877202	0.085656234484	-0.198410748510	-0.230991427524
-0.070188803723	0.742640488350	0.666001979649	-1.161891974336
0.204395076903	0.664189818168	-0.719078951145	2.997343650934
0.000000000000	0.000000000000	0.000000000000	1.000000000000
22	24	55
0.786247922087	-0.255396052002	0.562660698500	0.586977875173
0.414615023032	0.893219802965	-0.173933223589	-0.544512087134
-0.458157819633	0.370042214097	0.808183254031	0.925694602772
0.000000000000	0.000000000000	0.000000000000	1.000000000000
22	33	55
0.999647212738	-0.008167385713	0.025273382759	0.000865521990
0.008839775680	0.999606850390	-0.026608326124	-0.080792061858
-0.025046126075	0.026822350080	0.999326399684	0.306534483220
0.000000000000	0.000000000000	0.000000000000	1.000000000000
22	47	55
-0.688070005432	-0.241803005778	0.684171743075	-1.276182936534
0.481423096714	0.553348666716	0.679733076283	-1.191318662009
-0.542947022807	0.797080020726	-0.264333068277	1.790605957122
0.000000000000	0.000000000000	0.000000000000	1.000000000000
22	48	55
-0.885223299474	0.395348105781	-0.245111373304	0.189489079072
-0.079570124727	0.390470048120	0.917170505834	-3.022589128566
0.458310271889	0.831404243901	-0.314195286255	3.830124773573
0.000000000000	0.000000000000	0.000000000000	1.000000000000
22	49	55
-0.987938246178	0.143537419990	-0.058095015282	1.015410402489
0.001628602375	0.384784344817	0.923005068046	-3.005155605357
0.154839818497	0.911777394459	-0.380376936159	3.379601083774
0.000000000000	0.000000000000	0.000000000000	1.000000000000
22	51	55
-0.343980263522	-0.833355874360	-0.432661027800	0.994161332369
-0.420920907486	0.548741428325	-0.722293869890	1.546656201075
0.839346869863	-0.066338763249	-0.539533132015	3.695829468250
0.000000000000	0.000000000000	0.000000000000	1.000000000000
22	52	55
0.608952622680	-0.224531356896	0.760764334799	-2.421332323963
0.321139015121	0.946767754262	0.022373029660	-0.623320059853
-0.725290587488	0.230686994128	0.648642485844	0.139562810854
0.000000000000	0.000000000000	0.000000000000	1.000000000000
23	25	55
0.750381182108	-0.502773319032	0.429123608308	0.174707832144
0.329681524908	0.847355249911	0.416292172136	-0.133581237931
-0.572920739433	-0.170903686669	0.801594508595	0.330559379544
0.000000000000	0.000000000000	0.000000000000	1.000000000000
