0	2	38
0.881818312318	-0.067549195706	-0.466726440455	0.191509314113
0.045934299990	0.997285333024	-0.057550018411	0.315668933838
0.469346891057	0.029309907780	0.882527294287	0.898980962776
0.000000000000	0.000000000000	0.000000000000	1.000000000000
0	6	38
-0.699956457427	-0.153214889577	-0.697557277446	-0.466788843261
0.189522403916	-0.981547351649	0.025417609740	1.487955561323
-0.688579854570	-0.114411512020	0.716078061245	0.811131260550
0.000000000000	0.000000000000	0.000000000000	1.000000000000
0	7	38
-0.801680109194	-0.105434109843	-0.588381382273	-0.122157710999
0.061548551365	-0.993649420641	0.094194504538	1.327652760138
-0.594576133349	0.039299838955	0.803078292765	0.376797892776
0.000000000000	0.000000000000	0.000000000000	1.000000000000
0	11	38
-0.986000604000	0.058727174961	-0.156057450424	0.103457678188
-0.050000229113	-0.996988778248	-0.059273544995	2.087166882238
-0.159068494683	-0.050640842891	0.985967909737	0.104621373352
0.000000000000	0.000000000000	0.000000000000	1.000000000000
0	24	38
0.953807900507	-0.051229452250	0.296016945720	-3.612884777805
0.050191157083	0.998677824462	0.011110836077	0.905190705765
-0.296194761402	0.004259829791	0.955118064518	0.541927818954
0.000000000000	0.000000000000	0.000000000000	1.000000000000
0	26	38
0.994296266761	0.100114898006	0.036768751703	0.816192653129
-0.104275350675	0.984924263654	0.138024802508	0.211839697616
-0.022396096671	-0.141071620332	0.989746034491	-0.009557490270
0.000000000000	0.000000000000	0.000000000000	1.000000000000
1	5	38
0.828464916989	0.080455518100	-0.554231712306	0.912496947352
0.015916001966	0.985844978215	0.166902246267	-0.133755023693
0.559814757040	-0.147093808621	0.815457447857	2.616377998559
0.000000000000	0.000000000000	0.000000000000	1.000000000000
1	7	38
0.267655566693	0.010728194366	-0.963454930686	1.775663074502
0.026711838673	0.999471047634	0.018550003130	-0.116053127380
0.963144316960	-0.030700664277	0.267227419851	2.706328350481
0.000000000000	0.000000000000	0.000000000000	1.000000000000
1	26	38
0.999360685905	-0.028612981661	0.021436341770	1.098053512608
0.024206244109	0.982761647105	0.183285576972	0.019249180240
-0.026311161398	-0.182649506597	0.982825966550	-0.406707669845
0.000000000000	0.000000000000	0.000000000000	1.000000000000
2	6	38
0.603140924170	0.139517100378	-0.785338146466	1.366782061323
-0.088864326813	0.990207776756	0.107664712284	-0.199528881640
0.792669008485	0.004851551638	0.609632926797	1.673693739337
0.000000000000	0.000000000000	0.000000000000	1.000000000000
2	7	38
0.327169356604	0.040041241664	-0.944117000729	1.773469882259
-0.061098499257	0.997907640274	0.021149819647	-0.226204886989
0.942988433380	0.050764558982	0.328931260392	1.695869616436
0.000000000000	0.000000000000	0.000000000000	1.000000000000
2	9	38
-0.174311719614	-0.003431297398	-0.984684543701	2.459940567075
0.058473486686	0.998193165582	-0.013829516991	-0.138497458050
0.982952834962	-0.059988585444	-0.173796127277	1.673290079068
0.000000000000	0.000000000000	0.000000000000	1.000000000000
2	28	38
0.980155528029	0.097928732233	-0.172351687772	1.308767284125
-0.081012290261	0.991418069075	0.102602247235	-0.041453707141
0.180920285489	-0.086603554859	0.979677331872	-0.508313442604
0.000000000000	0.000000000000	0.000000000000	1.000000000000
2	30	38
0.317054343632	0.268760396393	0.909529764502	-2.920405894846
-0.332344672499	0.929682527711	-0.158862885314	2.010614732492
-0.888269982519	-0.251909203881	0.384080969530	1.903230785220
0.000000000000	0.000000000000	0.000000000000	1.000000000000
3	5	38
0.839043103730	0.062853675165	-0.540422136483	0.774374482058
-0.031603919271	0.997257790006	0.066918551688	-0.116117794207
0.543146262410	-0.039068091731	0.838728693821	0.992044659276
0.000000000000	0.000000000000	0.000000000000	1.000000000000
3	6	38
0.564689983131	0.085325148356	-0.820880528463	1.215099726528
-0.035726305304	0.996236142454	0.078975816412	-0.143773525561
0.824529474343	-0.015269824059	0.565612922777	1.052197867259
0.000000000000	0.000000000000	0.000000000000	1.000000000000
3	7	38
0.262432068710	0.072439407558	-0.962227593423	1.620748204049
-0.054977441498	0.996680894758	0.060038945288	-0.274690589793
0.963383044401	0.037144666611	0.265543562346	1.116238639803
0.000000000000	0.000000000000	0.000000000000	1.000000000000
3	8	38
0.170000260018	-0.016926595790	-0.985298635922	1.870584154358
-0.020642696755	0.999571910488	-0.020733423109	-0.227521630979
0.985227786182	0.023863908275	0.169578074105	0.887148737597
0.000000000000	0.000000000000	0.000000000000	1.000000000000
3	30	38
-0.881028201725	0.312952001681	-0.354753932197	1.000181947387
0.244004585143	0.943079693213	0.225970030489	-0.690703763866
0.405279002904	0.112524383552	-0.907241529534	5.959982139674
0.000000000000	0.000000000000	0.000000000000	1.000000000000
4	7	38
0.502917365989	0.071901537262	-0.861338662737	1.172676831250
-0.108173804416	0.993934605549	0.019809793788	-0.192368396722
0.857538658618	0.083211590726	0.507644836617	0.267183313895
0.000000000000	0.000000000000	0.000000000000	1.000000000000
4	8	38
0.390590489530	0.017437270296	-0.920399375865	1.394325092891
-0.109115949108	0.993649096237	-0.027480596761	-0.163655199705
0.914074821412	0.111163911197	0.390012571218	0.027673966420
0.000000000000	0.000000000000	0.000000000000	1.000000000000
5	9	38
0.411593156456	0.124379211519	-0.902840453957	1.082368295738
-0.080065378483	0.991748037480	0.100126746291	-0.213608798265
0.907843934125	0.031074779104	0.418155173801	-0.890164469198
0.000000000000	0.000000000000	0.000000000000	1.000000000000
6	9	38
0.700920040737	0.041571815610	-0.712027303297	0.547129062649
-0.050179321861	0.998700455146	0.008912718401	-0.105778367192
0.711472509765	0.029481944281	0.702095209221	-0.904548108028
0.000000000000	0.000000000000	0.000000000000	1.000000000000
6	10	38
0.579658002638	0.014882871324	-0.814723941049	0.748442985630
-0.055718005322	0.998217025873	-0.021407315101	0.025144998002
0.812952707026	0.057803714397	0.579453731321	-0.798228332300
0.000000000000	0.000000000000	0.000000000000	1.000000000000
8	9	38
0.938802687031	-0.011065159693	-0.344277616269	0.080331395510
0.041899675756	0.995730376474	0.082252261606	-0.059995352669
0.341897546049	-0.091643764702	0.935257979595	-0.332331220964
0.000000000000	0.000000000000	0.000000000000	1.000000000000
8	10	38
0.868712541332	-0.017094283449	-0.495021520751	0.351519904009
0.061237184909	0.995443549902	0.073089986618	-0.004458355765
0.491516558945	-0.093807912421	0.865801101784	-0.303146099065
0.000000000000	0.000000000000	0.000000000000	1.000000000000
9	11	38
0.998966241003	-0.029204905432	-0.034835654655	0.083627408896
0.031565162640	0.997099925734	0.069248672252	0.040556353420
0.032712227745	-0.070276678919	0.996991022305	0.265436051497
0.000000000000	0.000000000000	0.000000000000	1.000000000000
9	27	38
0.624339987976	-0.139111973006	0.768666012245	-1.671988309893
0.003138232222	0.984453759100	0.175615909567	0.087053578031
-0.781146420918	-0.107231782419	0.615070413795	0.943379674969
0.000000000000	0.000000000000	0.000000000000	1.000000000000
9	28	38
0.131468241148	-0.203579060724	0.970191562324	-1.752173422435
0.126256038277	0.974154693350	0.187302018737	0.044712790564
-0.983247432932	0.097868276062	0.153773489824	1.090960639066
0.000000000000	0.000000000000	0.000000000000	1.000000000000
10	27	38
-0.207527103657	-0.098240004432	0.973283824368	-2.370407148694
0.116744968801	0.985346437986	0.124350349452	0.258961067430
-0.971237928371	0.139432057571	-0.193017066122	2.534658458701
0.000000000000	0.000000000000	0.000000000000	1.000000000000
10	28	38
0.042159448973	-0.145800915995	0.988415233471	-1.677730972514
0.154159937920	0.978396803457	0.137747626204	0.155372749611
-0.987146034993	0.146566667013	0.063725330270	1.275653339444
0.000000000000	0.000000000000	0.000000000000	1.000000000000
13	16	38
-0.877558445686	-0.035068160267	0.478185527322	-1.435869858961
-0.099560788114	-0.962256074539	-0.253280272589	0.904560242224
0.469019001614	-0.269876770301	0.840944531451	0.908717433303
0.000000000000	0.000000000000	0.000000000000	1.000000000000
13	17	38
-0.950109254714	-0.026291869334	0.310807242056	-1.271478553131
-0.020010632522	-0.989250735749	-0.144853568844	-0.391675643548
0.311274763985	-0.143846165843	0.939370162331	0.641528504533
0.000000000000	0.000000000000	0.000000000000	1.000000000000
13	18	38
-0.717755337347	-0.271233656433	0.641295235698	-1.459662433214
-0.675522818527	0.047964518071	-0.735777362152	1.987669753043
0.168808167336	-0.961317693910	-0.217651312922	1.135353101895
0.000000000000	0.000000000000	0.000000000000	1.000000000000
14	18	38
0.785474461365	0.191664934394	-0.588467861032	0.275092111628
-0.127982791599	0.980588177810	0.148550431147	-0.146006033137
0.605516536189	-0.041368810270	0.794756784141	1.374241890535
0.000000000000	0.000000000000	0.000000000000	1.000000000000
15	18	38
0.837899855218	0.136485206553	-0.528484267522	0.256050821382
-0.102411671530	0.990348146005	0.093393785873	-0.116437536663
0.536130284689	-0.024131682447	0.843790246295	1.256134776798
0.000000000000	0.000000000000	0.000000000000	1.000000000000
17	20	38
0.385552705922	0.084142152389	-0.918841231741	0.699834212195
-0.020659176259	0.996370853828	0.082573119587	-0.140905823393
0.922454502614	-0.012853786733	0.385891786352	1.550024508946
0.000000000000	0.000000000000	0.000000000000	1.000000000000
19	21	38
-0.686034789559	0.022854697102	0.727209688009	-2.754644711133
0.244252997730	0.948734680666	0.200606527314	-0.608031631149
-0.685344249713	0.315246203025	-0.656447325278	5.115968237064
0.000000000000	0.000000000000	0.000000000000	1.000000000000
20	22	38
0.748611523832	0.161461053109	-0.643048298897	0.217682706241
-0.058467316373	0.982192121160	0.178550301167	-0.096473117463
0.660425892362	-0.096067504703	0.744720534992	-0.299357585055
0.000000000000	0.000000000000	0.000000000000	1.000000000000
21	23	38
0.910613389280	0.112785380891	-0.397571016450	-0.053535333047
-0.055177744390	0.986606112062	0.153505036286	0.088405057949
0.409559118795	-0.117846669441	0.904639978507	-0.184003423679
0.000000000000	0.000000000000	0.000000000000	1.000000000000
21	24	38
0.696745644118	0.194370135389	-0.690482264704	0.165350228458
-0.101383955590	0.979609345798	0.173455536591	0.045912508128
0.710117455743	-0.050850566307	0.702244557797	0.476295456897
0.000000000000	0.000000000000	0.000000000000	1.000000000000
21	25	38
0.592703222418	0.216520853496	-0.775771622410	0.178923901319
-0.102617742762	0.975638916724	0.193902818555	-0.042490624382
0.798856989082	-0.035318892603	0.600483211105	0.941703171488
0.000000000000	0.000000000000	0.000000000000	1.000000000000
22	25	38
0.856044620144	0.130547555067	-0.500144923186	0.467049683268
-0.070859276367	0.988085007751	0.136627158392	-0.076195533414
0.512022041787	-0.081519036571	0.855095360413	0.906912215369
0.000000000000	0.000000000000	0.000000000000	1.000000000000
22	26	38
0.403058449689	0.259824878867	-0.877516335151	0.605166461527
-0.141880403528	0.964999166688	0.220559650404	-0.222768881891
0.904109416625	0.035603940978	0.425815126736	1.757070318390
0.000000000000	0.000000000000	0.000000000000	1.000000000000
23	26	38
0.647273934861	0.196033158216	-0.736618934137	0.753221527027
-0.165913095752	0.979428236458	0.114861543989	-0.395025225375
0.743982054829	0.047867844210	0.666482836675	1.451062490385
0.000000000000	0.000000000000	0.000000000000	1.000000000000
23	27	38
0.471979689574	0.214323733399	-0.855161101741	0.615133823878
-0.190961644972	0.971824834671	0.138167075913	-0.467976098173
0.860679279859	0.098090917106	0.499609196475	1.784863117868
0.000000000000	0.000000000000	0.000000000000	1.000000000000
24	26	38
0.801913556667	0.194849442170	-0.564772823814	0.716690996927
-0.180679996982	0.980150140710	0.081611520983	-0.306616324692
0.569464122069	0.036597767046	0.821201082028	0.874933210621
0.000000000000	0.000000000000	0.000000000000	1.000000000000
24	27	38
0.484705840014	0.197843443741	-0.852008345279	0.724077101118
-0.164116026297	0.977354137600	0.133584503699	-0.391581616935
0.859142699771	0.075079034921	0.506198538072	1.414393922048
0.000000000000	0.000000000000	0.000000000000	1.000000000000
24	33	38
0.708303167648	-0.120990449978	0.695462388425	-0.719967986833
0.120265021343	0.991481694525	0.050003740489	-0.834614784332
-0.695588202416	0.048221991204	0.716820543946	2.701841362300
0.000000000000	0.000000000000	0.000000000000	1.000000000000
24	34	38
0.630205843006	-0.020420694505	0.776159513681	-1.064127659265
0.080584063581	0.995975646875	-0.039226515640	-1.043711451509
-0.772234941024	0.087266866957	0.629315254697	2.516543941444
0.000000000000	0.000000000000	0.000000000000	1.000000000000
24	35	38
0.582424892072	0.080546992991	0.808884062777	-1.081690499121
0.161502296805	0.963775653408	-0.212258092954	-0.738967267309
-0.796679517260	0.254261030867	0.548318406549	2.628654047189
0.000000000000	0.000000000000	0.000000000000	1.000000000000
24	36	38
0.687201813675	-0.250788396359	0.681805578984	-0.804233111270
0.402773389410	0.912597516819	-0.070280645121	-1.632594950465
-0.604588508049	0.322910130759	0.728149561140	2.193694959845
0.000000000000	0.000000000000	0.000000000000	1.000000000000
24	37	38
0.617793943420	-0.133423709482	0.774937905397	-1.118708453596
0.218325327715	0.975857375609	-0.006036037398	-0.852760830080
-0.755423520120	0.172917599502	0.632008551391	2.630282181005
0.000000000000	0.000000000000	0.000000000000	1.000000000000
25	27	38
0.731211892634	0.157758028195	-0.663657722483	0.497995081134
-0.136755711982	0.987040894373	0.083953249348	-0.262337444428
0.668301611035	0.029371370002	0.743310351948	0.918647965828
0.000000000000	0.000000000000	0.000000000000	1.000000000000
25	30	38
-0.229822775496	-0.069786282034	0.970727235995	-2.130495166622
-0.918363256129	0.345724334053	-0.192571063861	1.156602133990
-0.322165208637	-0.935737441638	-0.143544483210	2.171114100794
0.000000000000	0.000000000000	0.000000000000	1.000000000000
25	31	38
0.024379914447	0.082414292911	-0.996299906703	3.711303965929
-0.160919785727	0.983923723729	0.077452749760	-0.515850079524
0.986666327759	0.158436076094	0.037250066563	3.606751221295
0.000000000000	0.000000000000	0.000000000000	1.000000000000
25	32	38
0.729920571392	-0.115471145635	0.673707929287	-0.087485643237
0.202033527583	0.978036292607	-0.051258795114	-0.774298371299
-0.652991893664	0.173526438533	0.737217852429	2.620487426743
0.000000000000	0.000000000000	0.000000000000	1.000000000000
25	33	38
0.556173145388	-0.171823671564	0.813110114462	-0.606736392589
0.255826938877	0.966281383849	0.029203845142	-0.757041986882
-0.790711078520	0.191773077142	0.581376880508	2.503731390369
0.000000000000	0.000000000000	0.000000000000	1.000000000000
25	34	38
0.410638596602	-0.154179841294	0.898668192115	-0.904739980358
0.310652036869	0.950289781814	0.021086549471	-0.875757867295
-0.857246321059	0.270514153268	0.438121944112	2.467523558733
0.000000000000	0.000000000000	0.000000000000	1.000000000000
25	35	38
0.264515803635	0.006290667575	0.964360833469	-1.016484231884
0.207373505453	0.976215050751	-0.063248746420	-0.930822889019
-0.941821436825	0.216713179546	0.256919790884	2.831364711891
0.000000000000	0.000000000000	0.000000000000	1.000000000000
25	36	38
0.419404030835	0.040388311505	0.906900790171	-1.019591578291
0.268299814869	0.948866665684	-0.166334783179	-0.881763337554
-0.867245909913	0.313082792641	0.387122327813	2.731693273028
0.000000000000	0.000000000000	0.000000000000	1.000000000000
25	37	38
0.380068657041	-0.088227865439	0.920740821130	-1.029801032104
0.146184916313	0.988659241338	0.034392946375	-0.808217380148
-0.913333337932	0.121526738943	0.388655973251	2.765807739985
0.000000000000	0.000000000000	0.000000000000	1.000000000000
28	29	38
-0.340533364831	-0.840875013137	0.420673554813	-1.751997865755
-0.211001999157	0.504347630377	0.837324085456	-3.159578333016
-0.916250611890	0.196373827217	-0.349173504430	2.558619013371
0.000000000000	0.000000000000	0.000000000000	1.000000000000
28	30	38
-0.650176069393	0.748743139749	-0.129053436480	0.953623470749
0.522354069961	0.317157330074	-0.791553822286	1.956295670506
-0.551740250828	-0.582060940675	-0.597317132650	4.938757745115
0.000000000000	0.000000000000	0.000000000000	1.000000000000
29	31	38
0.809293284219	-0.025493193664	0.586851324609	0.151167012756
-0.049763330703	0.992490673957	0.111740203267	0.217899428715
-0.585293081316	-0.119634272622	0.801947410856	1.057365968755
0.000000000000	0.000000000000	0.000000000000	1.000000000000
30	32	38
0.644322705718	-0.066314372773	0.761873122548	-0.360124499902
0.068231205669	0.997245117996	0.029097718234	-0.044544321456
-0.761703848927	0.033235201175	0.647072382298	1.014448885475
0.000000000000	0.000000000000	0.000000000000	1.000000000000
30	33	38
0.397351036379	-0.131477030116	0.908199286743	-0.956411429945
0.141433075645	0.986632349985	0.080952400073	-0.018995893743
-0.906702177676	0.096282898356	0.410634587538	1.076905858167
0.000000000000	0.000000000000	0.000000000000	1.000000000000
30	34	38
0.153461812571	-0.029684787905	0.987708603511	-1.286949177606
0.145528813465	0.989328375926	0.007122432150	-0.050914662762
-0.977379576487	0.142647039770	0.156144117759	1.369066424583
0.000000000000	0.000000000000	0.000000000000	1.000000000000
30	35	38
0.144676615314	0.117394140012	0.982490352559	-1.324247691457
0.131888973110	0.981789057380	-0.136731655371	0.000892336741
-0.980649772219	0.149361516795	0.126558925199	1.390867334076
0.000000000000	0.000000000000	0.000000000000	1.000000000000
30	36	38
0.319178248911	0.131783120594	0.938487322530	-1.281771960106
0.125243956132	0.975732928204	-0.179608474940	-0.047836210753
-0.939382348607	0.174866983575	0.294927688054	1.221458716784
0.000000000000	0.000000000000	0.000000000000	1.000000000000
30	37	38
0.187199010949	-0.048112713667	0.981143056380	-1.358828533908
0.065149020716	0.997208865543	0.036470310970	-0.050639243717
-0.980159239817	0.057093303163	0.189811009519	1.363192163773
0.000000000000	0.000000000000	0.000000000000	1.000000000000
31	35	38
0.459086361790	0.075874049384	0.885145660921	-1.366968227223
0.093382333516	0.986705265828	-0.133013000022	0.001542703667
-0.883470119588	0.143721421569	0.445897634864	0.241756707398
0.000000000000	0.000000000000	0.000000000000	1.000000000000
