0	2	38
0.882399497900	-0.116380582609	-0.455880122506	0.222334093948
0.079813835381	0.991907876854	-0.098734571031	0.390678463966
0.463681871316	0.050737794852	0.884547793161	0.886376204080
0.000000000000	0.000000000000	0.000000000000	1.000000000000
0	6	38
-0.752546140029	-0.128207217539	-0.645939019179	-0.622902112268
0.141518763423	-0.989433976915	0.031509441849	1.410129960041
-0.643153750457	-0.067700182403	0.762738447029	0.795387473225
0.000000000000	0.000000000000	0.000000000000	1.000000000000
0	7	38
-0.883139505534	0.007504810078	-0.469050414764	-0.546051006068
0.017519296645	-0.998646879408	-0.048964114343	1.584263238078
-0.468783199368	-0.051459577087	0.881813032290	0.413086967941
0.000000000000	0.000000000000	0.000000000000	1.000000000000
0	11	38
-0.932705248965	0.119056938266	-0.340420863056	0.676577895843
-0.090926292218	-0.991074442714	-0.097487734519	2.207174165858
-0.348989008332	-0.059974114824	0.935205740794	0.251260012003
0.000000000000	0.000000000000	0.000000000000	1.000000000000
0	24	38
0.949141807050	-0.065337962740	0.307994773877	-3.658437689604
0.055132869703	0.997606615916	0.041730163664	0.795287978875
-0.309984187965	-0.022627207211	0.950472415542	0.583314032995
0.000000000000	0.000000000000	0.000000000000	1.000000000000
0	26	38
0.999614585027	0.024762868609	-0.012549172851	0.978928190204
-0.021298631044	0.974022622137	0.225446889270	0.014977285301
0.017805889943	-0.225092718461	0.974174634436	0.083181491996
0.000000000000	0.000000000000	0.000000000000	1.000000000000
1	5	38
0.869611094705	0.106489530756	-0.482116711809	0.852071812207
-0.045572565722	0.989607435115	0.136382790768	-0.143801312670
0.491629621992	-0.096628692445	0.865426606118	2.509231276984
0.000000000000	0.000000000000	0.000000000000	1.000000000000
1	7	38
0.265959496363	0.097219612465	-0.959069284904	1.715504200940
0.015722656561	0.994331635062	0.105154161050	-0.293848095897
0.963855976983	-0.043045864698	0.262923390301	2.716126765186
0.000000000000	0.000000000000	0.000000000000	1.000000000000
1	26	38
0.997180011597	-0.071304759365	0.023402046116	1.089833745029
0.064979912178	0.976370649391	0.206101834105	0.008737171214
-0.037545112649	-0.203999966422	0.978250672484	-0.402794344273
0.000000000000	0.000000000000	0.000000000000	1.000000000000
2	6	38
0.611609462495	0.150333763873	-0.776745534153	1.359923494688
-0.073010749331	0.988316157225	0.133793138277	-0.214709942774
0.787783787513	-0.025118375899	0.615439494446	1.657403780054
0.000000000000	0.000000000000	0.000000000000	1.000000000000
2	7	38
0.266462131503	0.014396620356	-0.963737863632	1.848442738846
-0.024154603357	0.999674152087	0.008254985564	-0.201756284093
0.963542675553	0.021079064787	0.266723050027	1.849590896683
0.000000000000	0.000000000000	0.000000000000	1.000000000000
2	9	38
-0.085946697336	0.083343284217	-0.992807666264	2.340736245255
0.038752000219	0.996020529012	0.080258259791	-0.339087477896
0.995545803917	-0.031575350537	-0.088834393916	1.419853508422
0.000000000000	0.000000000000	0.000000000000	1.000000000000
2	28	38
0.979976999461	0.106928413868	-0.167962480440	1.281796830345
-0.082912397409	0.986095694035	0.144016723204	-0.166757528977
0.181026558504	-0.127206904350	0.975216790566	-0.509005856641
0.000000000000	0.000000000000	0.000000000000	1.000000000000
2	30	38
0.303667172755	0.189774950590	0.933687161912	-3.036808981294
-0.351632665088	0.933105212555	-0.075293632835	1.775365599681
-0.885517203127	-0.305450700492	0.350084493423	1.956488571722
0.000000000000	0.000000000000	0.000000000000	1.000000000000
3	5	38
0.825955784225	0.045591200785	-0.561888320680	0.822813713690
-0.012098800603	0.997928405462	0.063186364009	-0.111225487862
0.563605058112	-0.045390968084	0.824796337581	1.038454187138
0.000000000000	0.000000000000	0.000000000000	1.000000000000
3	6	38
0.576526571101	0.113371978739	-0.809174831079	1.195408787416
-0.060991967534	0.993535406954	0.095746409986	-0.170667275132
0.814798805050	-0.005847184417	0.579714341485	1.021192932335
0.000000000000	0.000000000000	0.000000000000	1.000000000000
3	7	38
0.258690679605	0.122666048421	-0.958139954730	1.579401646752
-0.046126331107	0.992341313960	0.114590916687	-0.400322607769
0.964858276569	0.014551878684	0.262367583673	1.128548311554
0.000000000000	0.000000000000	0.000000000000	1.000000000000
3	8	38
0.080245002969	0.028902484129	-0.996356053783	1.887432501944
-0.144801159761	0.989314102757	0.017036144453	-0.260498732755
0.986201482269	0.142906446660	0.083572626335	1.024152449235
0.000000000000	0.000000000000	0.000000000000	1.000000000000
3	30	38
-0.489381263087	0.171960712913	-0.854947654862	2.179063732470
-0.862025481612	-0.243754835286	0.444404825948	-1.558832793505
-0.131977454097	0.954470058980	0.267523565543	0.989674027894
0.000000000000	0.000000000000	0.000000000000	1.000000000000
4	7	38
0.524291166744	0.113526977605	-0.843937437154	1.123251193035
-0.156443086146	0.987045596910	0.035588627650	-0.199839793795
0.837045000744	0.113369374070	0.535259798371	0.197467351285
0.000000000000	0.000000000000	0.000000000000	1.000000000000
4	8	38
0.381001834206	0.019814092683	-0.924361944296	1.410969129033
-0.111691171183	0.993434908541	-0.024741963766	-0.182790370488
0.917803184028	0.112669801733	0.380713581536	0.036851901656
0.000000000000	0.000000000000	0.000000000000	1.000000000000
5	9	38
0.408701781779	0.160167948987	-0.898503801711	1.053161301900
-0.133796304158	0.984358915451	0.114612715554	-0.192779916571
0.902807511358	0.073374066880	0.423739122273	-0.911326854229
0.000000000000	0.000000000000	0.000000000000	1.000000000000
6	9	38
0.649213038337	0.030286179480	-0.760003406694	0.690230680788
-0.040628584603	0.999161247538	0.005110727117	-0.101791380000
0.759520736364	0.027559912028	0.649898993908	-0.805233630998
0.000000000000	0.000000000000	0.000000000000	1.000000000000
6	10	38
0.597010402183	0.036746204490	-0.801391474961	0.696283354731
-0.046494250487	0.998856172283	0.011163859686	-0.064764695050
0.800885050651	0.030595155614	0.598036012374	-0.826416740283
0.000000000000	0.000000000000	0.000000000000	1.000000000000
8	9	38
0.937895234007	-0.019348119854	-0.346378666037	0.112075474749
0.049758302392	0.995622678109	0.079117597149	-0.048373961003
0.343331678368	-0.091439231699	0.934752494265	-0.339848544934
0.000000000000	0.000000000000	0.000000000000	1.000000000000
8	10	38
0.862267636680	-0.011688343983	-0.506317988372	0.368526983870
0.060466206067	0.994958706974	0.080006308127	-0.027931273810
0.502830349778	-0.099601978048	0.858627442673	-0.289506663197
0.000000000000	0.000000000000	0.000000000000	1.000000000000
9	11	38
0.999756500629	-0.020163881691	-0.008964224697	-0.003196349566
0.020451197082	0.999239230237	0.033207066907	0.140460131723
0.008287821617	-0.033382310133	0.999408291632	0.269199749009
0.000000000000	0.000000000000	0.000000000000	1.000000000000
9	27	38
0.597549259587	-0.237477172931	0.765858651909	-1.659312128062
0.100444366951	0.969781493538	0.222339344108	0.077382423304
-0.795516066158	-0.055932522984	0.603345457725	0.932743301606
0.000000000000	0.000000000000	0.000000000000	1.000000000000
9	28	38
0.156708166968	-0.072103786837	0.985009438701	-1.800339510867
0.011924654785	0.997396952928	0.071113436827	0.252334129070
-0.987572960856	0.000601841185	0.157160060999	1.124789323116
0.000000000000	0.000000000000	0.000000000000	1.000000000000
10	27	38
-0.101305695799	-0.181690331366	0.978123601334	-2.335820945171
0.041562497644	0.981550415380	0.186631564473	0.018197180039
-0.993986777975	0.059560100373	-0.091885143823	2.246880272832
0.000000000000	0.000000000000	0.000000000000	1.000000000000
10	28	38
-0.019536060151	-0.105558392527	0.994221186719	-1.756593473590
0.019875507683	0.994173455903	0.105943870860	0.105256826062
-0.999611577838	0.021830376669	-0.017324205794	1.502164379514
0.000000000000	0.000000000000	0.000000000000	1.000000000000
13	16	38
0.968344096603	-0.111552802531	-0.223306253432	0.072850372858
0.133264435938	0.987463192049	0.084599258050	0.003905713390
0.211069421491	-0.111679974014	0.971070173940	0.600279439397
0.000000000000	0.000000000000	0.000000000000	1.000000000000
13	17	38
-0.956800295203	-0.244629269213	0.157129614471	-0.856444441421
0.211931476437	-0.956790636650	-0.199089745878	0.098064263870
0.199043322908	-0.157188416441	0.967302205798	0.391521208470
0.000000000000	0.000000000000	0.000000000000	1.000000000000
13	18	38
-0.709178832760	0.015970186845	0.704847739798	-1.468229540896
0.697282050548	-0.131907121212	0.704555358618	-1.213042798094
0.104226316969	0.991133424169	0.082410013623	1.256477914428
0.000000000000	0.000000000000	0.000000000000	1.000000000000
14	18	38
0.810299226032	0.189153921179	-0.554649401330	0.203743919885
-0.139463278110	0.981525418700	0.130987963202	-0.097726019698
0.569179372739	-0.028786221491	0.821709313018	1.312558395382
0.000000000000	0.000000000000	0.000000000000	1.000000000000
15	18	38
0.851388428851	0.127594879478	-0.508780198072	0.211007748147
-0.088217645192	0.990977663474	0.100900533067	-0.136095517835
0.517064203263	-0.041022155324	0.854963035737	1.237330089376
0.000000000000	0.000000000000	0.000000000000	1.000000000000
17	20	38
0.486039184800	0.041055759391	-0.872972127539	0.515633821084
-0.038506854153	0.998931884354	0.025540411185	-0.016428337410
0.873088273328	0.021201769763	0.487100966881	1.314775089040
0.000000000000	0.000000000000	0.000000000000	1.000000000000
19	21	38
-0.642563438189	-0.016199163668	0.766061234497	-2.884322975971
0.185750592944	0.966661199219	0.176246540806	-0.489996284902
-0.743376718175	0.255545911768	-0.618132139477	5.048361502406
0.000000000000	0.000000000000	0.000000000000	1.000000000000
20	22	38
0.701991700185	0.117336647207	-0.702452677477	0.472638978330
-0.007543471641	0.987504096782	0.157412689684	-0.111930985563
0.712145174039	-0.105203469810	0.694104805510	-0.173062862230
0.000000000000	0.000000000000	0.000000000000	1.000000000000
21	23	38
0.898257582125	0.106617535674	-0.426340259936	0.011914250848
-0.044602156490	0.987232937136	0.152911005067	0.096415936064
0.437200141573	-0.118337774700	0.891544843116	-0.156441173640
0.000000000000	0.000000000000	0.000000000000	1.000000000000
21	24	38
0.762562276034	0.146091798391	-0.630203111396	0.061694586274
-0.058713579099	0.985776059275	0.157474685549	0.068323357787
0.644244899708	-0.083082774401	0.760293207781	0.374649282942
0.000000000000	0.000000000000	0.000000000000	1.000000000000
21	25	38
0.654069080206	0.190961172108	-0.731934060600	0.148510742488
-0.059230971697	0.977568571901	0.202117241282	-0.038307745259
0.754112279645	-0.088845472471	0.650708192442	0.845437426796
0.000000000000	0.000000000000	0.000000000000	1.000000000000
22	25	38
0.875130618788	0.132452302258	-0.465406046036	0.429081367951
-0.087314219281	0.989244518115	0.117352079194	-0.043987187885
0.475943932803	-0.062061832122	0.877283136634	0.850156566494
0.000000000000	0.000000000000	0.000000000000	1.000000000000
22	26	38
0.470910986023	0.191573166861	-0.861128657624	0.591368733737
-0.124029439675	0.980818163124	0.150374296273	-0.122334124557
0.873418308336	0.035992396763	0.485638760848	1.662807834373
0.000000000000	0.000000000000	0.000000000000	1.000000000000
23	26	38
0.635687011308	0.190248029496	-0.748136158014	0.764075652809
-0.166810920026	0.980111144199	0.107500055711	-0.376402738440
0.753708259617	0.056460891693	0.654779372839	1.475670786341
0.000000000000	0.000000000000	0.000000000000	1.000000000000
23	27	38
0.141274149532	0.223214118865	-0.964477616025	0.594232464543
-0.225211644901	0.955950226521	0.188252169752	-0.538816250587
0.964013137709	0.190616425196	0.185321474121	2.163458572628
0.000000000000	0.000000000000	0.000000000000	1.000000000000
24	26	38
0.818961821544	0.143251176901	-0.555680335417	0.734529926408
-0.139287043276	0.989005138381	0.049678524855	-0.248180678478
0.556687214177	0.036714255720	0.829910482521	0.860978712406
0.000000000000	0.000000000000	0.000000000000	1.000000000000
24	27	38
0.530154144557	0.199236998814	-0.824160907416	0.718595944647
-0.192147174113	0.974944140280	0.112086514864	-0.376478984357
0.825842628162	0.098937058971	0.555153502982	1.354421385222
0.000000000000	0.000000000000	0.000000000000	1.000000000000
24	33	38
0.726731297068	-0.150554217369	0.670220150021	-0.702491532988
0.173945997626	0.984219521943	0.032476492046	-0.864974470005
-0.664533228493	0.092980429436	0.741451433319	2.646696958013
0.000000000000	0.000000000000	0.000000000000	1.000000000000
24	34	38
0.521617290014	-0.089083224377	0.848516105854	-1.125905738348
0.129364618262	0.991293208860	0.024547293331	-1.174900153659
-0.843315005381	0.096963669499	0.528599894529	2.761536564470
0.000000000000	0.000000000000	0.000000000000	1.000000000000
24	35	38
0.490247794887	0.083915381097	0.867534038770	-1.164008134019
0.067770251594	0.988670787945	-0.133930079007	-0.850709174061
-0.868944355300	0.124451925976	0.479006707169	2.877543961512
0.000000000000	0.000000000000	0.000000000000	1.000000000000
24	36	38
0.503811452963	-0.044768700403	0.862652759416	-1.150948190430
0.325110192417	0.935053192460	-0.141346701613	-1.416829198185
-0.800298308539	0.351669291714	0.485645268293	2.908500596347
0.000000000000	0.000000000000	0.000000000000	1.000000000000
24	37	38
0.635863823520	-0.090053404145	0.766529570428	-1.105838417828
0.209530673779	0.976011391076	-0.059149482123	-0.779590474769
-0.742814980116	0.198222473225	0.639479285376	2.555377954805
0.000000000000	0.000000000000	0.000000000000	1.000000000000
25	27	38
0.112176666307	0.034453798990	-0.993090797093	0.627437349320
0.333869010144	-0.942606162865	0.005010568312	0.275867244525
-0.935920872511	-0.332124310258	-0.117241472756	1.204212223390
0.000000000000	0.000000000000	0.000000000000	1.000000000000
25	30	38
-0.303823497272	-0.089403640122	0.948524259910	-2.035683308978
-0.882561363375	0.401408915725	-0.244859801221	1.204374593779
-0.358854737160	-0.911525025169	-0.200861659129	2.309918468279
0.000000000000	0.000000000000	0.000000000000	1.000000000000
25	31	38
-0.025421095998	0.030400165246	-0.999214490403	3.647979941027
-0.137220563409	0.989970144987	0.033609954053	-0.377388492532
0.990214262095	0.137967177208	-0.020994598288	3.721636678531
0.000000000000	0.000000000000	0.000000000000	1.000000000000
25	32	38
0.711253832546	-0.096518645144	0.696277341889	-0.103818025156
0.182853496140	0.981832846226	-0.050683932573	-0.755732365429
-0.678736019847	0.163365887538	0.715981146506	2.629302798664
0.000000000000	0.000000000000	0.000000000000	1.000000000000
25	33	38
0.599623176838	-0.199031767714	0.775137665992	-0.569753864271
0.240509859901	0.968621984290	0.062661462159	-0.801675737676
-0.763287005712	0.148854986446	0.628677293944	2.428682204840
0.000000000000	0.000000000000	0.000000000000	1.000000000000
25	34	38
0.342752648441	-0.094234649218	0.934687355683	-0.958939226009
0.126068389225	0.990570345695	0.053639085258	-0.925787656740
-0.930928237420	0.099449590828	0.351400619890	2.671229013866
0.000000000000	0.000000000000	0.000000000000	1.000000000000
25	35	38
0.355740468233	-0.024018127267	0.934276109522	-0.997183123592
0.339772106653	0.934589123547	-0.105347452213	-0.824900804792
-0.870634041835	0.354917313905	0.340631862115	2.638872088659
0.000000000000	0.000000000000	0.000000000000	1.000000000000
25	36	38
0.438488340690	0.083187798960	0.894878631538	-1.024294897445
0.231645748036	0.951603728721	-0.201966806435	-0.831371058078
-0.868371016615	0.295854919832	0.397997040083	2.691995906474
0.000000000000	0.000000000000	0.000000000000	1.000000000000
25	37	38
0.371370611443	-0.072370280319	0.925659986973	-1.034415105362
0.251399825063	0.967554827352	-0.025214758118	-0.721718222070
-0.893801989769	0.242074778932	0.377515303650	2.729273107909
0.000000000000	0.000000000000	0.000000000000	1.000000000000
28	29	38
0.004051066757	-0.743782931544	0.668408961342	-2.048584900211
-0.008248593461	0.668366851740	0.743786066151	-2.762108668517
-0.999957773891	-0.008526560795	-0.003427564291	1.640585542694
0.000000000000	0.000000000000	0.000000000000	1.000000000000
28	30	38
-0.994726636289	0.039908184668	0.094478864592	-0.097208622317
-0.053730270111	0.581886390745	-0.811493244790	1.656701548411
-0.087361187789	-0.812290320675	-0.576673614626	4.752649385378
0.000000000000	0.000000000000	0.000000000000	1.000000000000
29	31	38
0.796735265822	-0.092517252903	0.597204717086	0.127126881748
-0.004101975545	0.987361419280	0.158431693526	0.105349672043
-0.604314562121	-0.128677836601	0.786286159344	1.074113056720
0.000000000000	0.000000000000	0.000000000000	1.000000000000
30	32	38
0.625394024727	-0.059945236922	0.778003137786	-0.389047701796
0.048446772288	0.998104164078	0.037960346493	-0.068244656860
-0.778803713454	0.013951566982	0.627112533513	1.055418032965
0.000000000000	0.000000000000	0.000000000000	1.000000000000
30	33	38
0.400667296280	-0.103476445715	0.910361654989	-0.961083905634
0.135153818353	0.989407315201	0.052977448133	0.035618417518
-0.906200398960	0.101812522847	0.410408390650	1.084353184944
0.000000000000	0.000000000000	0.000000000000	1.000000000000
30	34	38
0.131540079990	-0.033305033632	0.990751221090	-1.310099898619
0.148378533447	0.988837933009	0.013540792251	-0.067652453525
-0.980143366130	0.145225056301	0.135013572851	1.429034824379
0.000000000000	0.000000000000	0.000000000000	1.000000000000
30	35	38
0.153917173465	0.127622124673	0.979807173380	-1.320435314964
0.096162247920	0.984981545190	-0.143402153783	0.000511499638
-0.983393271173	0.116292514499	0.139333144958	1.376199926084
0.000000000000	0.000000000000	0.000000000000	1.000000000000
30	36	38
0.311800519561	0.154380752607	0.937521743335	-1.293538979190
0.123071506283	0.971837166494	-0.200962499394	0.004996396492
-0.942143216471	0.178042424849	0.284019461677	1.245103370413
0.000000000000	0.000000000000	0.000000000000	1.000000000000
30	37	38
0.183242287862	-0.066506767042	0.980815535091	-1.356505579267
0.098492850253	0.993930906320	0.048995019252	-0.069115244628
-0.978121374057	0.087625358202	0.188680614298	1.372996690028
0.000000000000	0.000000000000	0.000000000000	1.000000000000
31	35	38
0.451031518840	0.104603175090	0.886357007517	-1.384284781066
0.065325212364	0.986575374572	-0.149671797336	0.014232822841
-0.890114141918	0.125408157826	0.438143365017	0.280445987398
0.000000000000	0.000000000000	0.000000000000	1.000000000000
