0	1	55
0.988494135816	0.108861242158	0.105017014876	-0.302612076585
-0.104301535436	0.993387147673	-0.047991296549	0.115079818034
-0.109546945020	0.036485679310	0.993311764776	-0.169052371376
0.000000000000	0.000000000000	0.000000000000	1.000000000000
0	2	55
0.997803736459	0.016108747118	-0.064251161658	-0.531968067064
-0.000207671700	0.970735026510	0.240153003684	-0.032301730139
0.066239417121	-0.239612221250	0.968606381895	-0.403117916184
0.000000000000	0.000000000000	0.000000000000	1.000000000000
0	3	55
0.996460644234	0.083784912303	-0.006802423291	-0.570676171193
-0.083870174530	0.985498850113	-0.147505288890	0.059426094441
-0.005654937363	0.147553735624	0.989037874293	-0.136022431590
0.000000000000	0.000000000000	0.000000000000	1.000000000000
0	10	55
0.893014904616	-0.062282313806	0.445696414077	-0.505265461045
-0.032772454355	0.978747007931	0.202435818722	-0.233865856769
-0.448832202911	-0.195384768733	0.871994521644	-0.371214564098
0.000000000000	0.000000000000	0.000000000000	1.000000000000
0	19	55
0.050969700320	-0.163920675798	0.985155876852	-1.814975825317
0.181826898639	0.971474598167	0.152236933913	-0.610404118923
-0.982008690685	0.171368366865	0.079320957240	2.327169031078
0.000000000000	0.000000000000	0.000000000000	1.000000000000
0	35	55
0.918221538384	-0.036607315206	0.394371792755	-2.098500866292
0.002978630203	0.996329556525	0.085548480742	0.053556428342
-0.396055973581	-0.077377769861	0.914960297785	-0.069882185291
0.000000000000	0.000000000000	0.000000000000	1.000000000000
0	36	55
0.331894700082	-0.217434044896	0.917915216225	-1.624135765709
0.176253200910	0.970230068276	0.166097633285	-0.023235865193
-0.926704223162	0.106658570840	0.360337663920	0.516377906156
0.000000000000	0.000000000000	0.000000000000	1.000000000000
0	43	55
0.998372598453	0.008142715241	0.056443341910	0.383258710082
-0.040287135990	0.801218406296	0.597014247808	-0.381551944216
-0.040362127436	-0.598316606489	0.800242548899	-0.717135089741
0.000000000000	0.000000000000	0.000000000000	1.000000000000
0	44	55
0.980022766050	-0.165381680893	0.110472972481	0.438869079265
0.122739265769	0.939990935545	0.318358467348	-0.364172090614
-0.156494251211	-0.298439174236	0.941511342799	-0.719867311484
0.000000000000	0.000000000000	0.000000000000	1.000000000000
0	45	55
0.997955965399	0.060768536867	-0.019775642864	0.341225826862
-0.056704552176	0.984746810880	0.164494109998	-0.081730305146
0.029470067632	-0.163036509373	0.986179806995	-0.660553414349
0.000000000000	0.000000000000	0.000000000000	1.000000000000
0	54	55
0.878987307107	0.263424692122	-0.397477981182	0.140992482841
-0.167307630467	0.950938332790	0.260239205382	-0.049599607042
0.446530481302	-0.162245859149	0.879935685410	-0.256117408996
0.000000000000	0.000000000000	0.000000000000	1.000000000000
1	2	55
0.974266547228	-0.070371300955	-0.214132143672	-0.114929988345
0.126019868332	0.957721176984	0.258629348569	-0.160940787569
0.186878804944	-0.278958826994	0.941943886389	-0.250306074283
0.000000000000	0.000000000000	0.000000000000	1.000000000000
1	3	55
0.992381893598	-0.030438433662	-0.119380396274	-0.208972226632
0.019285558586	0.995433476942	-0.093489358823	-0.127853725234
0.121680912589	0.090474829314	0.988437180994	0.010007890393
0.000000000000	0.000000000000	0.000000000000	1.000000000000
1	10	55
0.937736856642	-0.148713677549	0.313900987262	-0.106797707272
0.055767613754	0.956447388119	0.286528126049	-0.383674535426
-0.342840430741	-0.251182475246	0.905189374208	-0.215398493141
0.000000000000	0.000000000000	0.000000000000	1.000000000000
1	11	55
0.920860373159	0.268640968867	-0.282574243327	-0.526453942290
-0.153280442258	0.915831011071	0.371158544535	-0.454978397325
0.358498645976	-0.298472090834	0.884529893122	0.182953179358
0.000000000000	0.000000000000	0.000000000000	1.000000000000
1	35	55
0.951818947495	-0.132042421208	0.276776968316	-1.749313486277
0.090106941866	0.983133331100	0.159152732642	-0.253900033417
-0.293123574993	-0.126545060280	0.947662871227	-0.108436671760
0.000000000000	0.000000000000	0.000000000000	1.000000000000
1	43	55
0.994168160984	0.029813456984	-0.103637953805	0.877593187483
0.041263544001	0.782727205349	0.620995524897	-0.431125848406
0.099634269319	-0.621650448233	0.776932257400	-0.433021480767
0.000000000000	0.000000000000	0.000000000000	1.000000000000
1	44	55
0.968600255175	-0.244144659412	-0.046977983737	0.903724949728
0.244176772119	0.898565181322	0.364634500388	-0.394135628827
-0.046810785432	-0.364656002551	0.929964918785	-0.421201514535
0.000000000000	0.000000000000	0.000000000000	1.000000000000
1	45	55
0.989347180578	-0.027826779442	-0.142890960626	0.735594620153
0.060293247721	0.971740957811	0.228219708157	-0.227616162950
0.132502379458	-0.234403884904	0.963066943769	-0.375058671898
0.000000000000	0.000000000000	0.000000000000	1.000000000000
1	54	55
0.840542880141	0.142870818277	-0.522566355528	0.471747256843
-0.017540682153	0.971269890944	0.237333359254	-0.115884481340
0.541460978386	-0.190322694995	0.818900043141	-0.026342349990
0.000000000000	0.000000000000	0.000000000000	1.000000000000
2	3	55
0.993106149364	0.102969683153	0.056012681127	-0.013697105111
-0.074985944114	0.925356884735	-0.371606975257	0.007987852791
-0.090095972614	0.364845008498	0.926698891492	0.275724518168
0.000000000000	0.000000000000	0.000000000000	1.000000000000
2	10	55
0.845496806253	-0.064214730314	0.530105290510	-0.048897968299
0.073694307431	0.997275528830	0.003266289908	-0.228111002650
-0.528870777854	0.036304104564	0.847925534657	-0.000326447413
0.000000000000	0.000000000000	0.000000000000	1.000000000000
2	11	55
0.935217888490	0.338049339648	-0.105309757440	-0.244763291444
-0.325945027764	0.938137569367	0.116866333123	-0.338347753386
0.138301626615	-0.074970293487	0.987548538134	0.414642988759
0.000000000000	0.000000000000	0.000000000000	1.000000000000
2	34	55
0.961865450203	-0.040849295937	0.270455524491	-1.640847287835
0.021114975181	0.996923763979	0.075479577620	0.264946990241
-0.272706827068	-0.066890536222	0.959769056927	0.059924732609
0.000000000000	0.000000000000	0.000000000000	1.000000000000
2	35	55
0.894888887920	-0.008061615913	0.446216190458	-1.539127851595
0.082023488960	0.985776097766	-0.146688896419	0.031622218607
-0.438686705448	0.167870472158	0.882821317731	0.451911849948
0.000000000000	0.000000000000	0.000000000000	1.000000000000
2	43	55
0.988573786186	-0.009379502847	0.150445651954	0.801382751654
-0.053815703839	0.910327308124	0.410375513529	-0.357145944115
-0.140803903659	-0.413782813817	0.899420949113	-0.441530777999
0.000000000000	0.000000000000	0.000000000000	1.000000000000
2	44	55
0.952318705193	-0.195166318233	0.234519065254	0.770274715821
0.176761715529	0.979432476010	0.097300158586	-0.258641145622
-0.248685302468	-0.051206768741	0.967229800601	-0.445249920580
0.000000000000	0.000000000000	0.000000000000	1.000000000000
2	45	55
0.996246825272	0.040734735037	0.076373716003	0.785628587736
-0.037066033413	0.998117933290	-0.048853867931	-0.050289746286
-0.078220024941	0.045839640120	0.995881697338	-0.323615399221
0.000000000000	0.000000000000	0.000000000000	1.000000000000
2	46	55
0.836911376858	0.301802159697	-0.456612312239	0.559910242974
-0.302325441190	0.950327664477	0.074004444049	-0.167798411764
0.456266013302	0.076110357588	0.886582505226	0.155231139626
0.000000000000	0.000000000000	0.000000000000	1.000000000000
2	53	55
0.796601422167	0.266282301892	-0.542696885840	0.333158425697
-0.301152823542	0.953230382402	0.025667390581	-0.052023780860
0.524149931865	0.142988019658	0.839536345348	0.077983431960
0.000000000000	0.000000000000	0.000000000000	1.000000000000
2	54	55
0.921610800443	0.219142291213	-0.320328251500	0.616710351846
-0.221804646039	0.974670453383	0.028639243997	-0.036944010508
0.318490551669	0.044656057856	0.946873595045	0.084108969647
0.000000000000	0.000000000000	0.000000000000	1.000000000000
3	10	55
0.905268328344	-0.128150021851	0.405051633248	0.148928762031
-0.033013167849	0.929318724551	0.367799998569	-0.322835660775
-0.423555645041	-0.346329727425	0.837052170092	-0.202322500033
0.000000000000	0.000000000000	0.000000000000	1.000000000000
3	35	55
0.928243640564	-0.085917548630	0.361914242037	-1.449330909589
0.001582683938	0.973862406324	0.227133239883	-0.034749460609
-0.371969405817	-0.210262189624	0.904117565779	0.021166970223
0.000000000000	0.000000000000	0.000000000000	1.000000000000
3	45	55
0.999751081324	-0.009944899568	-0.019971839265	0.871275436209
0.016050912724	0.942352589300	0.334236391854	-0.220629497325
0.015496567096	-0.334473760423	0.942277644857	-0.486468132060
0.000000000000	0.000000000000	0.000000000000	1.000000000000
3	54	55
0.905620777203	0.160117720516	-0.392700042622	0.621969023366
-0.011219401984	0.934707801853	0.355239989548	-0.077888905442
0.423940010990	-0.317306855790	0.848287231043	-0.127472401935
0.000000000000	0.000000000000	0.000000000000	1.000000000000
4	5	55
0.925624614815	-0.062267356719	0.373285210980	0.233732117002
0.054777474716	0.998028058729	0.030649995975	-0.024948462776
-0.374457608700	-0.007922769512	0.927210185994	0.087450288835
0.000000000000	0.000000000000	0.000000000000	1.000000000000
4	6	55
0.910299575100	-0.117029725307	0.397062623482	0.438833901178
0.074808748745	0.989919515422	0.120262230552	0.039666412083
-0.407134295636	-0.079770899336	0.909878161589	-0.327147849796
0.000000000000	0.000000000000	0.000000000000	1.000000000000
4	9	55
0.970716070187	0.208901357997	-0.118619280506	0.690050351577
-0.132638640085	0.877756450859	0.460380933720	-0.319269528155
0.200293040911	-0.431165670715	0.879760684595	-0.200059533705
0.000000000000	0.000000000000	0.000000000000	1.000000000000
4	10	55
0.801963120704	0.326802667903	-0.500055166239	0.564498144117
-0.144503943336	0.918356702328	0.368428524480	-0.311441372055
0.579632438181	-0.223206145841	0.783712481122	-0.238399350990
0.000000000000	0.000000000000	0.000000000000	1.000000000000
4	18	55
0.438935910970	-0.267892748937	0.857653042394	-2.381515203595
0.029755492665	0.958329523549	0.284111131340	-0.125939374972
-0.898025543466	-0.099186689439	0.428616523154	-0.347602594234
0.000000000000	0.000000000000	0.000000000000	1.000000000000
4	19	55
0.917078021075	-0.027757271714	0.397740414251	-2.359061068721
-0.035856252520	0.987789859668	0.151609769776	-0.094215387488
-0.397092221551	-0.153299468373	0.904885097999	-0.149572912749
0.000000000000	0.000000000000	0.000000000000	1.000000000000
4	20	55
0.563918009835	-0.068129895680	0.823015671478	-2.354973961603
0.039197777590	0.997676111616	0.055730696593	-0.093199720087
-0.824900001464	0.000832841734	0.565278067821	-0.224022969954
0.000000000000	0.000000000000	0.000000000000	1.000000000000
4	36	55
0.987671643788	0.001740266585	0.156530174504	-0.706845779845
-0.036614776343	0.974768650368	0.220194088053	0.103583938087
-0.152197510529	-0.223210774230	0.962815074693	-0.804496090126
0.000000000000	0.000000000000	0.000000000000	1.000000000000
4	37	55
0.761516256581	-0.222384890291	0.608800420116	-0.185729350323
0.072931663310	0.962730583567	0.260443460183	-0.038932959165
-0.644029474054	-0.153931101587	0.749353890038	-0.128433258231
0.000000000000	0.000000000000	0.000000000000	1.000000000000
5	6	55
0.998668332011	-0.051584652993	-0.000765646096	0.413471990396
0.051443834790	0.994605125424	0.090078723029	0.052458943005
-0.003885164138	-0.089998155849	0.995934353983	-0.316308564891
0.000000000000	0.000000000000	0.000000000000	1.000000000000
5	7	55
0.995465585887	0.085298074076	0.042101138624	0.705158610967
-0.094608710460	0.933767375878	0.345148779007	-0.052645194321
-0.009872143616	-0.347566865947	0.937603228704	-0.288870150275
0.000000000000	0.000000000000	0.000000000000	1.000000000000
5	8	55
0.971928817264	0.153891277946	-0.177965863984	0.684191638273
-0.038936743567	0.851195395134	0.523402645488	-0.279355204287
0.232030825908	-0.501780702973	0.833293358880	-0.130889885273
0.000000000000	0.000000000000	0.000000000000	1.000000000000
5	9	55
0.822045696332	0.402268843375	-0.403014454818	0.477849704429
-0.170519342147	0.849188544806	0.499801930092	-0.372875372693
0.543290002757	-0.342138265940	0.766666407171	-0.079398938606
0.000000000000	0.000000000000	0.000000000000	1.000000000000
5	37	55
0.954724648976	-0.100896803180	0.279858320845	-0.263544696070
0.021627793257	0.961780364238	0.272966608808	-0.064167630986
-0.296703695961	-0.254555231872	0.920417595839	-0.356516879145
0.000000000000	0.000000000000	0.000000000000	1.000000000000
5	38	55
0.966092488595	-0.106390436551	0.235258110360	0.298016202107
0.021402022321	0.941021582946	0.337668970843	-0.130900776987
-0.257307708630	-0.321184457034	0.911390853388	0.115942082585
0.000000000000	0.000000000000	0.000000000000	1.000000000000
5	39	55
0.908887586575	0.223234756677	-0.352263535413	0.757752185641
-0.069881443315	0.914252666349	0.399072231498	-0.150249875122
0.411144669004	-0.338095113074	0.846552866432	0.417200841266
0.000000000000	0.000000000000	0.000000000000	1.000000000000
5	40	55
0.918817876987	0.320888793769	-0.229791407503	0.992160508162
-0.096145245218	0.746657734252	0.658223609196	-0.371054239706
0.382792111662	-0.582694267961	0.716894405986	0.427553454516
0.000000000000	0.000000000000	0.000000000000	1.000000000000
5	41	55
0.912870616452	0.362995231784	-0.186819964994	0.857854844203
-0.081512575138	0.610461760719	0.787840173381	-0.566580950258
0.400028671113	-0.703967968307	0.586861279934	0.536059670857
0.000000000000	0.000000000000	0.000000000000	1.000000000000
6	7	55
0.986830623232	0.156275742996	0.041751804785	0.319276672403
-0.161730755763	0.957884402691	0.237277545760	-0.109758800824
-0.002912677828	-0.240905299303	0.970544256114	0.022509609112
0.000000000000	0.000000000000	0.000000000000	1.000000000000
6	8	55
0.955409396174	0.243116921877	-0.167591909111	0.294104093314
-0.133758246739	0.862315328918	0.488386122798	-0.431269304899
0.263252003092	-0.444191890752	0.856383060936	0.185199168914
0.000000000000	0.000000000000	0.000000000000	1.000000000000
6	9	55
0.797167897784	0.406249912939	-0.446636710291	0.154925285913
-0.243724050504	0.893337494457	0.377553583222	-0.363448517468
0.552378430017	-0.192117488102	0.811152846766	0.166845508371
0.000000000000	0.000000000000	0.000000000000	1.000000000000
6	37	55
0.964402130703	-0.028825839616	0.262864225917	-0.628434863337
-0.000387281927	0.993885943787	0.110410963026	0.013659762184
-0.264439747975	-0.106582370559	0.958494558136	-0.088449860671
0.000000000000	0.000000000000	0.000000000000	1.000000000000
6	38	55
0.973636943160	-0.041490815529	0.224298049793	-0.071857448528
-0.009498991732	0.975089967133	0.221606238975	-0.198048487533
-0.227905401582	-0.217894626422	0.948989493992	0.392720431627
0.000000000000	0.000000000000	0.000000000000	1.000000000000
6	39	55
0.914056398230	0.247045602851	-0.321666552452	0.322888049066
-0.154115055003	0.945159555870	0.287961740114	-0.246215503339
0.375165897538	-0.213639612573	0.902002586063	0.694324364755
0.000000000000	0.000000000000	0.000000000000	1.000000000000
6	40	55
0.884598123920	0.393564753179	-0.250185819367	0.629156571964
-0.191327624863	0.795517488010	0.574931009978	-0.508068548510
0.425299775595	-0.460715434216	0.779013086895	0.721356960545
0.000000000000	0.000000000000	0.000000000000	1.000000000000
6	41	55
0.880796691867	0.437337861378	-0.181473917137	0.460686339090
-0.178509514546	0.661691625408	0.728216002352	-0.722183885369
0.438556200290	-0.609015424985	0.660884764023	0.808549535306
0.000000000000	0.000000000000	0.000000000000	1.000000000000
7	8	55
0.967130891104	0.073914959141	-0.243299030594	0.018520412432
-0.028003213729	0.981959300901	0.187007356526	-0.293975443840
0.252732387109	-0.174047436607	0.951753030107	0.055053385554
0.000000000000	0.000000000000	0.000000000000	1.000000000000
7	37	55
0.947206931001	-0.209157515612	0.243006509226	-0.971081755229
0.228369797841	0.972105787233	-0.053456279908	-0.068531319526
-0.225047251254	0.106129506221	0.968550598891	-0.101408682145
0.000000000000	0.000000000000	0.000000000000	1.000000000000
7	38	55
0.956326660959	-0.207258948321	0.206114157397	-0.416569550544
0.215735625031	0.976261360848	-0.019284589909	-0.206893624332
-0.197224383967	0.062908534049	0.978337906202	0.328601579291
0.000000000000	0.000000000000	0.000000000000	1.000000000000
7	39	55
0.928893576024	0.111145930766	-0.353275114458	0.017144485616
-0.107392836725	0.993755607702	0.030274919997	-0.335399150872
0.354434060216	0.009817037987	0.935029476928	0.612435936650
0.000000000000	0.000000000000	0.000000000000	1.000000000000
7	40	55
0.926152039558	0.215989724871	-0.309177680909	0.326304908649
-0.108395679985	0.937625322573	0.330316713217	-0.504356087338
0.361237838803	-0.272409972687	0.891795957940	0.565022181586
0.000000000000	0.000000000000	0.000000000000	1.000000000000
7	41	55
0.916253695618	0.270960546840	-0.295058548975	0.249932034194
-0.096195333969	0.863812313327	0.494544987910	-0.732664366041
0.388877388118	-0.424745417163	0.817536364702	0.602798154356
0.000000000000	0.000000000000	0.000000000000	1.000000000000
8	9	55
0.938161912724	0.256516961372	-0.232489298768	-0.212757326476
-0.277522095310	0.958710809951	-0.062089205964	-0.069849758495
0.206963069479	0.122770645558	0.970615091816	0.037387844540
0.000000000000	0.000000000000	0.000000000000	1.000000000000
8	36	55
0.999272434015	0.012313181662	-0.036096927495	-1.366703186524
-0.024807594581	0.928720602740	-0.369949490198	0.769526063063
0.028968704982	0.370575805476	0.928350357639	-0.440605626209
0.000000000000	0.000000000000	0.000000000000	1.000000000000
8	37	55
0.852782256596	-0.201537019235	0.481814541823	-0.999710505551
0.349632961469	0.905619939266	-0.240019411420	0.228298846435
-0.387968059367	0.373142540434	0.842760600307	0.138186747997
0.000000000000	0.000000000000	0.000000000000	1.000000000000
8	38	55
0.886033591962	-0.226344779047	0.404614032026	-0.273951914540
0.313058649253	0.935807676239	-0.162044053331	-0.004713295363
-0.341963091637	0.270244396964	0.900016227558	0.347808263679
0.000000000000	0.000000000000	0.000000000000	1.000000000000
8	39	55
0.991107819907	0.068086840610	-0.114321789063	0.144046161540
-0.085366344674	0.984408470084	-0.153793859512	-0.156728093462
0.102067999469	0.162185530065	0.981467257387	0.524974631598
0.000000000000	0.000000000000	0.000000000000	1.000000000000
8	40	55
0.987949300762	0.125304614728	-0.090856659918	0.445191670727
-0.115316281285	0.987448929055	0.107920191712	-0.239412732285
0.103239209578	-0.096142425788	0.989999141196	0.358292657433
0.000000000000	0.000000000000	0.000000000000	1.000000000000
8	41	55
0.981873843156	0.163666672667	-0.095587532575	0.380909504019
-0.126228403049	0.940873093066	0.314363186471	-0.519728207638
0.141386514171	-0.296599128459	0.944478062534	0.374906629559
0.000000000000	0.000000000000	0.000000000000	1.000000000000
8	42	55
0.556934869719	0.731269127278	-0.393788032299	0.186485044370
-0.529612041371	0.677908722178	0.509853753570	-0.563701820027
0.639792651197	-0.075400450167	0.764839941157	0.448949351369
0.000000000000	0.000000000000	0.000000000000	1.000000000000
9	10	55
0.921200532291	0.150546759276	-0.358783016010	-0.185967989788
-0.211373465237	0.967810123606	-0.136619262333	0.052644133991
0.326666247874	0.201690946544	0.923368791211	-0.022241854774
0.000000000000	0.000000000000	0.000000000000	1.000000000000
9	20	55
0.332764269259	-0.202307652821	0.921053502634	-3.044258651837
0.583747222040	0.811276515095	-0.032704691020	-0.277839555869
-0.740612666557	0.548545376122	0.388060367045	0.531747544286
0.000000000000	0.000000000000	0.000000000000	1.000000000000
9	36	55
0.936177946128	-0.158434744117	0.313798159714	-1.522280819062
0.231346349351	0.949792582760	-0.210648798659	0.392505058239
-0.264669076066	0.269800818366	0.925828169038	-0.180592884987
0.000000000000	0.000000000000	0.000000000000	1.000000000000
9	43	55
0.653588039977	0.554669425795	-0.514941260813	0.597435077504
-0.415079412032	0.831619739233	0.368941311085	-0.332390722602
0.632875782209	-0.027394112609	0.773768574503	0.289783223008
0.000000000000	0.000000000000	0.000000000000	1.000000000000
9	44	55
0.788613869197	0.179985706239	-0.587956895410	0.594054875644
-0.186663445294	0.981151595095	0.049983053468	-0.273513199213
0.585871080956	0.070332730592	0.807346507707	0.287252402305
0.000000000000	0.000000000000	0.000000000000	1.000000000000
9	45	55
0.619965919283	0.258968977986	-0.740660061951	0.557327931440
-0.394582383581	0.918816267957	-0.009022655120	-0.098129644298
0.678193926171	0.297845151343	0.671819368823	0.396931169419
0.000000000000	0.000000000000	0.000000000000	1.000000000000
10	18	55
-0.193510805891	-0.360195819461	0.912585634144	-2.498736622753
0.397278752991	0.821727093957	0.408575789148	-0.637506516809
-0.897063632317	0.441614712956	-0.015914926186	1.559990093740
0.000000000000	0.000000000000	0.000000000000	1.000000000000
10	19	55
0.492769785146	-0.264515501614	0.828980993903	-2.330811155096
0.372066520308	0.925246351641	0.074065465915	-0.815135014618
-0.786603104057	0.271938850077	0.554350808158	1.658126900557
0.000000000000	0.000000000000	0.000000000000	1.000000000000
10	20	55
-0.011525971150	-0.151633026072	0.988369656249	-2.355081991968
0.401579202763	0.904519574084	0.143452026849	-0.605541421690
-0.915751765435	0.398562122514	0.050467203207	1.542753477617
0.000000000000	0.000000000000	0.000000000000	1.000000000000
10	35	55
0.997317264709	-0.028113266185	-0.067586372723	-1.565401212329
0.018711721516	0.990543981366	-0.135913547734	0.360005507262
0.070768248469	0.134284270278	0.988412661678	-0.391127961897
0.000000000000	0.000000000000	0.000000000000	1.000000000000
10	36	55
0.716041111252	-0.272193556041	0.642803076414	-1.387583391717
0.322705348487	0.945613432218	0.040945022487	0.095762146547
-0.618988194601	0.178117671381	0.764936409178	0.311704722689
0.000000000000	0.000000000000	0.000000000000	1.000000000000
10	43	55
0.901101669262	0.287224157642	-0.324835442832	0.964561523190
-0.137042927282	0.899395783854	0.415098133056	-0.158066251578
0.411381839336	-0.329529220634	0.849809081508	0.096460125636
0.000000000000	0.000000000000	0.000000000000	1.000000000000
10	44	55
0.942302060636	-0.048093381102	-0.331291190971	0.992508313158
0.089180304100	0.989928104951	0.109950990851	-0.090229119335
0.322666545960	-0.133151694404	0.937100275529	0.104390148421
0.000000000000	0.000000000000	0.000000000000	1.000000000000
10	45	55
0.890437187469	0.089923488021	-0.446133815659	0.810262681796
-0.110368943128	0.993689531034	-0.019995307123	0.112570797202
0.441520454300	0.067043882765	0.894742871566	0.139322810313
0.000000000000	0.000000000000	0.000000000000	1.000000000000
10	54	55
0.581555028664	0.243455481113	-0.776223664514	0.553914952782
-0.284525012742	0.954777401589	0.086288067191	0.156655929464
0.762128116368	0.170673788648	0.624524773015	0.446329524969
0.000000000000	0.000000000000	0.000000000000	1.000000000000
11	34	55
0.860029652632	-0.373073693218	0.348087655658	-1.508221686043
0.364803210959	0.926554606722	0.091734279509	0.121693985784
-0.356745867344	0.048089293938	0.932962917774	-0.156226980987
0.000000000000	0.000000000000	0.000000000000	1.000000000000
11	35	55
0.754582518388	-0.301909050955	0.582628653514	-1.298828301953
0.417562543735	0.905837913445	-0.071408659389	-0.034690314566
-0.506208203226	0.297167628650	0.809595365271	0.213084179421
0.000000000000	0.000000000000	0.000000000000	1.000000000000
11	46	55
0.940648701164	-0.012191897139	-0.339162761285	0.706244425632
-0.041187807015	0.987866700927	-0.149742932228	0.453642727341
0.336873248495	0.154824865068	0.928733371644	-0.303928446611
0.000000000000	0.000000000000	0.000000000000	1.000000000000
11	47	55
0.804979008235	0.073593546356	-0.588721314576	0.103473201223
-0.127715282974	0.990508517499	-0.050810267244	0.326135375972
0.579394168763	0.116089907818	0.806737584662	-0.125502063773
0.000000000000	0.000000000000	0.000000000000	1.000000000000
11	53	55
0.910320682957	-0.031546486977	-0.412699737509	0.423330543184
-0.072513315187	0.969514958248	-0.234056755627	0.514955195595
0.407502237173	0.242992931777	0.880281978576	-0.320923701734
0.000000000000	0.000000000000	0.000000000000	1.000000000000
11	54	55
0.979347243705	-0.096729501014	-0.177545430471	0.664598705880
0.068461167280	0.984908657186	-0.158959131774	0.624145766938
0.190242069013	0.143521220149	0.971189793266	-0.370211040782
0.000000000000	0.000000000000	0.000000000000	1.000000000000
12	13	55
0.838408749477	0.276200323454	-0.469876739288	-0.067755122050
-0.278647889367	0.958122667239	0.066002335375	-0.327240257780
0.468429421099	0.075593226201	0.880261064458	0.711531689086
0.000000000000	0.000000000000	0.000000000000	1.000000000000
12	32	55
0.778721300709	-0.488259504167	0.393948971839	-1.485491388112
0.358441443521	0.861617526533	0.359353543934	-0.497288668879
-0.514891121878	-0.138628621007	0.845972362462	1.238262559088
0.000000000000	0.000000000000	0.000000000000	1.000000000000
12	33	55
0.624870950707	-0.498665333696	0.600723879941	-1.777729403162
0.464133517853	0.855980634893	0.227765735556	-0.308631183390
-0.627786884673	0.136491895940	0.766324728673	0.794933557047
0.000000000000	0.000000000000	0.000000000000	1.000000000000
12	47	55
0.949216989983	-0.171597469218	0.263707061880	-0.700219472133
0.198681972007	0.976832559291	-0.079521224264	0.549161890723
-0.243952003327	0.127876736222	0.961319385223	-0.715899264491
0.000000000000	0.000000000000	0.000000000000	1.000000000000
12	48	55
0.992495040510	-0.112762790875	-0.047309064211	-0.994838479440
0.105599259803	0.985418222525	-0.133415602700	0.454142195139
0.061663529671	0.127418521844	0.989930365935	-0.453028598440
0.000000000000	0.000000000000	0.000000000000	1.000000000000
12	52	55
0.999057709246	-0.039308036377	0.018400322592	-1.027876818367
0.043077679200	0.949772930950	-0.309960792988	0.621729948927
-0.005292178193	0.310461362993	0.950571267680	-0.707965805300
0.000000000000	0.000000000000	0.000000000000	1.000000000000
12	53	55
0.867650604623	-0.156525220209	0.471892237419	-0.633604217056
0.271831474921	0.944068341972	-0.186661766112	0.797585194434
-0.416281248124	0.290232357129	0.861669949189	-1.069547649533
0.000000000000	0.000000000000	0.000000000000	1.000000000000
13	14	55
0.765241492258	0.247448742497	-0.594284930284	0.326362409764
-0.363027898070	0.928255108723	-0.080951827363	-0.189012244257
0.531616594689	0.277689706268	0.800170121464	0.406754802559
0.000000000000	0.000000000000	0.000000000000	1.000000000000
13	24	55
0.649402849813	0.261400279583	-0.714104917003	-0.113433986636
-0.409806783818	0.911334862587	-0.039078999102	-0.279316025059
0.640573445118	0.318023052730	0.698947064763	0.661065312706
0.000000000000	0.000000000000	0.000000000000	1.000000000000
13	25	55
0.910323091612	0.249129990049	-0.330524003571	-0.126156256021
-0.162728789749	0.949680719414	0.267630103239	-0.282621861669
0.380566958451	-0.189844091905	0.905056910312	0.698802352175
0.000000000000	0.000000000000	0.000000000000	1.000000000000
13	26	55
0.987126581530	-0.050340836826	-0.151812094985	-0.042817958340
0.037537921561	0.995583181700	-0.086052500031	-0.442451600285
0.155473523408	0.079245999674	0.984656313164	1.001790794247
0.000000000000	0.000000000000	0.000000000000	1.000000000000
13	47	55
0.573748573561	-0.379306437331	0.725905779655	-1.568165255847
0.513474779567	0.857076152262	0.042001428222	0.698441320100
-0.638087944633	0.348636050664	0.686510509090	-0.779925615616
0.000000000000	0.000000000000	0.000000000000	1.000000000000
13	48	55
0.834422553088	-0.299328152677	0.462754427221	-1.525987389634
0.386224216717	0.916574320843	-0.103548871518	0.501237216760
-0.393153732424	0.265130479927	0.880418066202	-0.522527505757
0.000000000000	0.000000000000	0.000000000000	1.000000000000
13	49	55
0.997719112935	-0.059511516944	0.031858296184	-1.706236388650
0.066276207303	0.953179656978	-0.295052547639	0.449031113957
-0.012807655141	0.296491013142	0.954949759462	-0.376354254205
0.000000000000	0.000000000000	0.000000000000	1.000000000000
13	51	55
0.999146011308	0.038071142150	-0.016057279448	-1.987760384790
-0.041260099588	0.898584629923	-0.436856117101	0.633804969694
-0.002202786823	0.437145571866	0.899388067926	-0.419976290446
0.000000000000	0.000000000000	0.000000000000	1.000000000000
13	52	55
0.814843479995	-0.163045075620	0.556279072432	-1.731099438465
0.335181527543	0.915466084469	-0.222654871451	0.543824315091
-0.472951843959	0.367883339529	0.800611267591	-0.720710664318
0.000000000000	0.000000000000	0.000000000000	1.000000000000
14	15	55
0.928378077784	0.146466911567	-0.341557591785	0.216045288334
-0.143796038378	0.989047726875	0.033276017043	0.010325942120
0.342690595197	0.018221903838	0.939271589150	0.044690058300
0.000000000000	0.000000000000	0.000000000000	1.000000000000
14	16	55
0.864198517067	0.212951028549	-0.455864873114	0.228885601861
-0.190332439426	0.977054058520	0.095597747003	0.136354092946
0.465762262964	0.004150442154	0.884900157209	-0.337872817954
0.000000000000	0.000000000000	0.000000000000	1.000000000000
14	23	55
0.886210237962	0.125038955789	-0.446090432163	-0.053838244566
-0.106807078000	0.992093543494	0.065898778798	0.024072822278
0.450803352052	-0.010754556857	0.892558500764	0.161083864427
0.000000000000	0.000000000000	0.000000000000	1.000000000000
14	24	55
0.992130545418	0.004999139905	-0.125107911214	-0.237761050580
-0.007506547619	0.999780141441	-0.019578573082	-0.144601582999
0.124982529143	0.020363628883	0.991949943307	0.500907769103
0.000000000000	0.000000000000	0.000000000000	1.000000000000
14	25	55
0.956292739104	-0.260670621119	0.132495375101	-0.181066455048
0.185280281053	0.890708006729	0.415102956147	-0.123992195203
-0.226219836864	-0.372411162607	0.900074725440	0.526836936589
0.000000000000	0.000000000000	0.000000000000	1.000000000000
14	26	55
0.809687432486	-0.367388894479	0.457637041648	0.079793125407
0.325296852390	0.930009745453	0.171066744832	-0.177018471497
-0.488454930879	0.010357295779	0.872527653960	0.713719593152
0.000000000000	0.000000000000	0.000000000000	1.000000000000
14	49	55
0.711561030239	-0.239157085382	0.660669954483	-2.273036781965
0.306241018151	0.951840078344	0.014727663099	-0.175572969996
-0.632374366216	0.191844608395	0.750532016094	0.614460417642
0.000000000000	0.000000000000	0.000000000000	1.000000000000
14	51	55
0.784296687515	-0.098662505322	0.612490339513	-2.432609807159
0.229023481658	0.963582413807	-0.138047733232	-0.093745407645
-0.576564784567	0.248545049930	0.778330525775	0.542307160953
0.000000000000	0.000000000000	0.000000000000	1.000000000000
15	16	55
0.989928597512	0.058580744175	-0.128878501850	-0.167024335730
-0.056281778141	0.998185305627	0.021411610848	0.191573958244
0.129898934856	-0.013942454649	0.991429208104	-0.351509473328
0.000000000000	0.000000000000	0.000000000000	1.000000000000
15	22	55
0.922363722145	0.188997072934	-0.336935113179	-0.357275908774
-0.114903540042	0.966901148332	0.227814279272	0.320178490220
0.368839179801	-0.171412589318	0.913550974860	-0.532898719156
0.000000000000	0.000000000000	0.000000000000	1.000000000000
15	23	55
0.995115255251	-0.004172446276	-0.098631736568	-0.266457934673
0.005599682211	0.999883524040	0.014197954486	-0.018358055107
0.098561008139	-0.014680907483	0.995022712620	0.208049365855
0.000000000000	0.000000000000	0.000000000000	1.000000000000
15	24	55
0.969846363092	-0.102408872835	0.221157081644	-0.240577783869
0.110442829076	0.993586879985	-0.024238263711	-0.191143853929
-0.217256561471	0.047932605674	0.974936947608	0.569605534542
0.000000000000	0.000000000000	0.000000000000	1.000000000000
15	49	55
0.418266994413	-0.291372059595	0.860322639637	-2.054472983185
0.435180458284	0.895654641627	0.091764544678	-0.463741194664
-0.797289589868	0.336013520294	0.501422201411	1.281290689842
0.000000000000	0.000000000000	0.000000000000	1.000000000000
15	50	55
0.656095837397	-0.110884085912	0.746487087391	-2.184324233992
0.330320712656	0.931557878291	-0.151947840341	-0.593411228191
-0.678547329919	0.346272492244	0.647818556522	1.478937619441
0.000000000000	0.000000000000	0.000000000000	1.000000000000
15	51	55
0.485410996135	-0.167542672873	0.858082523769	-2.266196846216
0.327530533604	0.944840256703	-0.000799294375	-0.580778129934
-0.810616996114	0.281436213165	0.513511191242	1.393897235818
0.000000000000	0.000000000000	0.000000000000	1.000000000000
16	17	55
0.936175585984	0.150873607764	-0.317509726919	-0.284510373303
-0.151063604636	0.988228413813	0.024174149152	0.126787215775
0.317419374900	0.025332915608	0.947946825420	-0.302370135172
0.000000000000	0.000000000000	0.000000000000	1.000000000000
16	22	55
0.966916422038	0.116469054140	-0.226952841405	-0.239538448092
-0.074465733841	0.979805990398	0.185566903470	0.142903687808
0.243982555273	-0.162527476470	0.956063456113	-0.151803304812
0.000000000000	0.000000000000	0.000000000000	1.000000000000
16	23	55
0.996492774472	-0.083560082269	0.004456801135	0.038912743483
0.083626896266	0.996337123421	-0.017857175446	-0.193444440232
-0.002948329373	0.018167254750	0.999830614759	0.563744347372
0.000000000000	0.000000000000	0.000000000000	1.000000000000
16	24	55
0.925055707741	-0.149316520334	0.349251362676	0.064984794059
0.173121707716	0.984175696639	-0.037776612628	-0.363007346603
-0.338084030816	0.095408463460	0.936267276587	0.909887029475
0.000000000000	0.000000000000	0.000000000000	1.000000000000
16	48	55
-0.279039634347	-0.281394888377	0.918125154464	-1.838047908741
0.501064463988	0.772959708508	0.389188504393	-0.595550128274
-0.819189407519	0.568638906353	-0.074689415513	1.943187290339
0.000000000000	0.000000000000	0.000000000000	1.000000000000
16	49	55
0.324721016200	-0.286920514220	0.901239635257	-1.653706352975
0.459673558388	0.880644469345	0.114741179753	-0.738329637324
-0.826593298640	0.377017157609	0.417853540743	1.800183847864
0.000000000000	0.000000000000	0.000000000000	1.000000000000
16	51	55
0.353437752533	-0.174943864601	0.918953970187	-1.813996375101
0.386242507034	0.922002839058	0.026972032358	-0.863262593603
-0.851996761053	0.345406150796	0.393441368119	2.000335161703
0.000000000000	0.000000000000	0.000000000000	1.000000000000
17	21	55
0.942195995251	0.164264433653	-0.292034077411	-0.215019796406
-0.155289994161	0.986401785322	0.053819472568	0.037998031197
0.296903560514	-0.005358521344	0.954892434782	-0.095830038651
0.000000000000	0.000000000000	0.000000000000	1.000000000000
17	22	55
0.991398868267	-0.079739469066	0.103778133884	0.008208516074
0.058744834388	0.979716125842	0.191586422271	-0.019644231395
-0.116950110868	-0.183842132927	0.975973740287	0.136007219352
0.000000000000	0.000000000000	0.000000000000	1.000000000000
18	19	55
0.772489756078	0.184243305458	-0.607712087381	-0.241301782560
-0.214599099343	0.976425649151	0.023241734896	-0.210803265425
0.597667803479	0.112460464491	0.793817258952	0.072949790144
0.000000000000	0.000000000000	0.000000000000	1.000000000000
18	20	55
0.988483380641	0.043171203162	-0.145040868081	-0.117019393323
-0.069467263849	0.980942095585	-0.181457720591	-0.093437546361
0.134442944960	0.189443533345	0.972643944218	0.105599278612
0.000000000000	0.000000000000	0.000000000000	1.000000000000
18	36	55
0.575255556418	0.261082270897	-0.775188423955	1.147895275888
-0.246375307310	0.958987002477	0.140153976137	-0.348222194237
0.779987341409	0.110362932648	0.615986826433	1.275169298434
0.000000000000	0.000000000000	0.000000000000	1.000000000000
18	45	55
-0.584089929630	0.347205234855	-0.733680774584	0.978630154940
-0.196352360797	0.816608312276	0.542767551289	-1.186999478778
0.787581554199	0.461085012998	-0.408798124107	3.296967354818
0.000000000000	0.000000000000	0.000000000000	1.000000000000
19	20	55
0.851066448103	-0.087775003050	0.517669247447	0.092325449514
0.151963456835	0.984908948346	-0.082833998187	0.115134411384
-0.502586319651	0.149164044958	0.851561553261	-0.056121970862
0.000000000000	0.000000000000	0.000000000000	1.000000000000
19	35	55
0.445068009521	0.230550969511	-0.865309607804	2.451138435184
-0.200898561567	0.967365959001	0.154411363982	0.313174616354
0.872670748256	0.105115897104	0.476860999994	-0.369977991005
0.000000000000	0.000000000000	0.000000000000	1.000000000000
19	36	55
0.964546163386	0.036972862626	-0.261311511662	1.828698611717
-0.019800695951	0.997485673032	0.068046047173	0.267853523883
0.263170346236	-0.060459403943	0.962853067366	0.101123321168
0.000000000000	0.000000000000	0.000000000000	1.000000000000
20	36	55
0.701930740954	0.207281853962	-0.681415781973	1.381105861323
-0.055749823402	0.969769575083	0.237568786742	0.017992643021
0.710059991898	-0.128768024997	0.692267003146	0.986453171677
0.000000000000	0.000000000000	0.000000000000	1.000000000000
21	22	55
0.901751725625	-0.265167613770	0.341364851647	0.340675431488
0.211125536701	0.959312681740	0.187470494762	0.026437637579
-0.377186735034	-0.096981004641	0.921045520945	0.135659016729
0.000000000000	0.000000000000	0.000000000000	1.000000000000
22	23	55
0.954878138210	-0.147018841850	0.258056585479	0.438293981967
0.198141396762	0.962601214368	-0.184767120955	-0.419042037615
-0.221241334423	0.227561776750	0.948297374089	0.566511826997
0.000000000000	0.000000000000	0.000000000000	1.000000000000
23	24	55
0.942501188630	-0.108099051564	0.316237417903	0.066515560002
0.122980790717	0.992030105562	-0.027422523092	-0.204975040869
-0.310752690328	0.064736888318	0.948283660486	0.365851373025
0.000000000000	0.000000000000	0.000000000000	1.000000000000
23	49	55
0.330768063416	-0.233829445368	0.914284572058	-1.737719656041
0.429557094037	0.899940090842	0.074756510471	-0.469707278527
-0.840281614214	0.368010357700	0.398114538090	1.343955871440
0.000000000000	0.000000000000	0.000000000000	1.000000000000
23	50	55
0.609417324330	-0.056653744435	0.790822911939	-1.761233083212
0.308509064881	0.935779272855	-0.170702400046	-0.571824663957
-0.730364759345	0.348005036941	0.587758294344	1.394752334993
0.000000000000	0.000000000000	0.000000000000	1.000000000000
23	51	55
0.405507622370	-0.121759661654	0.905945998939	-1.908593723369
0.340626276431	0.939834984225	-0.026152289220	-0.549025203890
-0.848255449735	0.319193964887	0.422584790042	1.406094415949
0.000000000000	0.000000000000	0.000000000000	1.000000000000
24	25	55
0.920789528648	-0.305126866790	0.242990203704	0.058585164538
0.182017713517	0.887090116286	0.424194150778	0.025233968705
-0.344987240197	-0.346365010864	0.872361784669	0.032239702132
0.000000000000	0.000000000000	0.000000000000	1.000000000000
24	49	55
0.628238858084	-0.244383736569	0.738642353575	-1.992274750922
0.341151307732	0.939778889131	0.020770767336	-0.039345958389
-0.699236528241	0.238939801716	0.673777447478	0.322904819070
0.000000000000	0.000000000000	0.000000000000	1.000000000000
24	50	55
0.843953094248	-0.097579508327	0.527466979311	-2.024869125075
0.239648018500	0.948315857721	-0.208004474046	-0.143304067457
-0.479908326598	0.301952435905	0.823718838265	0.363452951287
0.000000000000	0.000000000000	0.000000000000	1.000000000000
24	51	55
0.716062229026	-0.114623434500	0.688561073853	-2.128736794516
0.248637276701	0.963610193170	-0.098157527748	-0.052594141964
-0.652253316432	0.241488848361	0.718504521434	0.269020945179
0.000000000000	0.000000000000	0.000000000000	1.000000000000
25	26	55
0.940227065118	-0.197794895617	0.277218767921	0.199254182250
0.279692220935	0.912914128500	-0.297254193467	-0.177037795182
-0.194281567752	0.357022370802	0.913668265389	0.180105336627
0.000000000000	0.000000000000	0.000000000000	1.000000000000
25	48	55
0.541716445614	-0.329092407382	0.773460716491	-1.871771992317
0.666218669113	0.729181890429	-0.156353623545	0.670691956448
-0.512538757049	0.599993298357	0.614257327550	-0.444204323208
0.000000000000	0.000000000000	0.000000000000	1.000000000000
25	49	55
0.888575485022	-0.098643544103	0.447998949358	-2.009471052791
0.322562106940	0.828752599964	-0.457299480887	0.521314739107
-0.326170652550	0.550852593041	0.768227912898	-0.235700954267
0.000000000000	0.000000000000	0.000000000000	1.000000000000
25	51	55
0.919881387875	0.090293476368	0.381661263907	-2.200862372613
0.183320184118	0.761298564829	-0.621947108108	0.794620018443
-0.346715938971	0.642083782162	0.683751763689	-0.169511538975
0.000000000000	0.000000000000	0.000000000000	1.000000000000
25	52	55
