0	1	57
0.827921759605	-0.307737277341	0.468874533438	-0.233284655944
0.209878714226	0.945273724674	0.249816954501	0.013616868041
-0.520092766039	-0.108422108338	0.847200189528	-0.022263898100
0.000000000000	0.000000000000	0.000000000000	1.000000000000
0	14	57
0.966146421848	0.051891044212	-0.252722003557	0.634131178540
-0.036548844903	0.997213653114	0.065031622910	-0.069257374546
0.255392391209	-0.053593372470	0.965350960501	0.118481043488
0.000000000000	0.000000000000	0.000000000000	1.000000000000
0	24	57
0.479500851350	-0.371806269921	0.794883029887	-1.299505494793
0.301170172696	0.920515127699	0.248894408848	-0.337335068872
-0.824242355520	0.120049978445	0.553364745933	1.133058689873
0.000000000000	0.000000000000	0.000000000000	1.000000000000
0	25	57
0.584402231064	-0.385947942859	0.713805448095	-1.302829653549
0.341697204576	0.914903848581	0.214927820991	-0.074750607685
-0.736014301976	0.118301028121	0.666549183506	0.423906858166
0.000000000000	0.000000000000	0.000000000000	1.000000000000
0	26	57
0.869313432597	-0.278035140420	0.408644853875	-1.824593557410
0.218180964520	0.957729784072	0.187485272549	0.079142209182
-0.443498841743	-0.073824937476	0.893229341199	-0.150389346307
0.000000000000	0.000000000000	0.000000000000	1.000000000000
1	2	57
0.700060686942	-0.067974852582	0.710840667108	-0.463008628246
0.447952317105	0.817036453825	-0.363029137566	-0.055413346306
-0.556105885780	0.572565151348	0.602424593840	-0.149148741137
0.000000000000	0.000000000000	0.000000000000	1.000000000000
1	14	57
0.610718281724	0.309934303410	-0.728672702890	0.670877107011
-0.412100313417	0.910181623067	0.041746193995	-0.364377924905
0.676163080957	0.274791085374	0.683588580470	0.567690589450
0.000000000000	0.000000000000	0.000000000000	1.000000000000
1	15	57
0.881883133414	-0.256172259217	0.395800344375	-0.011491298612
0.276140419232	0.961093417093	0.006775875359	-0.292126488087
-0.382136896761	0.103320942835	0.918311589225	0.504516485931
0.000000000000	0.000000000000	0.000000000000	1.000000000000
1	16	57
0.528945305058	-0.305325408167	0.791829059447	-0.565605530964
0.447796774765	0.892992007823	0.045203124613	-0.081510975078
-0.720898684120	0.330668518448	0.609067663024	0.080002172330
0.000000000000	0.000000000000	0.000000000000	1.000000000000
1	23	57
0.194525229634	-0.393988041707	0.898294694422	-1.802206546878
0.569362562930	0.791074873693	0.223666752435	-0.311416968066
-0.798740387716	0.467946543104	0.378206062653	0.775055888723
0.000000000000	0.000000000000	0.000000000000	1.000000000000
1	24	57
0.898740386849	-0.151513479732	0.411472213529	-1.560299562702
0.212023361654	0.971569737024	-0.105348660226	-0.055330493690
-0.383812208195	0.181922817585	0.905313358613	0.372208157269
0.000000000000	0.000000000000	0.000000000000	1.000000000000
1	25	57
0.944570299880	-0.170459935585	0.280589306542	-1.112153615598
0.197759012996	0.977615840470	-0.071823681612	0.158666579554
-0.262065490601	0.123331580798	0.957136876217	-0.142484014581
0.000000000000	0.000000000000	0.000000000000	1.000000000000
2	15	57
0.946390205415	0.171608264061	-0.273671669708	-0.078947431362
-0.005285978951	0.855327304079	0.518061059456	0.109725895102
0.322982410545	-0.488841289790	0.810380500675	0.837499067023
0.000000000000	0.000000000000	0.000000000000	1.000000000000
2	16	57
0.966001508572	0.028088616053	0.257006060405	-0.274693307830
-0.110668951673	0.943326219445	0.312870623170	0.138479034333
-0.233652452527	-0.330676085249	0.914363088752	0.060837820350
0.000000000000	0.000000000000	0.000000000000	1.000000000000
2	23	57
0.832457430075	-0.215004692836	0.510673681691	-1.571696239162
0.056961790117	0.949969866811	0.307103576368	0.515131068341
-0.551153319485	-0.226561766876	0.803056526161	-0.362560273526
0.000000000000	0.000000000000	0.000000000000	1.000000000000
3	4	57
0.960942536558	0.058826525384	0.270423522174	0.010879385213
0.138310161373	0.744280853080	-0.653388330933	0.282290470975
-0.239707615012	0.665270961075	0.707074824651	-0.490904016619
0.000000000000	0.000000000000	0.000000000000	1.000000000000
3	12	57
0.747925574865	-0.178177008100	0.639421839045	-1.582194675339
0.369389450952	0.912084048306	-0.177916054227	-0.263969948207
-0.551505909297	0.369263649187	0.747987693348	0.643633495555
0.000000000000	0.000000000000	0.000000000000	1.000000000000
3	16	57
0.810754422411	0.295695166030	-0.505214444892	-0.028406770106
-0.365416715283	0.929888810666	-0.042159506512	-0.132266563914
0.457326897014	0.218794809317	0.861963421894	0.036840895868
0.000000000000	0.000000000000	0.000000000000	1.000000000000
3	17	57
0.967619775801	-0.071344663542	0.242119616023	-0.236205140002
0.106107214036	0.985323731951	-0.133710143159	0.405471602822
-0.229026698463	0.155071216666	0.960988912086	-0.575724351720
0.000000000000	0.000000000000	0.000000000000	1.000000000000
4	17	57
0.997823996131	0.064919192921	0.011522635753	-0.217767330558
-0.061175530043	0.846380115725	0.529054112761	0.099686676608
0.024593236230	-0.528607792314	0.848509855356	-0.227294344074
0.000000000000	0.000000000000	0.000000000000	1.000000000000
5	6	57
0.870325126161	0.001688455960	0.492474693654	-0.038448444500
0.273227122983	0.830322632581	-0.485706974513	-0.019770561819
-0.409732978950	0.557280427559	0.722189317991	-0.112076943797
0.000000000000	0.000000000000	0.000000000000	1.000000000000
5	11	57
0.627775985242	-0.217370229693	0.747427251039	-1.742485689319
0.467875821557	0.872770657206	-0.139153136949	0.239197218377
-0.622084823762	0.437060136782	0.649606734018	-0.336419860905
0.000000000000	0.000000000000	0.000000000000	1.000000000000
5	13	57
0.565281275844	-0.351958483968	0.746044438853	-1.678397098049
0.501962977299	0.864452447389	0.027479731158	0.234206571447
-0.654591665545	0.358952910235	0.665328910865	-0.062315542300
0.000000000000	0.000000000000	0.000000000000	1.000000000000
5	17	57
0.580324061617	0.472606451520	-0.663224792578	0.163758358907
-0.483341548981	0.855320947151	0.186566407462	0.030985391903
0.655442545565	0.212295123227	0.724793660373	-0.060883533080
0.000000000000	0.000000000000	0.000000000000	1.000000000000
5	18	57
0.879167603731	-0.233267999155	0.415512172049	0.082452699487
0.263371852576	0.964565758104	-0.015753271536	0.134396376142
-0.397114079102	0.123283976507	0.909451191277	-0.260154507558
0.000000000000	0.000000000000	0.000000000000	1.000000000000
5	22	57
0.986249028006	-0.098837992049	0.132453411000	0.422945489375
0.102534285760	0.994499988841	-0.021365683654	0.403209688769
-0.129613174491	0.034652900630	0.990958930267	-0.658591834178
0.000000000000	0.000000000000	0.000000000000	1.000000000000
5	32	57
-0.294091375847	0.783879694819	-0.546848138612	1.765081994470
-0.315455184640	0.460480794767	0.829726138033	-0.885898195162
0.902218537349	0.416521382046	0.111855483380	1.060823657386
0.000000000000	0.000000000000	0.000000000000	1.000000000000
6	18	57
0.999862959529	-0.014878631232	-0.007258684102	0.177059704690
0.016527551554	0.871988430710	0.489247398303	0.050720047437
-0.000949843062	-0.489300319885	0.872114840350	-0.132770429750
0.000000000000	0.000000000000	0.000000000000	1.000000000000
7	8	57
0.758897161430	0.015498344766	0.651026036102	-0.297644531112
0.342284338825	0.840989975835	-0.419019441004	0.168907857561
-0.554000478130	0.540828680687	0.632920064762	-0.335300649652
0.000000000000	0.000000000000	0.000000000000	1.000000000000
7	19	57
0.838789017177	0.101850572505	-0.534845253829	1.369415281630
-0.333773898000	0.872297382282	-0.357340540491	-0.541531148713
0.430148776213	0.478250705953	0.765668526568	0.342148987845
0.000000000000	0.000000000000	0.000000000000	1.000000000000
8	9	57
0.964210795633	-0.171217773028	0.202440153585	0.403498960297
0.097689219403	0.939233026762	0.329086824184	-0.044035842452
-0.246483991360	-0.297532847999	0.922344754614	0.216298291985
0.000000000000	0.000000000000	0.000000000000	1.000000000000
9	10	57
0.811922808816	0.283706564072	-0.510188139834	1.134932494350
-0.321305028791	0.946853792470	0.015197834037	-0.217344247312
0.487385300351	0.151586546859	0.859928536457	-0.009058010234
0.000000000000	0.000000000000	0.000000000000	1.000000000000
9	25	57
0.209740819605	-0.380016848535	0.900886221129	-0.844036455491
0.467228976092	0.848328949868	0.249068417741	-0.262216410994
-0.858898057101	0.368680332599	0.355484092279	0.729302560980
0.000000000000	0.000000000000	0.000000000000	1.000000000000
9	26	57
0.569624915830	-0.305550773524	0.762998152072	-1.556228852046
0.407561272938	0.911163833359	0.060615819542	0.068856484571
-0.713737531637	0.276440217003	0.643552284089	0.590132434266
0.000000000000	0.000000000000	0.000000000000	1.000000000000
10	26	57
-0.022391046284	-0.434825346481	0.900236390680	-2.001982717681
0.420712861688	0.812751463544	0.403033182899	-0.503824113610
-0.906917487458	0.387765362771	0.164738260214	1.945142664327
0.000000000000	0.000000000000	0.000000000000	1.000000000000
10	29	57
-0.478690184885	-0.297307980842	0.826113594745	-2.885524230345
0.325270505023	0.813915005702	0.481395328244	-0.530093785959
-0.815508924205	0.499149604849	-0.292907607484	1.858611184170
0.000000000000	0.000000000000	0.000000000000	1.000000000000
11	13	57
0.988642372598	-0.093597390561	0.117583109264	-0.286386257841
0.061861459867	0.966476276440	0.249192228734	-0.079549483410
-0.136965027972	-0.239088133454	0.961289470219	0.258668431497
0.000000000000	0.000000000000	0.000000000000	1.000000000000
12	16	57
0.227407831714	0.394866336279	-0.890149568639	1.564748728223
-0.357016736359	0.884257305558	0.301044959312	-0.222520392518
0.905993779247	0.249338312421	0.342060927211	0.498321697976
0.000000000000	0.000000000000	0.000000000000	1.000000000000
12	17	57
0.896339015512	0.198280915741	-0.396561530817	1.926672035614
-0.139991304953	0.975239775863	0.171201092611	-0.023674836387
0.420688487849	-0.097939052612	0.901903064727	-0.174632974278
0.000000000000	0.000000000000	0.000000000000	1.000000000000
13	18	57
0.883651841583	0.262950968537	-0.387319262383	1.121561339165
-0.238411334979	0.964791718290	0.111071939174	-0.686134946873
0.402888890665	-0.005807621191	0.915230470054	1.214406146201
0.000000000000	0.000000000000	0.000000000000	1.000000000000
13	22	57
0.698228968670	0.427734649770	-0.574037783335	1.626803152795
-0.338028072398	0.903838856986	0.262321068300	-0.747956954616
0.631041464233	0.010880716404	0.775672792116	1.133917202235
0.000000000000	0.000000000000	0.000000000000	1.000000000000
13	27	57
-0.957297595729	-0.164671976716	0.237622501663	0.065307242282
-0.142083099366	-0.447837603345	-0.882753574847	2.216732823205
0.251781067768	-0.878820016337	0.405316756128	2.194576187809
0.000000000000	0.000000000000	0.000000000000	1.000000000000
13	29	57
-0.798864147643	-0.243756080326	0.549908216810	-0.439800645631
-0.313690737480	-0.611221973558	-0.726640089907	1.307770737309
0.513238925678	-0.752987830144	0.411819296324	1.463035453758
0.000000000000	0.000000000000	0.000000000000	1.000000000000
13	32	57
-0.908765215412	-0.317473972036	0.270843239415	-0.097807560432
-0.188024669857	-0.267910136319	-0.944918452769	2.523846593721
0.372548663643	-0.909634231951	0.183774473963	1.655643093115
0.000000000000	0.000000000000	0.000000000000	1.000000000000
14	15	57
0.205154376434	-0.474774528701	0.855862622578	-0.471122220128
0.439598437206	0.825992529939	0.352830773164	-0.120121358570
-0.874451196944	0.303851094093	0.378166123261	0.386683752953
0.000000000000	0.000000000000	0.000000000000	1.000000000000
14	23	57
-0.628185697091	-0.205864169107	0.750335041064	-1.404838672917
0.417378310955	0.724707469140	0.548264926579	-0.553687498470
-0.656641512177	0.657585757183	-0.369327627501	1.905926881042
0.000000000000	0.000000000000	0.000000000000	1.000000000000
14	24	57
0.184143316026	-0.361446155939	0.914028399733	-1.632037363578
0.383618002158	0.882607898980	0.271736131345	-0.477315731024
-0.904946665602	0.300599356311	0.301183597498	1.539888927382
0.000000000000	0.000000000000	0.000000000000	1.000000000000
14	25	57
0.358417716596	-0.348236405537	0.866180204281	-1.794789000672
0.390945062518	0.898538417776	0.199475988215	-0.064612779654
-0.847760991390	0.267133145903	0.458193391307	0.801865899003
0.000000000000	0.000000000000	0.000000000000	1.000000000000
14	26	57
0.651545514668	-0.325641383382	0.685161391021	-2.563089983022
0.284656606886	0.942131767610	0.177082886288	-0.048645631668
-0.703177828484	0.079658156452	0.706537698668	0.614542916511
0.000000000000	0.000000000000	0.000000000000	1.000000000000
15	16	57
0.840363756447	-0.120481444946	0.528462844743	-0.418405183894
0.214333180948	0.969382415317	-0.119829130089	0.347912876502
-0.497845402103	0.213967180420	0.840457019310	-0.570244032175
0.000000000000	0.000000000000	0.000000000000	1.000000000000
15	23	57
0.619532214298	-0.280056894614	0.733313010403	-1.781371385993
0.460829007580	0.886025347487	-0.050948104810	0.695161646070
-0.635465546839	0.369495899017	0.677979586264	-0.371633625569
0.000000000000	0.000000000000	0.000000000000	1.000000000000
16	17	57
0.651195069039	-0.286362324742	0.702809790077	-0.631876496411
0.257121395373	0.954556620282	0.150699192820	0.319042042204
-0.714026309110	0.082572862634	0.695232444766	-0.444282822994
0.000000000000	0.000000000000	0.000000000000	1.000000000000
16	23	57
0.939584741906	-0.205494082219	0.273774898320	-1.180607008476
0.205405716305	0.978237733443	0.029316012297	0.474190937183
-0.273841203048	0.028690051248	0.961346907455	-0.604839723021
0.000000000000	0.000000000000	0.000000000000	1.000000000000
18	22	57
0.948334416047	0.162876785737	-0.272273737274	0.534809633695
-0.149061393957	0.986288349398	0.070823673115	0.104703139863
0.280075947151	-0.026579023870	0.959609826605	-0.209530870584
0.000000000000	0.000000000000	0.000000000000	1.000000000000
19	21	57
0.893674923663	-0.124546357527	0.431083907892	0.282164746787
0.073755000992	0.988412821236	0.132666102098	-0.043775760919
-0.442611941372	-0.086765774611	0.892505669288	0.054737100357
0.000000000000	0.000000000000	0.000000000000	1.000000000000
19	31	57
0.041935969743	0.182095892289	0.982386105588	-1.610228422464
0.241716946791	0.952193289906	-0.186817708720	0.074809946003
-0.969440195203	0.245293751793	-0.004084514112	2.344042635156
0.000000000000	0.000000000000	0.000000000000	1.000000000000
20	21	57
0.969554018736	0.058297023957	-0.237837048735	0.107610421426
-0.141978459349	0.925164770705	-0.352011738621	0.040038467957
0.199517221899	0.375062133578	0.905274143076	-0.181497119555
0.000000000000	0.000000000000	0.000000000000	1.000000000000
20	30	57
0.575534161518	-0.556441216583	0.599277566253	-2.429909551325
0.610461090677	0.779945628188	0.137920534507	0.143945372306
-0.544148587883	0.286457657529	0.788571065122	0.381737834981
0.000000000000	0.000000000000	0.000000000000	1.000000000000
20	31	57
0.815900159954	0.082324039706	0.572302089350	-2.456688989914
0.401080182442	0.632361825751	-0.662761803807	0.495975165005
-0.416463223154	0.770286488146	0.482925573914	0.186734471615
0.000000000000	0.000000000000	0.000000000000	1.000000000000
21	30	57
-0.345866277188	0.760040237335	-0.550195743291	0.607515043603
-0.125752026002	0.543546536029	0.829905772439	-0.897039240308
0.929818770654	0.356224649347	-0.092417817207	2.818628317270
0.000000000000	0.000000000000	0.000000000000	1.000000000000
21	31	57
0.547002766602	0.072397274445	0.833994369275	-2.601533813571
0.296509634198	0.914911142984	-0.273897128994	0.059703941142
-0.782860147254	0.397109852681	0.478992437044	1.049944607596
0.000000000000	0.000000000000	0.000000000000	1.000000000000
24	25	57
0.990530368556	0.036128103288	-0.132455083408	0.671064823636
-0.028959601879	0.998030082894	0.055653347593	0.068012591905
0.134204807763	-0.051290484420	0.989625361327	-0.320841441757
0.000000000000	0.000000000000	0.000000000000	1.000000000000
24	26	57
0.882500336725	0.177099844855	-0.435693470954	0.755613970325
-0.140461234548	0.983360307862	0.115209142482	0.416912882471
0.448847186990	-0.040474064219	0.892691465657	-1.047156014299
0.000000000000	0.000000000000	0.000000000000	1.000000000000
25	26	57
0.925877942341	0.161518705365	-0.341557818977	0.073617320523
-0.150606430609	0.986866093049	0.058421036012	0.377149696488
0.346507920467	-0.002649944650	0.938043303290	-0.691689163011
0.000000000000	0.000000000000	0.000000000000	1.000000000000
25	29	57
0.974177029866	-0.093522018512	0.205506074205	0.044509665501
0.119582998053	0.985754561751	-0.118270243776	0.867189821827
-0.191517678188	0.139791187275	0.971483094501	-1.486617026620
0.000000000000	0.000000000000	0.000000000000	1.000000000000
26	29	57
0.841985139136	-0.182793965068	0.507589786943	-0.284714108068
0.249383061120	0.966171290968	-0.065735267066	0.397933198602
-0.478402669621	0.181932412848	0.859087587417	-0.741387517926
0.000000000000	0.000000000000	0.000000000000	1.000000000000
27	28	57
0.950551107844	0.003428485544	0.310549250301	-0.024211155840
0.125228118837	0.910814925127	-0.393362543234	0.076693364686
-0.284201529954	0.412800699677	0.865346793325	-0.305309045209
0.000000000000	0.000000000000	0.000000000000	1.000000000000
27	29	57
0.932463755266	0.120572402001	-0.340549028762	0.365671543271
-0.177799331984	0.973756804875	-0.142074214784	0.094548272378
0.314481704812	0.193028445666	0.929430619521	-0.197096764094
0.000000000000	0.000000000000	0.000000000000	1.000000000000
27	32	57
0.994477889499	0.035559071446	-0.098738441025	-0.007776124089
-0.019131451831	0.986508812647	0.162586438921	0.382304101027
0.103187765016	-0.159799608911	0.981741498635	-0.553281387004
0.000000000000	0.000000000000	0.000000000000	1.000000000000
28	29	57
0.822729254456	0.163837799913	-0.544310342710	0.115726135271
-0.014078382246	0.963141475973	0.268626685967	-0.027632633392
0.568259072092	-0.213344024008	0.794711239637	0.172144873812
0.000000000000	0.000000000000	0.000000000000	1.000000000000
28	32	57
0.912394765279	0.191109556396	-0.361957082740	0.141760191275
0.038247028933	0.840631697941	0.540255044580	0.193878372040
0.407520498956	-0.506769657607	0.759678587996	-0.338426923593
0.000000000000	0.000000000000	0.000000000000	1.000000000000
29	32	57
0.968092692653	-0.194787651612	0.157652495103	-0.399633929353
0.137371389477	0.938681954007	0.316236131038	0.213727159056
-0.209584445477	-0.284488945304	0.935489390754	-0.243415454905
0.000000000000	0.000000000000	0.000000000000	1.000000000000
30	31	57
0.973682911618	0.016956094682	-0.227275336270	-0.019404731497
-0.164238455963	0.743593804006	-0.648146576190	0.028840505093
0.158010497140	0.668416595767	0.726809422955	-0.244665611473
0.000000000000	0.000000000000	0.000000000000	1.000000000000
33	35	57
0.942134703645	-0.204298833393	0.265789741831	-0.103984184795
0.261696657788	0.943724746268	-0.202233683109	-0.067648773558
-0.209516251138	0.260087658214	0.942580156036	-0.026096791164
0.000000000000	0.000000000000	0.000000000000	1.000000000000
36	37	57
0.939966340171	-0.127301162540	0.316634952843	-0.245026886535
0.179503584896	0.973531482846	-0.141474078602	0.172907347401
-0.290244280487	0.189817981032	0.937937840009	-0.207233475087
0.000000000000	0.000000000000	0.000000000000	1.000000000000
38	39	57
0.741883463176	0.472253822014	-0.476009721182	0.542333938184
-0.401912354322	0.881432636081	0.248078551058	-0.345884893848
0.536726547238	0.007268813122	0.843724942055	0.363948480014
0.000000000000	0.000000000000	0.000000000000	1.000000000000
38	40	57
0.694437326628	0.012840057358	-0.719438623034	0.732277067922
-0.411178675566	0.827597058427	-0.382119360465	-0.329338519942
0.590498853636	0.561175767304	0.579993846558	0.058242947727
0.000000000000	0.000000000000	0.000000000000	1.000000000000
38	41	57
0.953217471853	-0.290483025052	0.083642474318	0.186074819539
0.270447376858	0.943129729966	0.193299065710	-0.364494504435
-0.135035801564	-0.161635158955	0.977568108975	0.542981510588
0.000000000000	0.000000000000	0.000000000000	1.000000000000
38	56	57
0.273337122335	0.154675480910	-0.949401028627	2.231414157543
-0.559687139704	0.828289962540	-0.026192434110	0.068340502096
0.782328015095	0.538526910711	0.312972272313	-0.395545129771
0.000000000000	0.000000000000	0.000000000000	1.000000000000
39	40	57
0.993986357161	-0.021032387435	-0.107465159272	0.042343363251
-0.060325027475	0.713863271534	-0.697681962369	0.144535504347
0.091389347513	0.699969190917	0.708301573433	-0.316990811793
0.000000000000	0.000000000000	0.000000000000	1.000000000000
39	41	57
0.589443787791	-0.654240463544	0.473841151543	-0.113236772176
0.654342106964	0.730662308888	0.194856350743	-0.173578050469
-0.473700779068	0.195197352010	0.858781442323	0.304367303074
0.000000000000	0.000000000000	0.000000000000	1.000000000000
39	56	57
0.816074699715	0.089451267371	-0.570982097137	0.807180551352
-0.375613625434	0.832940811310	-0.406354536388	0.951229367829
0.439245362951	0.546084311824	0.713341037307	-1.353023192570
0.000000000000	0.000000000000	0.000000000000	1.000000000000
40	56	57
0.891758905157	0.117374241713	-0.437023274501	0.496760963503
-0.009421688721	0.970380859530	0.241396394421	-0.221273400091
0.452412739492	-0.211149887141	0.866451636449	-1.400682424916
0.000000000000	0.000000000000	0.000000000000	1.000000000000
41	56	57
-0.058897810710	0.360567382521	-0.930871747641	2.153839036762
-0.679619921310	0.668536121806	0.301953997156	-0.370188788223
0.731196150463	0.650423413249	0.205673462181	-0.660935613486
0.000000000000	0.000000000000	0.000000000000	1.000000000000
42	43	57
0.774130994256	-0.432249627705	0.462473202554	-0.098451820879
0.497262033723	0.867328567731	-0.021716938445	-0.259987149474
-0.391729081827	0.246782120396	0.886367255433	0.248066416239
0.000000000000	0.000000000000	0.000000000000	1.000000000000
43	44	57
0.940984944089	0.107519760130	-0.320915621590	-0.103120779466
-0.318759597742	0.600235013886	-0.733559981837	-0.284100000358
0.113752599293	0.792563832942	0.599085066470	0.016193703943
0.000000000000	0.000000000000	0.000000000000	1.000000000000
44	48	57
0.991303861640	-0.048878046667	0.122178518784	0.244900227890
0.049461785535	0.998774487982	-0.001747549190	0.003330103767
-0.121943370750	0.007775519954	0.992506602305	0.413487889691
0.000000000000	0.000000000000	0.000000000000	1.000000000000
45	47	57
0.688778341615	-0.373146347887	0.621567533886	-0.057406714685
0.472478345664	0.881324999587	0.005518874997	-0.010146395035
-0.549862354595	0.289875918560	0.783341140780	0.078871004605
0.000000000000	0.000000000000	0.000000000000	1.000000000000
46	47	57
0.938430640704	0.134004859303	-0.318418954008	0.022189393334
-0.092343475188	0.985466566543	0.142577448483	-0.091329419425
0.332897304252	-0.104395133551	0.937166495833	0.111786608138
0.000000000000	0.000000000000	0.000000000000	1.000000000000
46	56	57
0.725199626472	-0.089171380225	0.682740043292	-0.908481510808
0.471934205455	0.786394726835	-0.398574258234	0.429020433235
-0.501361753115	0.611254283056	0.612376186636	-0.512639672515
0.000000000000	0.000000000000	0.000000000000	1.000000000000
49	50	57
-0.404306187526	-0.306227353441	0.861836013829	-2.144348915215
0.728668159259	0.461665573209	0.505873118673	-1.083469392369
-0.552792203645	0.832520093762	0.036483874131	1.700423382841
0.000000000000	0.000000000000	0.000000000000	1.000000000000
49	51	57
0.692507061562	0.245643392743	-0.678301771551	0.254224669934
-0.510625330003	0.831089737693	-0.220344322051	-0.243510812321
0.509603514555	0.498948064935	0.700967250627	0.149922452597
0.000000000000	0.000000000000	0.000000000000	1.000000000000
49	52	57
0.964449092298	0.164487350862	-0.206837761958	0.239712207098
-0.234905820744	0.892159628677	-0.385837339223	-0.187405845002
0.121066939113	0.420707865822	0.899081580219	0.031612287996
0.000000000000	0.000000000000	0.000000000000	1.000000000000
49	53	57
0.520542536103	0.669630176650	-0.529746066174	-0.037794491966
-0.476500240654	0.742656958478	0.470540288053	-0.288800282555
0.708507578481	0.007487893136	0.705663476944	0.376306522937
0.000000000000	0.000000000000	0.000000000000	1.000000000000
49	55	57
0.164450946720	0.861940447026	-0.479598323499	-0.048504046465
-0.644811471894	0.461883075608	0.609000977159	-0.184868050378
0.746440923207	0.209099713646	0.631746197389	0.263794316152
0.000000000000	0.000000000000	0.000000000000	1.000000000000
50	51	57
0.941806780687	-0.095657049591	0.322257221355	-0.076656090149
0.205795867697	0.922081946342	-0.327739141801	0.003491329540
-0.265797006550	0.374986150535	0.888108854936	-0.082925660278
0.000000000000	0.000000000000	0.000000000000	1.000000000000
50	52	57
-0.643801797661	0.247001341994	-0.724230337932	0.663956313371
-0.327215917586	0.766697823924	0.552362372060	-1.664455528167
0.691700071278	0.592591582663	-0.412778666540	2.559634212181
0.000000000000	0.000000000000	0.000000000000	1.000000000000
50	53	57
0.998026737411	-0.050451830568	-0.037379729874	0.037562247065
0.058138917405	0.967364870688	0.246627397590	-0.053332259986
0.023717033879	-0.248313954001	0.968389220589	0.226912181319
0.000000000000	0.000000000000	0.000000000000	1.000000000000
50	54	57
0.921807402650	0.163567571094	-0.351449515727	0.182564409797
-0.207861929099	0.973824990997	-0.091969045561	-0.144965677090
0.327207168091	0.157830721332	0.931678556453	0.073851365933
0.000000000000	0.000000000000	0.000000000000	1.000000000000
51	52	57
0.874041257000	-0.034368154608	0.484634615985	-0.115107775428
0.046428955004	0.998838274773	-0.012901665979	0.034952096502
-0.483628197275	0.033777667129	0.874621538726	-0.146529456193
0.000000000000	0.000000000000	0.000000000000	1.000000000000
51	53	57
0.931583013475	0.208484666824	-0.297804017273	0.033535832960
0.024527626085	0.781289511968	0.623686695423	0.036171750221
0.362700268215	-0.588320356769	0.722722404003	0.400722198042
0.000000000000	0.000000000000	0.000000000000	1.000000000000
51	54	57
0.737645559369	0.210782876679	-0.641443378361	0.244381656475
-0.052086415127	0.964955318880	0.257192997424	-0.015802945727
0.673176079568	-0.156306786365	0.722773930377	0.331637085731
0.000000000000	0.000000000000	0.000000000000	1.000000000000
53	54	57
0.940076879472	0.166094230918	-0.297772005296	0.128499014309
-0.259467578513	0.915075571812	-0.308728478722	-0.052318276781
0.221205868780	0.367490686044	0.903337455931	-0.171192917405
0.000000000000	0.000000000000	0.000000000000	1.000000000000
53	55	57
0.933651455142	0.305158327959	-0.187545608289	-0.042031073537
-0.289456771734	0.951219638091	0.106751943346	0.065665543341
0.210973310180	-0.045382760916	0.976437743742	-0.031061163452
0.000000000000	0.000000000000	0.000000000000	1.000000000000
