0	1	60
0.828557870502	-0.084366838307	0.553510697117	-0.029868297209
0.025178857152	0.993196731642	0.113693787906	-0.067589814881
-0.559337000726	-0.080265116022	0.825045229529	0.098843132391
0.000000000000	0.000000000000	0.000000000000	1.000000000000
0	51	60
-0.300658022420	0.258316957039	-0.918083385788	1.603822579890
-0.070723508223	0.953933034989	0.291564658594	-0.166739059722
0.951106165966	0.152591331545	-0.268538538386	2.243367228493
0.000000000000	0.000000000000	0.000000000000	1.000000000000
0	52	60
0.196202070057	0.399008349689	-0.895710379857	1.001346064466
-0.032014874191	0.915584623654	0.400848905148	-0.372800993481
0.980040711163	-0.049971329848	0.192413800590	1.839839216068
0.000000000000	0.000000000000	0.000000000000	1.000000000000
0	53	60
0.518002621744	0.445782658089	-0.730035003006	0.584516560334
-0.049165450119	0.867569442217	0.494879805050	-0.249125883653
0.853964895286	-0.220456536939	0.471320350653	1.779183611064
0.000000000000	0.000000000000	0.000000000000	1.000000000000
0	54	60
0.738469495193	0.332016571380	-0.586879715954	0.414307007847
-0.090653704062	0.911355483182	0.401513498171	-0.215807182421
0.668165182129	-0.243302650218	0.703106755612	1.545452855217
0.000000000000	0.000000000000	0.000000000000	1.000000000000
0	55	60
0.797588573000	0.197333593324	-0.570010457067	0.381846558189
-0.166727674578	0.980280864386	0.106072189800	-0.368185845791
0.579701949928	0.010434551494	0.814761786895	1.394941550660
0.000000000000	0.000000000000	0.000000000000	1.000000000000
0	56	60
0.712822852301	0.007842522995	-0.701300275254	0.588080559645
-0.074719222415	0.995095748573	-0.064818893642	-0.541052414518
0.697352578714	0.098604999896	0.709912977030	1.471743435317
0.000000000000	0.000000000000	0.000000000000	1.000000000000
0	57	60
0.705762693577	0.019426305977	-0.708181925066	0.540353158986
-0.108281604036	0.990836750831	-0.080731824141	-0.403128587582
0.700124356512	0.133660584459	0.701399125734	0.895326264879
0.000000000000	0.000000000000	0.000000000000	1.000000000000
0	58	60
0.917996251332	0.067986190998	-0.390718262147	0.274609300506
-0.094721753532	0.994270197541	-0.049543553460	-0.439841255236
0.385111246199	0.082490315281	0.919176085381	0.602405907825
0.000000000000	0.000000000000	0.000000000000	1.000000000000
0	59	60
0.513404775226	0.293126408507	-0.806531118687	0.557778200120
-0.170048549031	0.955966033284	0.239191208409	-0.409313866190
0.841129614119	0.014347537892	0.540643246891	1.017923971614
0.000000000000	0.000000000000	0.000000000000	1.000000000000
1	3	60
0.467402348324	-0.209744384629	0.858802851589	-0.614445316660
0.150089839113	0.976171573162	0.156723003883	-0.080387634000
-0.871210700678	0.055644881774	0.487745386606	0.670086627769
0.000000000000	0.000000000000	0.000000000000	1.000000000000
1	4	60
0.197708195338	-0.338306014536	0.920032885295	-1.084615887139
0.148147651258	0.938090741346	0.313110259219	-0.159392148309
-0.969001415336	0.074396246745	0.235587468995	0.815391900844
0.000000000000	0.000000000000	0.000000000000	1.000000000000
1	5	60
0.250773188504	-0.252869796597	0.934435484074	-0.990572527476
0.113005147628	0.966327491522	0.231173129361	-0.198640081923
-0.961427399514	0.047623997081	0.270904614884	1.023415017366
0.000000000000	0.000000000000	0.000000000000	1.000000000000
1	6	60
0.246139038711	0.006172836322	0.969214872830	-0.916391109530
0.116809855524	0.992502129178	-0.035985847639	-0.237996174700
-0.962169959661	0.122071371212	0.243572471876	1.224798781115
0.000000000000	0.000000000000	0.000000000000	1.000000000000
1	7	60
0.481626574477	-0.207529193489	0.851450219688	-0.774368703144
0.192255828709	0.972910816673	0.128383173073	-0.206116685279
-0.855028384959	0.101863519723	0.508478400981	0.970488371767
0.000000000000	0.000000000000	0.000000000000	1.000000000000
1	8	60
0.818801940126	-0.276457295057	0.503124981347	-0.155817362588
0.264175618309	0.959551337830	0.097326629237	-0.223196308279
-0.509680905604	0.053222120189	0.858715773924	1.337702759297
0.000000000000	0.000000000000	0.000000000000	1.000000000000
1	37	60
-0.705575218627	0.132170854507	-0.696200025911	1.849254249732
-0.088703717987	0.958251699098	0.271818563734	0.080900546099
0.703061349581	0.253543973294	-0.664394605886	3.002227986969
0.000000000000	0.000000000000	0.000000000000	1.000000000000
1	38	60
-0.615733324768	-0.372787540024	0.694191560575	-0.169795946556
0.239168766396	0.751018905727	0.615442039856	-0.784673072193
-0.750780110253	0.544977112587	-0.373268231711	3.165720562319
0.000000000000	0.000000000000	0.000000000000	1.000000000000
1	46	60
-0.774973566586	-0.149376113015	0.614086922148	-0.434139615831
0.098492774518	0.931247958790	0.350822480204	-0.878106052600
-0.624271691221	0.332361273480	-0.706980084182	3.388953300428
0.000000000000	0.000000000000	0.000000000000	1.000000000000
2	3	60
0.835807177768	-0.143617810013	0.529905922064	-0.570837945708
0.137449058364	0.989179616077	0.051297597328	-0.018208687374
-0.531539385132	0.029960169960	0.846503555970	0.134128013632
0.000000000000	0.000000000000	0.000000000000	1.000000000000
2	4	60
0.651110699761	-0.176315780279	0.738219210182	-1.100987105302
0.082595427098	0.983326738617	0.162007779267	0.012370738089
-0.754475216345	-0.044511467568	0.654817438051	0.027045926610
0.000000000000	0.000000000000	0.000000000000	1.000000000000
2	6	60
0.683310529514	0.031510229443	0.729447616828	-1.151338437220
0.161457710716	0.967813049139	-0.193052608289	-0.057774959010
-0.712052054211	0.249689822294	0.656229277567	0.513006165910
0.000000000000	0.000000000000	0.000000000000	1.000000000000
2	9	60
0.836523445166	0.016721046092	0.547675937306	0.218587813397
-0.114007852739	0.982970045198	0.144125291873	-0.092695671751
-0.535939115199	-0.183003543302	0.824183819265	0.166646487560
0.000000000000	0.000000000000	0.000000000000	1.000000000000
2	36	60
-0.896191569029	0.123775018829	-0.426052128636	0.207506057814
-0.149573244827	0.819789716926	0.552786273757	-1.226432799784
0.417694285372	0.559128397362	-0.716175201491	4.458927231659
0.000000000000	0.000000000000	0.000000000000	1.000000000000
2	37	60
0.787351076984	-0.475398557910	0.392523238431	-1.758995890453
0.259218960613	0.832957274705	0.488863691610	-0.864882903275
-0.559360180948	-0.283157888205	0.779062127379	2.155610572531
0.000000000000	0.000000000000	0.000000000000	1.000000000000
2	38	60
-0.102383044189	-0.476751890907	0.873055179688	-1.615826279450
0.389836024516	0.788232492634	0.476148518369	-0.729813687085
-0.915175166977	0.389097895229	0.105153419707	2.347912818206
0.000000000000	0.000000000000	0.000000000000	1.000000000000
2	39	60
-0.433718824447	-0.300136861516	0.849591575805	-1.511845627278
0.264643438029	0.858874935720	0.438517611392	-0.871037974949
-0.861308209660	0.415032178454	-0.293080976557	2.409091502938
0.000000000000	0.000000000000	0.000000000000	1.000000000000
2	40	60
-0.466909345590	-0.443540498223	0.765027770370	-1.151261236968
0.244517454468	0.766633124509	0.593704359817	-0.916212094950
-0.849827557485	0.464268757125	-0.249494776893	2.432667226038
0.000000000000	0.000000000000	0.000000000000	1.000000000000
2	41	60
-0.621191399548	-0.407137534267	0.669597097753	-0.979509964006
0.171868516814	0.762867555519	0.623293113763	-0.887345158384
-0.764579922608	0.502266981721	-0.403912640329	2.414086436058
0.000000000000	0.000000000000	0.000000000000	1.000000000000
2	45	60
-0.657395184441	-0.012641348987	0.753439956314	-1.277736555862
0.193335826603	0.963560636277	0.184857129616	-0.944876767454
-0.728321927190	0.267191123569	-0.630996096549	2.553349393016
0.000000000000	0.000000000000	0.000000000000	1.000000000000
2	46	60
-0.524483129570	-0.211832424764	0.824648088954	-1.535054080339
0.187711321572	0.915953996789	0.354672716064	-1.027798352320
-0.830470894463	0.340815638704	-0.440639074374	2.801575494861
0.000000000000	0.000000000000	0.000000000000	1.000000000000
2	47	60
-0.580649086795	-0.423773831071	0.695170754638	-1.075795368146
0.160652272999	0.777430554393	0.608105731166	-0.827511263080
-0.798146280568	0.464776799331	-0.383334112255	2.347693305521
0.000000000000	0.000000000000	0.000000000000	1.000000000000
2	49	60
-0.739398534292	-0.464233139190	0.487624240543	-0.533700415382
0.266609800866	0.463168391785	0.845218465802	-0.760001154769
-0.618230556968	0.754958696439	-0.218696925222	1.873080111014
0.000000000000	0.000000000000	0.000000000000	1.000000000000
3	8	60
0.887503436903	0.211353422018	-0.409472075345	-0.557135075371
-0.176156508377	0.976729891204	0.122342160290	-0.197147817982
0.425801049837	-0.036447916664	0.904082416226	0.656316289483
0.000000000000	0.000000000000	0.000000000000	1.000000000000
3	45	60
-0.185737309184	0.020247528104	0.982390802880	-2.065545148441
0.235123571712	0.971658476021	0.024427689230	-0.685825708649
-0.954053750060	0.235520367657	-0.185233901908	1.791645951814
0.000000000000	0.000000000000	0.000000000000	1.000000000000
3	48	60
-0.332044331155	-0.654325934204	0.679414552373	-1.193824210100
0.161318454372	0.670276866765	0.724365431366	-0.620341632837
-0.929366944983	0.350123540637	-0.117006785552	1.511444127132
0.000000000000	0.000000000000	0.000000000000	1.000000000000
3	49	60
-0.256957075524	-0.703193781743	0.662941601241	-1.058199896887
0.330437566045	0.580702873430	0.744039775641	-0.662694888725
-0.908176236358	0.410247093966	0.083145929592	1.473661652922
0.000000000000	0.000000000000	0.000000000000	1.000000000000
4	8	60
0.721626352768	0.180413735749	-0.668360898724	-0.446640742166
-0.202586994054	0.978214929037	0.045321765731	-0.355476437957
0.661977278183	0.102695844910	0.742455147876	0.908540348672
0.000000000000	0.000000000000	0.000000000000	1.000000000000
4	30	60
0.853107546366	-0.198329263525	0.482569184224	-1.638188457579
0.278570360546	0.955206812538	-0.099892439690	-0.405505709379
-0.441141778296	0.219648465762	0.870142794563	-0.345055357597
0.000000000000	0.000000000000	0.000000000000	1.000000000000
4	41	60
0.136569568915	-0.546152730053	0.826478038608	-1.869524203945
0.314260235230	0.815087277882	0.486696244067	-0.958300323466
-0.939462217122	0.193261286580	0.282950203586	1.602597299779
0.000000000000	0.000000000000	0.000000000000	1.000000000000
4	45	60
0.124465277324	-0.068582298263	0.989850929739	-2.199369085926
0.314800451019	0.948797460961	0.026154428150	-0.933874949801
-0.940961779659	0.308350200970	0.139682077528	1.451525398042
0.000000000000	0.000000000000	0.000000000000	1.000000000000
4	47	60
0.157086090172	-0.541629645116	0.825809474277	-1.916315500062
0.305952876441	0.821741812565	0.480763175461	-0.933472431256
-0.938997762336	0.177137576516	0.294797356356	1.568093233095
0.000000000000	0.000000000000	0.000000000000	1.000000000000
4	48	60
-0.060302410911	-0.732833649627	0.677730375012	-1.308701903650
0.242341995648	0.647903033984	0.722144040826	-0.833074096630
-0.968315019187	0.207789558278	0.138526254143	1.520311112373
0.000000000000	0.000000000000	0.000000000000	1.000000000000
4	49	60
-0.016715534125	-0.822494216891	0.568527795363	-1.128820712504
0.439129049846	0.504794309629	0.743201441432	-0.919012487342
-0.898268483528	0.262080079645	0.352743197458	1.474690866211
0.000000000000	0.000000000000	0.000000000000	1.000000000000
5	8	60
0.701774395055	0.154925443164	-0.695349412530	-0.041705915667
-0.144804008589	0.986711791284	0.073699661044	-0.215387526850
0.697527417054	0.048968847260	0.714882895624	0.882093790497
0.000000000000	0.000000000000	0.000000000000	1.000000000000
5	37	60
0.978548691992	-0.036478464520	-0.202760398073	-1.952106769219
0.091080714606	0.959392773901	0.266964059030	-0.362691282829
0.184788421789	-0.279704892723	0.942135028623	0.556508698944
0.000000000000	0.000000000000	0.000000000000	1.000000000000
5	41	60
0.066985839296	-0.578112558972	0.813202783131	-1.561388686586
0.249836946273	0.798787223576	0.547284635019	-0.860682137232
-0.965968114179	0.166507779428	0.197941308925	1.607235035089
0.000000000000	0.000000000000	0.000000000000	1.000000000000
5	45	60
0.090325257966	-0.090487002335	0.991793048061	-1.884288823968
0.243498123315	0.967645809106	0.066107881995	-0.843426203349
-0.965686290529	0.235528534425	0.109436272580	1.390022361502
0.000000000000	0.000000000000	0.000000000000	1.000000000000
5	47	60
0.097187660303	-0.533983118365	0.839890819087	-1.637496539388
0.249779510230	0.829963872363	0.498768650620	-0.757725425002
-0.963413075972	0.161313359252	0.214040288667	1.558152283957
0.000000000000	0.000000000000	0.000000000000	1.000000000000
5	48	60
-0.060227394425	-0.743522740718	0.665992939148	-1.052336433246
0.194221782213	0.645723284159	0.738457405413	-0.682237139976
-0.979107021870	0.173825701005	0.105518080894	1.430076107637
0.000000000000	0.000000000000	0.000000000000	1.000000000000
5	49	60
-0.052572754543	-0.816461575253	0.575001392707	-0.860017519017
0.410708831634	0.507167437912	0.757693503693	-0.747138995215
-0.910249614720	0.275992184775	0.308664790421	1.380892787509
0.000000000000	0.000000000000	0.000000000000	1.000000000000
6	8	60
0.775388548614	0.140651677046	-0.615621396983	-0.077845012346
0.039355747579	0.962221303121	0.269409147864	0.047626617717
0.630256871293	-0.233125008449	0.740559927774	0.688019431265
0.000000000000	0.000000000000	0.000000000000	1.000000000000
6	40	60
0.229182399589	-0.477040916518	0.848473565697	-1.719201469248
0.048085883805	0.876158852201	0.479617987036	-0.167718398271
-0.972195029558	-0.069120399864	0.223739122251	1.526526659992
0.000000000000	0.000000000000	0.000000000000	1.000000000000
6	41	60
-0.057211518017	-0.510408124998	0.858027032291	-1.554633686655
-0.018453072824	0.859828521047	0.510249349336	-0.261538935911
-0.998191527869	0.013358904530	-0.058610693224	1.868311637391
0.000000000000	0.000000000000	0.000000000000	1.000000000000
6	45	60
-0.206953720311	-0.059021295626	0.976568811867	-1.935141868164
0.015033304136	0.997868955497	0.063494467655	-0.325599337327
-0.978235226015	0.027821472259	-0.205625407635	2.040993578808
0.000000000000	0.000000000000	0.000000000000	1.000000000000
6	47	60
-0.053476652335	-0.509170452154	0.859002734750	-1.618643710171
0.018176022466	0.859594797505	0.510652931363	-0.219482078855
-0.998403665790	0.042921262280	-0.036713558558	1.821424140717
0.000000000000	0.000000000000	0.000000000000	1.000000000000
7	8	60
0.848830649721	0.168401484993	-0.501126199621	0.060486274337
-0.129938280806	0.985288543818	0.111006885386	-0.064672988356
0.512447627837	-0.029110569800	0.858224914256	0.747891447866
0.000000000000	0.000000000000	0.000000000000	1.000000000000
7	37	60
0.988895938584	-0.100307056938	-0.109650886817	-1.617405155415
0.129956677587	0.941591648050	0.310670935675	-0.258992173378
0.072083871995	-0.321471091470	0.944171728420	0.750328533283
0.000000000000	0.000000000000	0.000000000000	1.000000000000
7	40	60
0.064860122727	-0.456150771380	0.887535710971	-1.489833349199
0.218741527886	0.874276428082	0.433350748561	-0.487398355346
-0.973624829417	0.166033734735	0.156484793101	1.733746224977
0.000000000000	0.000000000000	0.000000000000	1.000000000000
7	41	60
-0.126883068395	-0.497991244100	0.857849291982	-1.258568052452
0.162578967995	0.842702498361	0.513245144568	-0.623868623743
-0.978503329642	0.204590371367	-0.025961776200	1.823894455770
0.000000000000	0.000000000000	0.000000000000	1.000000000000
7	45	60
-0.158325258879	-0.046323004966	0.986299798039	-1.580172351174
0.186899469543	0.979434636118	0.076002512178	-0.683228111369
-0.969536848544	0.196372026480	-0.146411497262	1.723728140333
0.000000000000	0.000000000000	0.000000000000	1.000000000000
7	47	60
-0.102923783587	-0.517147270171	0.849685468704	-1.273680422295
0.201355146384	0.825704581370	0.526942168866	-0.611559476873
-0.974095888399	0.225323423683	0.019145624647	1.697748420759
0.000000000000	0.000000000000	0.000000000000	1.000000000000
7	49	60
-0.237748800833	-0.770255952925	0.591761163550	-0.542868881169
0.325476830965	0.510834342125	0.795684049991	-0.624709698846
-0.915172300831	0.381777476928	0.129250214325	1.439576521562
0.000000000000	0.000000000000	0.000000000000	1.000000000000
8	10	60
-0.006609954259	-0.162610365007	0.986668220679	-1.947158775049
-0.265157257547	-0.951084804996	-0.158522309079	1.380364672069
0.964182522801	-0.262670064716	-0.036830691376	2.306843025578
0.000000000000	0.000000000000	0.000000000000	1.000000000000
8	32	60
0.452458407228	-0.861576622042	0.230145853926	-1.313662156927
0.887634128470	0.410224252822	-0.209336371353	0.294527966859
0.085947912734	0.299001315628	0.950374226055	-0.501657786487
0.000000000000	0.000000000000	0.000000000000	1.000000000000
8	33	60
-0.616631176096	-0.436792752000	0.654964185637	-1.009418928716
0.783107373917	-0.255066257732	0.567171971349	-1.479781563386
-0.080677342444	0.862643203165	0.499337431452	0.062507189529
0.000000000000	0.000000000000	0.000000000000	1.000000000000
8	39	60
-0.387975322382	-0.361689650978	0.847735657855	-0.865479598133
0.259255465071	0.839817525857	0.476962395891	-0.801003315962
-0.884455625260	0.404829741544	-0.232058456661	1.435253779494
0.000000000000	0.000000000000	0.000000000000	1.000000000000
8	40	60
-0.438879044420	-0.470953562275	0.765237170130	-0.622467713595
0.257690066756	0.749896984720	0.609303160834	-0.785758759336
-0.860802540577	0.464604406444	-0.207754017166	1.512504982164
0.000000000000	0.000000000000	0.000000000000	1.000000000000
8	46	60
-0.461256672091	-0.458423914532	0.759664266000	-0.824562471734
0.177974187559	0.790980192715	0.585384935999	-1.274052822424
-0.869233841388	0.405213338030	-0.283257267635	1.534965492324
0.000000000000	0.000000000000	0.000000000000	1.000000000000
9	12	60
0.882269629804	0.029494658204	0.469819503067	-2.251451891814
-0.164676207222	-0.915638265554	0.366726483128	-1.521466401731
0.441001187187	-0.400919732353	-0.802982765139	3.490625174914
0.000000000000	0.000000000000	0.000000000000	1.000000000000
9	32	60
0.653069620631	-0.158365860847	0.740554066039	-1.944503538385
0.417544497441	0.891120395765	-0.177654251026	-0.127389005126
-0.631788464018	0.425234869654	0.648088452578	-0.450682004340
0.000000000000	0.000000000000	0.000000000000	1.000000000000
9	33	60
-0.302324174344	-0.582175768572	-0.754765836597	1.962552603053
-0.869933080291	-0.155151836626	0.468128554360	-0.904220169869
-0.389636406696	0.798122347813	-0.459547808719	3.295858241808
0.000000000000	0.000000000000	0.000000000000	1.000000000000
10	32	60
0.090553876698	-0.120106427916	0.988622496906	-2.355416888592
0.230979103091	0.968164910038	0.096464298613	-0.680591627952
-0.968735593106	0.219615921428	0.115413160883	0.576750323519
0.000000000000	0.000000000000	0.000000000000	1.000000000000
10	33	60
0.616328891113	-0.201082542544	0.761383286567	-2.180013088947
0.338067611531	0.940784427603	-0.025198230361	-0.404440196056
-0.711230615211	0.272929426525	0.647812117919	0.382139865511
0.000000000000	0.000000000000	0.000000000000	1.000000000000
10	35	60
0.424508107428	-0.480933465252	0.767134843902	-1.825612175339
0.219704705210	0.876658410577	0.428018543610	-0.640807778709
-0.878363654324	-0.013154207156	0.477811947943	0.788915863429
0.000000000000	0.000000000000	0.000000000000	1.000000000000
10	36	60
0.013332993389	-0.460173008841	0.887729144064	-1.338103821887
0.277613076877	0.854608222040	0.438834554665	-0.701079802015
-0.960600442866	0.240594240901	0.139144530655	1.018203351063
0.000000000000	0.000000000000	0.000000000000	1.000000000000
11	32	60
0.143900731612	-0.150490091714	-0.978082466737	3.165808601503
-0.971560452668	0.166333146217	-0.168533590959	0.343784314720
0.188050169512	0.974518351169	-0.122274760195	1.472577281745
0.000000000000	0.000000000000	0.000000000000	1.000000000000
11	33	60
-0.431490580902	-0.045514503098	-0.900968539185	2.999809677718
-0.780490903288	0.519663521799	0.347539600615	0.014640968345
0.452382391874	0.853157813138	-0.259753570531	1.703100346446
0.000000000000	0.000000000000	0.000000000000	1.000000000000
11	35	60
-0.178266987963	0.251807210324	-0.951217120237	2.613047412922
-0.944765687971	0.226393438471	0.236989041625	0.327304178039
0.275024864032	0.940924619641	0.197540335927	1.469744385604
0.000000000000	0.000000000000	0.000000000000	1.000000000000
11	36	60
0.038009858841	-0.416983907693	0.908118753994	-1.349691403590
-0.249637740513	0.875998330989	0.412683804644	-0.237736961199
-0.967593018341	-0.242386767025	-0.070798347641	1.323920062088
0.000000000000	0.000000000000	0.000000000000	1.000000000000
12	13	60
0.732967853999	0.098238032569	-0.673132538184	0.025939109492
-0.066436641710	0.995124883110	0.072887856690	-0.079820499638
0.677011298017	-0.008703790638	0.735921155006	0.661571801792
0.000000000000	0.000000000000	0.000000000000	1.000000000000
12	14	60
0.025394955091	0.395007474214	0.918326843542	-2.472336726253
0.488188439100	0.796736296061	-0.356206853484	-0.260378177539
-0.872368697390	0.457362405379	-0.172604999812	1.454547914174
0.000000000000	0.000000000000	0.000000000000	1.000000000000
12	32	60
-0.062766226934	0.124124804664	0.990279472484	-3.305434961729
0.798736043949	-0.588678383129	0.124412593146	-0.151148838883
0.598398807530	0.798780817311	-0.062193834447	1.340411396269
0.000000000000	0.000000000000	0.000000000000	1.000000000000
12	33	60
0.386317021046	-0.196537583065	0.901183742471	-2.085603925472
0.149196465611	0.977483330223	0.149220487150	-0.320081060713
-0.910219519621	0.076807015168	0.406941161007	1.174378104306
0.000000000000	0.000000000000	0.000000000000	1.000000000000
12	35	60
-0.005706652177	-0.921153843591	-0.389156820008	1.808020829124
0.960137733192	0.103713516078	-0.259574728899	0.357671233625
0.279469081333	-0.375125449710	0.883842706344	-0.496062160741
0.000000000000	0.000000000000	0.000000000000	1.000000000000
13	17	60
0.998280402058	-0.051001174184	-0.028898427283	-0.472271008220
0.057033682729	0.958937497370	0.277823748394	-0.208632878298
0.013542448153	-0.278994186981	0.960197295210	1.437243651521
0.000000000000	0.000000000000	0.000000000000	1.000000000000
13	18	60
0.993105139568	-0.013461076006	-0.116451625996	-0.771093888034
0.028524552299	0.991276703085	0.128673415423	-0.167369781323
0.113703701261	-0.131107960678	0.984825959734	1.759794387771
0.000000000000	0.000000000000	0.000000000000	1.000000000000
13	19	60
0.997295602792	-0.070902019412	0.019349012747	-1.096342935637
0.065301805887	0.975656660432	0.209355570985	-0.314724672582
-0.033721725918	-0.207525864889	0.977648127193	1.948717090582
0.000000000000	0.000000000000	0.000000000000	1.000000000000
13	23	60
-0.486446164456	0.096290911439	0.868388271144	-2.006761060740
-0.697815971178	0.555271136913	-0.452467495937	0.092627708377
-0.525759450181	-0.826076282728	-0.202916178903	2.408660709433
0.000000000000	0.000000000000	0.000000000000	1.000000000000
13	54	60
0.959000983531	-0.134353331379	0.249532154108	-1.958102193245
-0.005432124014	0.871610041028	0.490169795487	-0.188501372914
-0.283350676045	-0.471428805576	0.835145062643	0.395167883399
0.000000000000	0.000000000000	0.000000000000	1.000000000000
13	55	60
0.942630138878	-0.069749769717	0.326471118025	-2.004996562073
0.011680531031	0.984222159774	0.176551141047	-0.281941301382
-0.333634510317	-0.162609070579	0.928572185504	0.332903164468
0.000000000000	0.000000000000	0.000000000000	1.000000000000
13	56	60
0.981232581620	0.034826176595	0.189656948703	-1.806773709999
-0.026759164423	0.998631620799	-0.044931426183	-0.406460037600
-0.190962215862	0.039013117835	0.980821802750	0.221113208044
0.000000000000	0.000000000000	0.000000000000	1.000000000000
13	57	60
0.989133145829	-0.008698066323	0.146764994006	-2.190441703522
0.019414733183	0.997233990087	-0.071745642037	-0.267160233330
-0.145734992225	0.073815395806	0.986566064378	-0.117729436452
0.000000000000	0.000000000000	0.000000000000	1.000000000000
13	58	60
0.823561283470	-0.055469437736	0.564508595015	-2.753057759768
-0.001329298867	0.995015553102	0.099710992619	-0.740980493893
-0.567225744597	-0.082868513693	0.819382550525	0.033545276844
0.000000000000	0.000000000000	0.000000000000	1.000000000000
14	17	60
0.920715104729	-0.121075034624	0.370977805152	-0.034734475947
0.051739394688	0.980133125158	0.191473475985	-0.156756491571
-0.386790293262	-0.157098354413	0.908687721981	1.081052038545
0.000000000000	0.000000000000	0.000000000000	1.000000000000
14	18	60
0.943337175160	-0.118929684737	0.309791387953	-0.204444336142
0.059151262837	0.978883095955	0.195675784291	-0.269956347799
-0.326521212277	-0.166263689786	0.930451655591	1.503375285250
0.000000000000	0.000000000000	0.000000000000	1.000000000000
14	19	60
0.883551307437	-0.161357158911	0.439660044119	-0.423559735768
0.097345762463	0.981544561839	0.164602781430	-0.344225923770
-0.458105762523	-0.102635960521	0.882952416584	1.824141775167
0.000000000000	0.000000000000	0.000000000000	1.000000000000
14	23	60
0.661110809854	-0.619484034440	0.423287169860	-0.345333609979
0.278660227786	0.726544313090	0.628077892118	-0.432153341244
-0.696621112618	-0.297275784737	0.652951861368	2.114361729081
0.000000000000	0.000000000000	0.000000000000	1.000000000000
14	24	60
0.968295884326	0.170100110911	-0.182945436308	-0.365448052006
-0.023340372950	0.790750903242	0.611692926241	-0.321495659970
0.248713303601	-0.588029728237	0.769651045163	1.990745280609
0.000000000000	0.000000000000	0.000000000000	1.000000000000
14	25	60
0.805020607338	0.248614041870	-0.538639842517	-0.523130100462
-0.031717722037	0.924690678429	0.379395750287	-0.416387964291
0.592398352353	-0.288336968515	0.752280522623	1.851501406211
0.000000000000	0.000000000000	0.000000000000	1.000000000000
14	54	60
0.670969938889	-0.476778480759	0.567874652888	-1.988269108085
0.080096779533	0.807985081753	0.583733341152	-0.532970100322
-0.737145743402	-0.346182593365	0.580322121786	0.964000922779
0.000000000000	0.000000000000	0.000000000000	1.000000000000
14	55	60
0.748316397229	-0.129045049874	0.650668844145	-1.815568775956
0.019174603009	0.984693171607	0.173238830494	-0.313537995131
-0.663064781328	-0.117161140718	0.739336434155	0.605715191568
0.000000000000	0.000000000000	0.000000000000	1.000000000000
14	56	60
0.778302745197	0.000475322924	0.627889011599	-1.869520423954
0.072291190192	0.993281887146	-0.090360812791	-0.359374176382
-0.623713732925	0.115718912611	0.773039657860	0.624579048811
0.000000000000	0.000000000000	0.000000000000	1.000000000000
14	57	60
0.818642535608	-0.022181985075	0.573874863042	-2.316934037230
0.071990383674	0.995335527209	-0.064222838105	-0.381087079660
-0.569773449321	0.093889018602	0.816420889391	0.480692872658
0.000000000000	0.000000000000	0.000000000000	1.000000000000
14	58	60
0.432015928393	-0.221211800012	0.874315490627	-2.704250429660
0.051153133114	0.973901335051	0.221132418607	-1.142170694856
-0.900414123938	-0.050808750446	0.432056566078	1.006840329838
0.000000000000	0.000000000000	0.000000000000	1.000000000000
15	17	60
0.898512264924	-0.223406223640	0.377843048130	-0.042347036536
0.221918859157	0.973878109440	0.048098314989	-0.360081330170
-0.378718536292	0.040633572242	0.924619480151	0.905430106479
0.000000000000	0.000000000000	0.000000000000	1.000000000000
15	18	60
0.919786621804	-0.167312721714	0.354963411498	-0.198068492179
0.192289588729	0.980676959265	-0.036019656208	-0.477206776369
-0.342077892323	0.101386166313	0.934186041891	1.304399575713
0.000000000000	0.000000000000	0.000000000000	1.000000000000
15	19	60
0.873986420669	-0.193941346616	0.445572093560	-0.371425057423
0.216786727804	0.976218938923	-0.000312947506	-0.698781599490
-0.434915222928	0.096867628034	0.895246006137	1.612808474196
0.000000000000	0.000000000000	0.000000000000	1.000000000000
15	23	60
0.825138097616	-0.423710054188	0.373653462237	-0.265504503844
0.285279512629	0.883404766370	0.371768232140	-0.813684795003
-0.487609187297	-0.200164454223	0.849806726103	1.824049552343
0.000000000000	0.000000000000	0.000000000000	1.000000000000
15	24	60
0.978542935576	0.018576010179	-0.205203935345	-0.301015796931
0.057483729974	0.931770830052	0.358467210568	-0.638915943299
0.197861931719	-0.362571444145	0.910709944970	1.709894157565
0.000000000000	0.000000000000	0.000000000000	1.000000000000
15	25	60
0.839575069121	0.132497289126	-0.526837898870	-0.457768992728
-0.029278817271	0.979427230907	0.199662340509	-0.791265559277
0.542454103285	-0.152206332761	0.826182049004	1.649658960241
0.000000000000	0.000000000000	0.000000000000	1.000000000000
15	54	60
0.707697018698	-0.404402841748	0.579330019343	-1.889416672357
0.270048725265	0.912550936530	0.307122897585	-0.344916770241
-0.652869524261	-0.060902625763	0.755018049100	0.699852755007
0.000000000000	0.000000000000	0.000000000000	1.000000000000
15	55	60
0.648863323402	-0.232094621818	0.724643687661	-1.962097120152
0.220383115550	0.968848852039	0.112974263806	-0.654172076450
-0.728290923962	0.086394377278	0.679800221867	0.625413997867
0.000000000000	0.000000000000	0.000000000000	1.000000000000
15	56	60
0.795262870199	-0.031314695177	0.605455495598	-1.767804229741
0.224088897669	0.943124719811	-0.245560438227	-0.468570718593
-0.563330394373	0.330960953508	0.757049347155	0.349344643335
0.000000000000	0.000000000000	0.000000000000	1.000000000000
15	57	60
0.812319066763	-0.034977355387	0.582163480806	-2.299752592918
0.202328462385	0.953107545715	-0.225053770487	-0.479770693492
-0.546992620684	0.300603710742	0.781304346593	0.264678296614
0.000000000000	0.000000000000	0.000000000000	1.000000000000
15	58	60
0.407004211657	-0.253116667810	0.877655697965	-2.711438202309
0.372441431013	0.923326402662	0.093572082442	-1.215193937531
-0.834047332086	0.288791112439	0.470068868590	0.574402008289
0.000000000000	0.000000000000	0.000000000000	1.000000000000
16	17	60
0.896132866653	-0.169766499371	0.410030756157	0.022689177359
0.158750067124	0.985429597455	0.061048543377	-0.159590683145
-0.414420440485	0.010384803882	0.910026293223	0.506310602673
0.000000000000	0.000000000000	0.000000000000	1.000000000000
16	19	60
0.894745422662	-0.166016987778	0.414570848462	-0.234952339126
0.162812033060	0.985704671006	0.043342167089	-0.472821898273
-0.415839957816	0.028716917074	0.908984305782	1.212784434260
0.000000000000	0.000000000000	0.000000000000	1.000000000000
16	20	60
0.551959861817	-0.436512038647	0.710491063321	-0.215475819499
0.316552304305	0.897945153645	0.305759937998	-0.404908759475
-0.771449900889	0.056140370156	0.633808574616	1.126353859004
0.000000000000	0.000000000000	0.000000000000	1.000000000000
16	21	60
0.478669720406	-0.648070800473	0.592350855778	-0.118759220700
0.242581889715	0.746019849328	0.620168050766	-0.533764553588
-0.843818301265	-0.153162077496	0.514307352143	1.154275401872
0.000000000000	0.000000000000	0.000000000000	1.000000000000
16	22	60
0.459972094529	-0.599791447270	0.654733451135	-0.185638340834
0.360927764075	0.799999468940	0.479303660340	-0.460045147949
-0.811268649323	0.015845172021	0.584458817325	1.300248438461
0.000000000000	0.000000000000	0.000000000000	1.000000000000
16	23	60
0.770494272623	-0.456106962606	0.445314511910	-0.227931040474
0.204469148765	0.838515035825	0.505059305329	-0.620452031688
-0.603763979597	-0.298092222908	0.739330835001	1.535846279561
0.000000000000	0.000000000000	0.000000000000	1.000000000000
16	25	60
0.761392239776	0.269082885157	-0.589810357762	-0.310651740741
-0.037680041293	0.926622041035	0.374101333273	-0.612665040886
0.647195543632	-0.262613773408	0.715661885474	1.362932047067
0.000000000000	0.000000000000	0.000000000000	1.000000000000
16	54	60
0.754325517189	-0.261947453355	0.601977197075	-1.672225790555
0.130159867692	0.958419229824	0.253950760474	0.108167230305
-0.643468276576	-0.113208266410	0.757055127092	0.249162759325
0.000000000000	0.000000000000	0.000000000000	1.000000000000
16	58	60
0.597494585696	-0.505478688751	0.622488164774	-1.577586435798
0.172282366199	0.839086037877	0.515997487723	-2.314151101382
-0.783146861298	-0.201061971189	0.588434429125	-0.005707320700
0.000000000000	0.000000000000	0.000000000000	1.000000000000
17	23	60
0.917075454647	-0.296617001983	0.266441296760	-0.822963236716
0.120133037294	0.842759037783	0.524714453379	-0.469643253965
-0.380185038942	-0.449194343652	0.808507129094	0.850244256165
0.000000000000	0.000000000000	0.000000000000	1.000000000000
17	34	60
0.703665715652	0.672543065774	0.229216895745	-1.450868897963
0.302439852795	0.008411736065	-0.953131354084	1.063902895696
-0.642949994990	0.740010180589	-0.197484775533	1.594553298027
0.000000000000	0.000000000000	0.000000000000	1.000000000000
18	24	60
-0.474335359829	-0.162939058537	0.865133995182	-0.636498769143
-0.854547380637	-0.150935331686	-0.496958046413	0.262913175306
0.211553162731	-0.975022763248	-0.067645180810	0.719225804813
0.000000000000	0.000000000000	0.000000000000	1.000000000000
18	59	60
0.966630219281	-0.067305250118	0.247176096092	-2.117997820624
0.072414948149	0.997306790207	-0.011629337523	0.147451929372
-0.245727683538	0.029140513263	0.968900787506	-1.229812682630
0.000000000000	0.000000000000	0.000000000000	1.000000000000
19	21	60
0.810241764955	-0.363998922680	0.459361585910	0.117701802679
0.208395785381	0.911470307669	0.354673194467	0.023703443116
-0.547795106730	-0.191642016597	0.814367152160	0.013901526707
0.000000000000	0.000000000000	0.000000000000	1.000000000000
19	24	60
0.860970473779	0.237024754035	-0.450054562532	-0.068851329581
-0.051308691669	0.920749922858	0.386764783449	0.062760817621
0.506060531399	-0.309901348064	0.804899927338	0.126193365835
0.000000000000	0.000000000000	0.000000000000	1.000000000000
19	59	60
0.989974616195	-0.015818021164	-0.140356864800	-0.810356860343
-0.031601408648	0.943714353900	-0.329248491591	1.303195980519
0.137664847589	0.330383123737	0.933753383548	-1.568914938250
0.000000000000	0.000000000000	0.000000000000	1.000000000000
20	23	60
0.991934850273	-0.064359741997	0.109192840534	-0.626490037573
0.058857337807	0.996864278683	0.052890676613	-0.045149202403
-0.112254472517	-0.046037305485	0.992612462094	0.152496589943
0.000000000000	0.000000000000	0.000000000000	1.000000000000
21	23	60
-0.941639477515	0.163764275858	-0.294102628921	0.296936044401
-0.329423712802	-0.268576415364	0.905177732025	-0.197965531295
0.069246745983	0.949235466606	0.306849991213	0.198567713244
0.000000000000	0.000000000000	0.000000000000	1.000000000000
21	34	60
0.894015063241	0.259251535257	-0.365411696809	-0.163712246907
-0.324793332096	0.936809006472	-0.129992987576	0.527734051007
0.308620087039	0.234898971603	0.921724533153	-1.926257375624
0.000000000000	0.000000000000	0.000000000000	1.000000000000
22	59	60
-0.689958872291	0.395899367475	-0.605987166019	0.211485770743
-0.713133212461	-0.515292505700	0.475304802053	-1.279050799587
-0.124087774710	0.760090339632	0.637859623872	-1.181201781657
0.000000000000	0.000000000000	0.000000000000	1.000000000000
23	25	60
-0.346827475631	-0.591399417942	0.727981751560	-1.070748592767
0.461496891829	0.568100579086	0.681382675796	-0.576960672218
-0.816536172487	0.572283549038	0.075896103461	1.018051431734
0.000000000000	0.000000000000	0.000000000000	1.000000000000
23	59	60
0.357636416152	-0.799227918561	0.483043401813	-0.153658358076
-0.765453197690	-0.547185749255	-0.338628347837	0.558148049102
0.534955695351	-0.248641287813	-0.807465116278	2.984975789361
0.000000000000	0.000000000000	0.000000000000	1.000000000000
24	26	60
0.609202447953	-0.286635302602	-0.739400149249	2.451569617867
-0.456532858458	0.635619420139	-0.622547750690	1.880630489958
0.648421257020	0.716818077370	0.256362472683	1.400404150694
0.000000000000	0.000000000000	0.000000000000	1.000000000000
24	52	60
0.794234812044	0.488126184046	0.361834066646	-0.346428870056
-0.360639057372	0.857971446792	-0.365820265688	0.941417962628
-0.489009747996	0.160055693240	0.857468157675	-0.561282147078
0.000000000000	0.000000000000	0.000000000000	1.000000000000
24	54	60
-0.866402198209	-0.482019851449	0.130399745967	-0.441587700126
-0.170596216118	0.040297542104	-0.984516652549	2.106836634252
0.469301781358	-0.875233095186	-0.117144641812	-0.170134791347
0.000000000000	0.000000000000	0.000000000000	1.000000000000
24	55	60
-0.861545641895	0.401132148585	0.311178576227	-1.437869614128
-0.486185421938	-0.828374719761	-0.278242806115	0.214912041578
0.146160331232	-0.391009364378	0.908707232580	-1.786387774179
0.000000000000	0.000000000000	0.000000000000	1.000000000000
24	56	60
0.483012088432	-0.875598608642	0.005137992998	-0.047938758343
-0.755834170640	-0.413968887715	0.507291303392	-1.369380971353
-0.442056590180	-0.248911302572	-0.861759325178	2.967430883926
0.000000000000	0.000000000000	0.000000000000	1.000000000000
24	57	60
0.507303763084	0.846764086578	0.160104570958	0.057432086561
-0.858228240592	0.513244813515	0.004903922016	-0.341915174609
-0.078020375618	-0.139894042336	0.987087877500	-1.056318459660
0.000000000000	0.000000000000	0.000000000000	1.000000000000
25	27	60
0.792223273662	0.356306932980	-0.495406554436	-0.144218568372
-0.376773163140	0.924214696466	0.062202719981	0.187422424570
0.480025278715	0.137377452102	0.866431282589	-0.220053774757
0.000000000000	0.000000000000	0.000000000000	1.000000000000
25	52	60
0.633626229728	-0.752076606936	-0.181379652391	-0.602017710282
0.745723817861	0.531328252968	0.401977953466	-0.499168060190
-0.205946081477	-0.389962901951	0.897504956324	-1.163809912373
0.000000000000	0.000000000000	0.000000000000	1.000000000000
25	54	60
-0.173308454649	0.951304617614	-0.254919014694	1.532769869513
0.955087996990	0.099171875979	-0.279234412313	0.891537174982
-0.240356188921	-0.291863775622	-0.925766946335	2.507475658322
0.000000000000	0.000000000000	0.000000000000	1.000000000000
25	55	60
-0.134653119699	-0.473528119281	-0.870424986777	1.882868908056
-0.760012939707	-0.514285936699	0.397354132722	-1.278415992262
-0.635805684808	0.715039226591	-0.290637292175	1.551071898897
0.000000000000	0.000000000000	0.000000000000	1.000000000000
25	56	60
0.936400539742	-0.129034031005	0.326349885879	-0.831650479811
-0.279655201692	-0.836176717231	0.471806597799	-0.797537725490
0.212007069074	-0.533065395991	-0.819081367301	3.214374687391
0.000000000000	0.000000000000	0.000000000000	1.000000000000
25	57	60
-0.507803577067	-0.094037644098	0.856324966710	-2.270539075652
-0.182089156543	0.983282024177	-0.000000000000	-0.524675253220
-0.842008946620	-0.155927490915	-0.516437364439	3.057819354659
0.000000000000	0.000000000000	0.000000000000	1.000000000000
25	58	60
0.457013935934	0.873334088371	0.168599621740	-0.659901444534
-0.802241056608	0.486586872075	-0.345893774179	0.652319595460
-0.384119186521	0.022820736464	0.923001443408	-2.327084859964
0.000000000000	0.000000000000	0.000000000000	1.000000000000
25	59	60
0.728471440332	0.682205248252	0.062652692495	0.398314156861
-0.258623046194	0.358539290916	-0.896974747051	1.160052337474
-0.634384331929	0.637217055740	0.437619633102	-0.791283621843
0.000000000000	0.000000000000	0.000000000000	1.000000000000
26	42	60
0.996901703169	0.056843524104	-0.054367343013	-1.761799590953
-0.062553835315	0.991977227369	-0.109855350663	0.537381394760
0.047686600908	0.112915871999	0.992459567914	-0.737331502572
0.000000000000	0.000000000000	0.000000000000	1.000000000000
26	43	60
0.893324993004	-0.019027425038	-0.449008256017	-0.368726288159
-0.016213153384	0.997088452290	-0.074510079640	-0.427839043526
0.449118682012	0.073841556099	0.890415540105	-0.908502136661
0.000000000000	0.000000000000	0.000000000000	1.000000000000
26	59	60
0.286508548315	-0.386722715376	0.876560547341	-1.649453542110
0.430538489928	0.869302245454	0.242796653063	-0.433001358732
-0.855891033037	0.307829737778	0.415561538291	0.845432239206
0.000000000000	0.000000000000	0.000000000000	1.000000000000
27	29	60
0.779802603728	-0.004364721229	-0.626010262238	0.059054185885
-0.133868193181	0.975682726882	-0.173558414716	0.005718524567
0.611544933814	0.219144166413	0.760255633490	0.058827132532
0.000000000000	0.000000000000	0.000000000000	1.000000000000
27	42	60
0.979303587387	-0.085373494201	0.183509809598	-1.853289618898
0.090143352438	0.995769829055	-0.017793919041	0.108326345767
-0.181214402689	0.033967838193	0.982856818782	-0.299622562163
0.000000000000	0.000000000000	0.000000000000	1.000000000000
27	43	60
0.997427367608	-0.068604807113	0.020785254093	-1.357006278640
0.071681940736	0.956924289866	-0.281349609627	0.160095810101
-0.000587978813	0.282115727860	0.959380201159	-0.540269388934
