0	4	55
0.478513526240	-0.031554260310	0.877513039141	-0.544727382394
0.229593820385	0.969083690719	-0.090351967458	-0.008318959670
-0.847532585124	0.244706209645	0.470964317241	0.292165517924
0.000000000000	0.000000000000	0.000000000000	1.000000000000
0	9	55
0.646583242594	-0.318928491515	0.692975272067	-0.365760644938
0.077361887225	0.931141621911	0.356357149991	-0.179526699097
-0.758910567064	-0.176804686716	0.626733479203	-0.486497605738
0.000000000000	0.000000000000	0.000000000000	1.000000000000
0	11	55
0.935931142424	0.324774965791	-0.136213502399	-0.888932192333
-0.267459925834	0.907088849484	0.325046161667	-0.216589804945
0.229124605211	-0.267789172180	0.935836991441	0.061585981099
0.000000000000	0.000000000000	0.000000000000	1.000000000000
0	18	55
-0.591501968975	-0.174555218519	0.787182251062	-1.993113262447
0.210441491470	0.909025943337	0.359702951070	-0.442777839750
-0.778357115576	0.378420810776	-0.500956974804	2.212906140613
0.000000000000	0.000000000000	0.000000000000	1.000000000000
0	20	55
-0.450130760230	-0.025916951910	0.892586472169	-1.871977989754
0.214872444029	0.967064678059	0.136439514978	-0.489887014721
-0.866724945696	0.253207859384	-0.429736719928	2.187390356325
0.000000000000	0.000000000000	0.000000000000	1.000000000000
0	34	55
0.972214553334	-0.029266077310	0.232254943985	-2.219079849828
-0.038696851626	0.958412086319	0.282752235131	0.303645705943
-0.230870994195	-0.283883373089	0.930649673359	-0.508542971823
0.000000000000	0.000000000000	0.000000000000	1.000000000000
0	43	55
0.998680695588	0.028507872531	0.042710296938	0.441124319934
-0.048126611837	0.809685680597	0.584887106945	-0.361280524005
-0.017908028755	-0.586170964686	0.809989446021	-0.709099732274
0.000000000000	0.000000000000	0.000000000000	1.000000000000
0	46	55
0.812365694242	0.241195914913	-0.530929853603	0.074850279236
-0.119089963348	0.959884680553	0.253848341867	-0.152425104003
0.570858615988	-0.142989267667	0.808501397577	-0.149535386537
0.000000000000	0.000000000000	0.000000000000	1.000000000000
0	53	55
0.760778991187	0.233574089393	-0.605523303707	-0.174470892781
-0.146016661859	0.970674423432	0.190971982641	-0.026743453507
0.632372090646	-0.056870980814	0.772574417460	-0.282595608426
0.000000000000	0.000000000000	0.000000000000	1.000000000000
1	9	55
0.715154163255	-0.406393947251	0.568681354026	0.032700008392
0.097713008623	0.863741626090	0.494370884363	-0.463657244539
-0.692103092556	-0.297983830094	0.657418395147	-0.296423445561
0.000000000000	0.000000000000	0.000000000000	1.000000000000
1	11	55
0.921412041033	0.246664827636	-0.300260409388	-0.475489874529
-0.130965554455	0.924615432566	0.357679081589	-0.440111886153
0.365852257318	-0.290246041605	0.884256388808	0.182560345260
0.000000000000	0.000000000000	0.000000000000	1.000000000000
1	18	55
-0.503628260131	-0.301407977673	0.809636836238	-1.888380974273
0.123770178034	0.902325474910	0.412903960210	-0.628236182838
-0.855008490383	0.308158998446	-0.417131289944	2.182289270711
0.000000000000	0.000000000000	0.000000000000	1.000000000000
1	20	55
-0.380345249134	-0.142848228534	0.913746067059	-1.739658485438
0.124051175598	0.971191702820	0.203464940977	-0.657818280280
-0.916487205199	0.190738197482	-0.351667659484	2.222709480360
0.000000000000	0.000000000000	0.000000000000	1.000000000000
1	34	55
0.993793112059	-0.088018160447	0.068029801230	-1.801092750982
0.058060541729	0.932025618489	0.357711084499	-0.084147875740
-0.094890589197	-0.351540964769	0.931351021995	-0.607494878419
0.000000000000	0.000000000000	0.000000000000	1.000000000000
1	36	55
0.413774598306	-0.329512019467	0.848653292472	-1.355024371459
0.159138022950	0.944024272343	0.288952007916	-0.288328489809
-0.896362466555	0.015492006129	0.443051155396	0.584427540058
0.000000000000	0.000000000000	0.000000000000	1.000000000000
1	43	55
0.995827366182	0.017191844998	-0.089623084245	0.816355252803
0.044556293002	0.765480236977	0.641914903669	-0.506126617651
0.079640401292	-0.643229700234	0.761520163370	-0.429896483674
0.000000000000	0.000000000000	0.000000000000	1.000000000000
1	46	55
0.748209711703	0.174704524334	-0.640047308010	0.410119047991
-0.033550652898	0.973436729802	0.226484628094	-0.197496978175
0.662613447648	-0.147983993222	0.734196265822	0.046257718105
0.000000000000	0.000000000000	0.000000000000	1.000000000000
1	53	55
0.679557464534	0.179095225641	-0.711425718223	0.177227684191
-0.074554615949	0.981582573321	0.175889911575	-0.138805343393
0.729824130621	-0.066487231149	0.680394140523	-0.098998554991
0.000000000000	0.000000000000	0.000000000000	1.000000000000
2	18	55
-0.628823181711	-0.141337608447	0.764594720477	-1.289248394263
0.377821256326	0.803904784592	0.459334513812	-1.021539556391
-0.679582595724	0.577720328316	-0.452113611650	2.542539169051
0.000000000000	0.000000000000	0.000000000000	1.000000000000
2	19	55
0.039709733407	-0.171277978124	0.984422161109	-1.091611730641
0.358831878600	0.921924223729	0.145929464474	-1.211225850289
-0.932557140326	0.347447233276	0.098069363799	2.539426595570
0.000000000000	0.000000000000	0.000000000000	1.000000000000
2	20	55
-0.483061468735	0.000727757559	0.875586139561	-1.176895439692
0.395100654157	0.892582907961	0.217235414933	-1.054103977397
-0.781375127905	0.450882715110	-0.431459947975	2.497752094709
0.000000000000	0.000000000000	0.000000000000	1.000000000000
2	21	55
-0.840749555175	-0.101031064349	0.531914381746	-1.259891169702
0.327701225937	0.687091269796	0.648473201828	-0.935864733552
-0.430989665759	0.719512550972	-0.544563675801	2.390999734258
0.000000000000	0.000000000000	0.000000000000	1.000000000000
2	36	55
0.273004688061	-0.194426585638	0.942160677960	-1.011037279063
0.361881589808	0.928185281999	0.086682162171	-0.262853635862
-0.891352991387	0.317285967351	0.323758335287	1.008840638832
0.000000000000	0.000000000000	0.000000000000	1.000000000000
2	43	55
0.986303451545	-0.003245058999	0.164908978112	0.785626745229
-0.064203235823	0.913400648199	0.401966665757	-0.353648985106
-0.151932373047	-0.407048799853	0.900681868674	-0.428831513307
0.000000000000	0.000000000000	0.000000000000	1.000000000000
2	47	55
0.633413231740	0.393271213669	-0.666427363151	0.026017185509
-0.313631240947	0.917789758921	0.243510581128	-0.084241323215
0.707405910746	0.054769616751	0.704682316028	0.259640091391
0.000000000000	0.000000000000	0.000000000000	1.000000000000
3	11	55
0.942284744525	0.276019338255	-0.189506688921	-0.218287616461
-0.163000709027	0.872590617973	0.460452367007	-0.295350710382
0.292455516434	-0.402987516352	0.867220175372	0.226836714123
0.000000000000	0.000000000000	0.000000000000	1.000000000000
3	18	55
-0.604786728641	-0.259409100801	0.752954136241	-1.392873876085
0.033060406663	0.936469034518	0.349188712447	-0.278885235805
-0.795700962907	0.236077669022	-0.557787873495	2.416186466927
0.000000000000	0.000000000000	0.000000000000	1.000000000000
3	20	55
-0.493312363473	-0.112482671204	0.862548874397	-1.223418393722
0.052176156542	0.985992049926	0.158421356422	-0.324280883347
-0.868285990174	0.123155698856	-0.480533155054	2.437120720821
0.000000000000	0.000000000000	0.000000000000	1.000000000000
3	34	55
0.974052622946	-0.132811946754	0.183255216931	-1.620959797524
0.035104930967	0.888573112295	0.457389842396	-0.039993258850
-0.223582493847	-0.439088613955	0.870179324933	-0.425097534340
0.000000000000	0.000000000000	0.000000000000	1.000000000000
3	36	55
0.313120030515	-0.304970023036	0.899415994710	-1.062426611862
0.051706649152	0.951108883768	0.304496820429	-0.090836972907
-0.948304945112	-0.048838266424	0.313580220692	0.711831067669
0.000000000000	0.000000000000	0.000000000000	1.000000000000
3	43	55
0.999792926061	-0.000435106120	-0.020344917842	1.108683680031
0.014563800487	0.713566873689	0.700435730448	-0.409241131091
0.014212695547	-0.700586987787	0.713425449385	-0.486842733885
0.000000000000	0.000000000000	0.000000000000	1.000000000000
3	44	55
0.964555879201	-0.239782467354	0.110164986489	0.956701692665
0.162750538542	0.869200102482	0.466908389354	-0.437943787662
-0.207711863174	-0.432429821120	0.877416794746	-0.505119045108
0.000000000000	0.000000000000	0.000000000000	1.000000000000
3	46	55
0.816248746445	0.185421611106	-0.547135093063	0.638310793737
0.007063310706	0.943817088885	0.330392815252	-0.142176745207
0.577657418864	-0.273547306444	0.769079825226	-0.016264291439
0.000000000000	0.000000000000	0.000000000000	1.000000000000
3	53	55
0.743957222841	0.221723516413	-0.630369996789	0.420214753164
-0.044511177210	0.957694579516	0.284323490886	-0.091799014617
0.666743133212	-0.183466004033	0.722352974437	-0.110525999488
0.000000000000	0.000000000000	0.000000000000	1.000000000000
4	7	55
0.913726757827	-0.052999218028	0.402857909094	0.741432737566
-0.112159547808	0.920039808284	0.375429070543	-0.096898041485
-0.390542760613	-0.388223948336	0.834720622766	-0.424607324887
0.000000000000	0.000000000000	0.000000000000	1.000000000000
4	8	55
0.985278322622	-0.095045502346	0.142102003698	0.803481694458
-0.003107456632	0.821116121963	0.570752711746	-0.335460571094
-0.170929724403	-0.562791850275	0.808732565549	-0.253202868142
0.000000000000	0.000000000000	0.000000000000	1.000000000000
4	10	55
0.807462739311	0.320829801687	-0.495047637075	0.544429570877
-0.140427935082	0.919592552024	0.366918973768	-0.307500862776
0.572960661540	-0.226754882223	0.787590187671	-0.248694384154
0.000000000000	0.000000000000	0.000000000000	1.000000000000
4	19	55
0.906083425937	-0.020200901045	0.422616550598	-2.413486226430
-0.056442249675	0.984160653270	0.168053803907	-0.126839540534
-0.419317418782	-0.176124195252	0.890591472086	-0.089187417223
0.000000000000	0.000000000000	0.000000000000	1.000000000000
4	38	55
0.764344549287	-0.251950414331	0.593547301143	0.491472721657
0.034846374450	0.935297092166	0.352143549668	-0.117426467225
-0.643865778065	-0.248476031246	0.723668792842	0.108569082845
0.000000000000	0.000000000000	0.000000000000	1.000000000000
4	39	55
0.999813921489	-0.012514272607	0.014680442032	1.039481722166
0.003476532623	0.865451688875	0.500980326904	-0.231500567589
-0.018974617732	-0.500836068195	0.865334153190	0.297371635736
0.000000000000	0.000000000000	0.000000000000	1.000000000000
4	40	55
0.998749476962	0.018716587306	0.046359159043	1.307102422866
-0.046163108208	0.701265812709	0.711403702104	-0.398981946361
-0.019195043842	-0.712654158260	0.701252879499	0.164150861956
0.000000000000	0.000000000000	0.000000000000	1.000000000000
4	41	55
0.998427028731	0.026177267807	0.049580429097	1.199312120166
-0.055276062634	0.607568551724	0.792341474275	-0.551075230236
-0.009382174534	-0.793835754805	0.608059840143	0.288584448173
0.000000000000	0.000000000000	0.000000000000	1.000000000000
4	43	55
0.464063573535	0.708093672508	-0.532210814125	1.160103394080
-0.104453006243	0.640375660424	0.760926135064	-0.580361885219
0.879621833065	-0.297527081943	0.371137530176	0.405784509828
0.000000000000	0.000000000000	0.000000000000	1.000000000000
4	44	55
0.659341182939	0.329929275027	-0.675585581523	1.201866332683
0.040406611698	0.881723090816	0.470033718847	-0.473328597346
0.750757291148	-0.337210712467	0.568025021619	0.313399622583
0.000000000000	0.000000000000	0.000000000000	1.000000000000
4	45	55
0.348209246788	0.529727483702	-0.773394539328	1.167091642055
-0.136706567834	0.844902836817	0.517156176266	-0.415957332612
0.927395080191	-0.074350449556	0.366620206601	0.383015663632
0.000000000000	0.000000000000	0.000000000000	1.000000000000
5	36	55
0.974563173086	0.093370413152	-0.203736564249	-0.554393678884
-0.050135654547	0.976871002200	0.207868855783	0.139767983605
0.218433142649	-0.192366865674	0.956703690378	-1.189136630086
0.000000000000	0.000000000000	0.000000000000	1.000000000000
5	42	55
0.343888563432	0.817950708999	-0.461191168160	0.747320115990
-0.079077795969	0.514627819383	0.853759280888	-0.547549321929
0.935674814305	-0.257128071523	0.241656360789	0.660617688089
0.000000000000	0.000000000000	0.000000000000	1.000000000000
5	43	55
0.189781574326	0.746568497089	-0.637666396481	0.747372637863
-0.105730810819	0.661232986551	0.742692354303	-0.552064176045
0.976116770520	-0.073528339108	0.204425129713	0.535821941993
0.000000000000	0.000000000000	0.000000000000	1.000000000000
5	44	55
0.438513502788	0.406638508209	-0.801468047719	0.807930008008
0.053865079062	0.878288889035	0.475086498077	-0.494629880918
0.897108946076	-0.251502984155	0.363237921797	0.453221424758
0.000000000000	0.000000000000	0.000000000000	1.000000000000
6	36	55
0.966227123415	0.106405518307	-0.234697702695	-0.901006552630
-0.079844763207	0.989566446818	0.119929400571	0.163602439080
0.245010121760	-0.097139657230	0.964641864750	-0.889158202547
0.000000000000	0.000000000000	0.000000000000	1.000000000000
6	42	55
0.320717328446	0.865947272552	-0.383765183926	0.280582856283
-0.243268739965	0.466884599513	0.850199441833	-0.708451908169
0.915401941985	-0.179315620894	0.360395883318	0.837138983229
0.000000000000	0.000000000000	0.000000000000	1.000000000000
6	43	55
0.011527929569	0.808987322659	-0.587713041047	0.350673656769
-0.231484032900	0.573944931104	0.785494976796	-0.758000398862
0.972770399093	0.126991054160	0.193884044756	0.922167801899
0.000000000000	0.000000000000	0.000000000000	1.000000000000
6	44	55
0.247273588927	0.513955554716	-0.821404565361	0.438190703969
-0.091219344670	0.856313055955	0.508337467987	-0.663168156113
0.964642318882	-0.050770443934	0.258626291482	0.881613219321
0.000000000000	0.000000000000	0.000000000000	1.000000000000
7	36	55
0.973349872807	0.060322403181	-0.221249254869	-1.293005268381
-0.088606002273	0.988785088365	-0.120220736102	0.366446683899
0.211515960312	0.136620850174	0.967778766987	-0.816511790132
0.000000000000	0.000000000000	0.000000000000	1.000000000000
7	42	55
0.404423153145	0.733183215115	-0.546703106150	0.077749492439
-0.390529254550	0.678973250271	0.621676947262	-0.729855667832
0.826999887872	-0.037916994744	0.560921997223	0.622874731740
0.000000000000	0.000000000000	0.000000000000	1.000000000000
7	43	55
0.015745724645	0.714103542930	-0.699862988113	0.069766703522
-0.458778997452	0.627079915147	0.629517761080	-0.862773799203
0.888410886725	0.311170226716	0.337489535176	0.743292740156
0.000000000000	0.000000000000	0.000000000000	1.000000000000
8	10	55
0.691567068826	0.372582953917	-0.618802821395	-0.279408670052
-0.513744828284	0.855925696055	-0.058800121127	-0.034487872107
0.507741312803	0.358570976633	0.783342590435	-0.033320420068
0.000000000000	0.000000000000	0.000000000000	1.000000000000
8	18	55
0.611077745354	-0.221799600331	0.759861123118	-1.844090803626
0.363066711149	0.931547118084	-0.020063151433	-0.227578973924
-0.703396440415	0.288140424243	0.649775764036	-0.454803743792
0.000000000000	0.000000000000	0.000000000000	1.000000000000
8	20	55
-0.828307604400	0.406938093913	0.385107647568	-1.591519924672
0.265504796639	-0.320180633069	0.909390765936	-2.055370239539
0.493369755310	0.855503214448	0.157164037283	1.326256812449
0.000000000000	0.000000000000	0.000000000000	1.000000000000
8	36	55
0.998957816302	0.042868770697	0.015670027078	-1.446922065291
-0.034006868923	0.928038744988	-0.370928053222	0.792520076974
-0.030443621922	0.370008589495	0.928529390803	-0.398647198544
0.000000000000	0.000000000000	0.000000000000	1.000000000000
8	43	55
0.350220222217	0.705539758814	-0.616083959118	0.271342043877
-0.584053968915	0.678705385847	0.445241463272	-0.584798035458
0.732275055799	0.203893717301	0.649769647414	0.452909354344
0.000000000000	0.000000000000	0.000000000000	1.000000000000
8	44	55
0.545648073898	0.428044482174	-0.720448541349	0.203076111250
-0.422219607427	0.883039966168	0.204868302219	-0.593989265257
0.723877601916	0.192401505791	0.662557829939	0.418359451342
0.000000000000	0.000000000000	0.000000000000	1.000000000000
9	18	55
0.214267314007	-0.362273531931	0.907109368384	-3.127846959341
0.556263135495	0.808628690444	0.191548858209	-0.185330873723
-0.802907742046	0.463548842144	0.374782108309	0.434448528223
0.000000000000	0.000000000000	0.000000000000	1.000000000000
9	19	55
0.820695213874	-0.201781855645	0.534549762564	-2.955420347251
0.366660075097	0.903510433273	-0.221876736717	-0.366381728142
-0.438200587921	0.378091231979	0.815492038616	0.487131305415
0.000000000000	0.000000000000	0.000000000000	1.000000000000
9	20	55
0.342106156130	-0.196851109019	0.918810654496	-3.029159386625
0.530201641085	0.847724505191	-0.015791867829	-0.393945350393
-0.775789660751	0.492557412061	0.394382552980	0.522464932431
0.000000000000	0.000000000000	0.000000000000	1.000000000000
9	37	55
0.615422422061	-0.365595449423	0.698280180003	-0.839864601273
0.498274965774	0.866893996815	0.014726057496	0.071205070094
-0.610718675748	0.338872786820	0.715673063238	0.275366849580
0.000000000000	0.000000000000	0.000000000000	1.000000000000
9	38	55
0.636558063803	-0.399123380795	0.659919963564	-0.120470220780
0.470496171522	0.878968670917	0.077765211559	0.025135170016
-0.611086887431	0.260987743867	0.747300617932	0.371465281586
0.000000000000	0.000000000000	0.000000000000	1.000000000000
9	39	55
0.975070813647	-0.159464506354	0.154298346026	0.419617353497
0.169082857516	0.984267015207	-0.051277968653	0.055614069104
-0.143693756537	0.076088855873	0.986692753771	0.392153139987
0.000000000000	0.000000000000	0.000000000000	1.000000000000
9	40	55
0.977725109545	-0.163634104805	0.131443866003	0.634289631206
0.133130970683	0.967643324018	0.214342114689	0.020289979802
-0.162264459480	-0.192068418093	0.967873942185	0.165277570751
0.000000000000	0.000000000000	0.000000000000	1.000000000000
9	41	55
0.987986890345	-0.149393579976	0.039540647032	0.703762668689
0.117656581052	0.893049234100	0.434304034530	-0.323451280586
-0.100193979064	-0.424434475197	0.899898073575	0.250448722683
0.000000000000	0.000000000000	0.000000000000	1.000000000000
9	42	55
0.843968627165	0.437196877798	-0.310766546469	0.513413473981
-0.263432656417	0.842516837874	0.469860206266	-0.312479867093
0.467247463229	-0.314681216380	0.826229713919	0.325214930379
0.000000000000	0.000000000000	0.000000000000	1.000000000000
10	11	55
0.706045743577	0.404335970190	-0.581387849191	-0.449690164737
-0.380332582070	0.909031491923	0.170319915773	-0.102586744771
0.597366332323	0.100867090289	0.795599959215	0.238041053106
0.000000000000	0.000000000000	0.000000000000	1.000000000000
10	34	55
0.967376765724	0.095330320876	-0.234721799285	-1.437762138460
-0.068082035051	0.990243072710	0.121587390188	0.554532001303
0.244022600677	-0.101640478507	0.964428423206	-0.813838616303
0.000000000000	0.000000000000	0.000000000000	1.000000000000
10	46	55
0.487632440213	0.265536309584	-0.831688085489	0.373868679447
-0.301914879082	0.945138731236	0.124740468601	0.021322782471
0.819183745591	0.190271508667	0.541049668653	0.409176780592
0.000000000000	0.000000000000	0.000000000000	1.000000000000
10	53	55
0.377130228744	0.224911398773	-0.898436226601	0.275534278280
-0.362019593197	0.928686209297	0.080521666669	0.211992191976
0.852475574260	0.294884362698	0.431657975632	0.255603872097
0.000000000000	0.000000000000	0.000000000000	1.000000000000
11	18	55
-0.805231525025	-0.311272013737	0.504689929134	-0.484471418907
0.202688151974	0.655376809187	0.727597932260	-1.160339890530
-0.557242948951	0.688179461655	-0.464638918302	2.131181124217
0.000000000000	0.000000000000	0.000000000000	1.000000000000
11	19	55
-0.182864852929	-0.405135740779	0.895782047770	-0.268728030988
0.453816126603	0.773482628793	0.442465305071	-1.259301305794
-0.872130362273	0.487431692137	0.042414345471	2.075369036090
0.000000000000	0.000000000000	0.000000000000	1.000000000000
11	20	55
-0.740643318317	-0.219059884233	0.635185203033	-0.286374131907
0.236150735544	0.800175048814	0.551319074002	-1.177154639933
-0.629031243369	0.558330241323	-0.540913150598	2.164117140961
0.000000000000	0.000000000000	0.000000000000	1.000000000000
11	21	55
-0.950290736895	-0.234393556205	0.204956522663	-0.484909823581
0.035384813606	0.572690853196	0.819007388020	-1.068825174397
-0.309346780068	0.785547482635	-0.535928840600	2.076020493200
0.000000000000	0.000000000000	0.000000000000	1.000000000000
11	33	55
0.935620181235	0.020722873002	-0.352399544553	-1.380918993538
0.007404281708	0.996903811482	0.078281334072	0.329157695349
0.352930663274	-0.075850861474	0.932569886783	-0.367353879261
0.000000000000	0.000000000000	0.000000000000	1.000000000000
11	43	55
0.955122384640	-0.293202077211	0.042116175976	1.229508188116
0.257481060047	0.892094776463	0.371309053921	0.396088292924
-0.146440206490	-0.343801471384	0.927553671869	-0.957955070308
0.000000000000	0.000000000000	0.000000000000	1.000000000000
11	44	55
0.821233787762	-0.479034192495	0.310002110088	0.868835177612
0.477658908484	0.874352896640	0.085726187853	0.483238357344
-0.312117018094	0.077674027571	0.946863090661	-0.950152281817
0.000000000000	0.000000000000	0.000000000000	1.000000000000
11	45	55
0.923852446969	-0.304033084201	0.232509225496	0.730130387638
0.335687725737	0.935457687912	-0.110601378456	0.725577993530
-0.183876064292	0.180229847244	0.966285048597	-0.771604330110
0.000000000000	0.000000000000	0.000000000000	1.000000000000
11	52	55
0.580404339333	0.096779592968	-0.808557056285	0.020495432255
-0.249001815133	0.966447756698	-0.063062109335	0.206909467455
0.775325027936	0.237933696559	0.585028766043	-0.376076205891
0.000000000000	0.000000000000	0.000000000000	1.000000000000
12	22	55
-0.688837248109	-0.215012048637	0.692295503783	-0.429451290293
0.202679689469	0.859791449978	0.468699910412	-0.299610049338
-0.696005882945	0.463172194205	-0.548677801101	1.377136278699
0.000000000000	0.000000000000	0.000000000000	1.000000000000
12	25	55
0.994689157587	-0.075159731906	-0.070317099472	1.117001992590
0.089505339800	0.968964852279	0.230425495974	0.454482708712
0.050816079401	-0.235495498359	0.970546029989	-0.247254319705
0.000000000000	0.000000000000	0.000000000000	1.000000000000
12	30	55
-0.688385136938	-0.406216930260	0.600927373992	-0.339822482833
-0.467914694927	-0.384343637957	-0.795823979429	2.030537822402
0.554239787019	-0.829016147932	0.074501576850	2.335970186194
0.000000000000	0.000000000000	0.000000000000	1.000000000000
12	34	55
0.328157868507	-0.515151786227	0.791789776698	-1.419022594681
0.507359214410	0.803162766275	0.312275837080	-0.023027757038
-0.796805522628	0.299246066001	0.524931187007	0.140943216924
0.000000000000	0.000000000000	0.000000000000	1.000000000000
12	46	55
0.967200641226	-0.118987077375	0.224421467400	0.355527395660
0.077570820127	0.979654050273	0.185096487401	-0.003488333923
-0.241879489575	-0.161616884023	0.956751950780	-1.289050596238
0.000000000000	0.000000000000	0.000000000000	1.000000000000
13	15	55
0.458764671872	0.380968184428	-0.802744179858	0.449350288622
-0.504234253754	0.855490056982	0.117832846637	-0.343459717353
0.731630229818	0.350713565263	0.584565823460	0.548725181176
0.000000000000	0.000000000000	0.000000000000	1.000000000000
13	16	55
0.382345038494	0.375842130104	-0.844129708503	0.696664601988
-0.524545061994	0.840357398365	0.136572035754	-0.001126523117
0.760700170551	0.390566430010	0.518452615262	0.230244379195
0.000000000000	0.000000000000	0.000000000000	1.000000000000
13	23	55
0.460132663794	0.361400203654	-0.810967215434	0.074459908630
-0.476876994944	0.871066305446	0.117608771826	-0.076243762590
0.748910050275	0.332615971229	0.573149502557	0.396160111785
0.000000000000	0.000000000000	0.000000000000	1.000000000000
13	27	55
0.975149007385	-0.173058459569	0.138329978559	0.943858354803
-0.134078641133	0.036076994735	0.990313772722	-2.622739506595
-0.176372705906	-0.984250588022	0.011977002510	1.636364684856
0.000000000000	0.000000000000	0.000000000000	1.000000000000
13	30	55
0.173338735287	-0.628628775461	0.758142167085	-0.444446510958
0.502778118304	0.718409620732	0.480730465639	-0.797242439152
-0.846857630658	0.297848081246	0.440589007913	1.976113511171
0.000000000000	0.000000000000	0.000000000000	1.000000000000
13	31	55
-0.094019816014	-0.781061906797	0.617335056471	-0.289143535455
0.540369143414	0.480757709965	0.690560072083	-0.719141685855
-0.836158754689	0.398515146589	0.376861002090	1.531409342292
0.000000000000	0.000000000000	0.000000000000	1.000000000000
13	33	55
0.146207930960	-0.558016866404	0.816847854703	-1.405929925386
0.617943645122	0.696322626768	0.365075952241	-0.290025176472
-0.772508182725	0.451388941225	0.446630867005	0.814012639754
0.000000000000	0.000000000000	0.000000000000	1.000000000000
13	47	55
0.574143417791	-0.377992946925	0.726278643416	-1.570715541327
0.482998997295	0.872627866655	0.072336539516	0.585121900762
-0.661113684943	0.309260308497	0.683583760171	-0.789526825860
0.000000000000	0.000000000000	0.000000000000	1.000000000000
13	51	55
0.999360715232	0.035693030800	0.002041666745	-2.013823391224
-0.031686501985	0.910736440269	-0.411770690989	0.548154184910
-0.016556764259	0.411442758982	0.911285207627	-0.440151562289
0.000000000000	0.000000000000	0.000000000000	1.000000000000
14	22	55
0.643301868551	0.421183287939	-0.639349156471	0.414880623952
-0.310408329972	0.906850361279	0.285077342016	0.497830758531
0.699863825757	0.015068517129	0.714117332928	-0.424401800062
0.000000000000	0.000000000000	0.000000000000	1.000000000000
14	27	55
0.695601020903	-0.443960728114	0.564834570127	0.300678856144
0.434357934841	0.886129045634	0.161581245583	-0.366782209689
-0.572252046007	0.132944298021	0.809230133809	1.079907950208
0.000000000000	0.000000000000	0.000000000000	1.000000000000
14	28	55
0.838833356565	-0.359051123076	0.409195419001	0.818520875581
0.280292921066	0.929228791254	0.240769042664	-0.539395801272
-0.466684559755	-0.087270524937	0.880107594083	1.612611359121
0.000000000000	0.000000000000	0.000000000000	1.000000000000
14	48	55
0.322719529065	-0.400515534724	0.857577641969	-2.123678160271
0.475714648398	0.851936016277	0.218862051230	0.054401214445
-0.818258931427	0.337331188321	0.465467496746	0.243975985679
0.000000000000	0.000000000000	0.000000000000	1.000000000000
14	50	55
0.897806839319	-0.111120666397	0.426139738550	-2.340229442614
0.235718744759	0.938616007700	-0.251866360314	-0.183711407807
-0.371994022320	0.326576465147	0.868889095208	0.623760177344
0.000000000000	0.000000000000	0.000000000000	1.000000000000
14	52	55
0.299415333201	-0.181238041718	0.936751424060	-2.446477197499
0.421096756557	0.906101559061	0.040712237535	0.211148080329
-0.856170531998	0.382273118205	0.347619451752	0.203116964953
0.000000000000	0.000000000000	0.000000000000	1.000000000000
15	17	55
0.861919074777	0.176623105692	-0.475289161533	-0.255846787353
-0.162033415537	0.984163438480	0.071885315667	0.296103942175
0.480458823193	0.015053401441	0.876888085402	-0.658774452327
0.000000000000	0.000000000000	0.000000000000	1.000000000000
15	26	55
0.533189085526	-0.487061238258	0.691723029299	0.149252187360
0.428765604223	0.860430114373	0.275354453233	-0.239320135609
-0.729293806166	0.149771053497	0.667607051957	0.670414124802
0.000000000000	0.000000000000	0.000000000000	1.000000000000
15	48	55
-0.071226613580	-0.365652683551	0.928022028041	-2.152382282827
0.496130583804	0.794144922631	0.350981887955	-0.301716152285
-0.865321450868	0.485419361863	0.124847225828	1.081737483645
0.000000000000	0.000000000000	0.000000000000	1.000000000000
15	50	55
0.669348357752	-0.118772773069	0.733393348996	-2.137213672772
0.305289164492	0.943918674045	-0.125761929189	-0.656864167483
-0.677326584462	0.308075583530	0.668070454978	1.426653680276
0.000000000000	0.000000000000	0.000000000000	1.000000000000
15	52	55
-0.039649358541	-0.175156156962	0.983741962633	-2.429715207775
0.421043529966	0.889915758434	0.175420320270	-0.197066320187
-0.906173423932	0.421153491697	0.038463777645	1.001339580964
0.000000000000	0.000000000000	0.000000000000	1.000000000000
16	21	55
0.769198644863	0.274691160649	-0.576955987058	-0.414220135828
-0.267384662619	0.958405334176	0.099823131685	0.220757206560
0.580378227483	0.077485364327	0.810652287592	-0.466206585677
0.000000000000	0.000000000000	0.000000000000	1.000000000000
16	25	55
0.717341847510	-0.517030651300	0.467011755127	0.118063071224
0.333249770748	0.843271126956	0.421708900473	-0.317950076155
-0.611853956519	-0.146877881444	0.777214014178	0.924600525215
0.000000000000	0.000000000000	0.000000000000	1.000000000000
16	47	55
-0.560788910262	-0.402648008333	0.723457240971	-1.911498568148
0.432059454747	0.603062288203	0.670552387298	-0.699569747010
-0.706286362385	0.688614883613	-0.164222764486	1.379478989590
0.000000000000	0.000000000000	0.000000000000	1.000000000000
16	50	55
0.580492770753	-0.093850497739	0.808838814089	-1.667868703061
0.369943957603	0.915294830033	-0.159301105920	-0.829426062996
-0.725375496785	0.391698172306	0.566041456499	1.960235765141
0.000000000000	0.000000000000	0.000000000000	1.000000000000
16	52	55
-0.265367036316	-0.203042221848	0.942525433176	-2.020370019415
0.422492546261	0.854228985785	0.302973411704	-0.731788817469
-0.866648939532	0.478609126524	-0.140900388986	1.804965356428
0.000000000000	0.000000000000	0.000000000000	1.000000000000
17	18	55
0.760955999823	0.218956254791	-0.610740636295	-0.123644057472
-0.256553919329	0.966160434347	0.026722679106	0.044438670449
0.595924536171	0.136353120937	0.791379664636	-0.157412188489
0.000000000000	0.000000000000	0.000000000000	1.000000000000
17	23	55
0.898393465147	-0.182874662720	0.399306948995	0.406738228105
0.198017786611	0.980192557457	0.003392121964	-0.264132982735
-0.392018032706	0.076022418013	0.916811024144	0.722164212382
0.000000000000	0.000000000000	0.000000000000	1.000000000000
17	34	55
-0.875385500188	0.291795680250	-0.385428990929	0.742951935357
-0.133254269357	0.620753171933	0.772598731058	-0.906620967304
0.464697240963	0.727681785207	-0.504515305733	2.172573945512
0.000000000000	0.000000000000	0.000000000000	1.000000000000
17	47	55
-0.762730893824	-0.184169267619	0.619938113421	-0.996581346930
0.341299291459	0.699604656302	0.627748451636	-0.879192856018
-0.549323563355	0.690387576471	-0.470753244277	2.291677257883
0.000000000000	0.000000000000	0.000000000000	1.000000000000
17	53	55
-0.959522835406	0.018168041055	0.281044214705	-1.133069944581
0.186379907381	0.789093443073	0.585315357925	-0.975533221305
-0.211136113585	0.614004446550	-0.760539335707	2.704140086946
0.000000000000	0.000000000000	0.000000000000	1.000000000000
18	21	55
0.935470721155	-0.138040950282	0.325329411377	-0.001089337457
0.105373782655	0.987635935904	0.116067325463	-0.002084627372
-0.337329061586	-0.074296393967	0.938450398291	0.098656269679
0.000000000000	0.000000000000	0.000000000000	1.000000000000
18	34	55
-0.407980955169	0.451025204133	-0.793805899107	2.389892351889
-0.273226938075	0.769293640569	0.577524315410	-0.383794459231
0.871147852278	0.452508077073	-0.190624918765	1.496856856320
0.000000000000	0.000000000000	0.000000000000	1.000000000000
18	35	55
-0.189354064274	0.277470802210	-0.941889055178	1.940431951419
-0.287218625625	0.901636058721	0.323354107300	-0.344058250560
0.938962459014	0.331756494337	-0.091033669753	1.193614069163
0.000000000000	0.000000000000	0.000000000000	1.000000000000
18	43	55
-0.561640196601	0.651268734638	-0.510303169542	0.854410460088
-0.225969339539	0.472578935746	0.851825690548	-1.558313678554
0.795925968385	0.593732418495	-0.118252560553	3.341038645584
0.000000000000	0.000000000000	0.000000000000	1.000000000000
18	44	55
-0.449368662032	0.535352957617	-0.715167823909	0.791526834119
-0.124910254177	0.755031962492	0.643680172149	-1.509362558420
0.884570649516	0.378581492398	-0.272416628766	3.429827989461
0.000000000000	0.000000000000	0.000000000000	1.000000000000
18	46	55
-0.944662492048	0.128695442004	-0.301745355100	0.796069849175
-0.094055927167	0.774955202787	0.624978332615	-0.940909407950
0.314270995610	0.618774528307	-0.719966543970	2.907211137457
0.000000000000	0.000000000000	0.000000000000	1.000000000000
18	53	55
-0.969961303438	0.068692950529	-0.233358840372	1.047159345192
-0.080929620216	0.813531448689	0.575861944016	-0.837090087519
0.229402411504	0.577449444144	-0.783534729960	2.794854432380
0.000000000000	0.000000000000	0.000000000000	1.000000000000
18	54	55
-0.888952773457	0.199771935637	-0.412133643730	0.783184383211
-0.109611584697	0.780908089937	0.614953539359	-0.912351960975
0.444688955409	0.591839276157	-0.672293093922	3.082283702736
0.000000000000	0.000000000000	0.000000000000	1.000000000000
19	35	55
0.423109645890	0.251943936568	-0.870346184217	2.500074316122
-0.196103598384	0.963259464399	0.183506356692	0.228598923839
0.884602513141	0.093034708966	0.456971483434	-0.316124958962
0.000000000000	0.000000000000	0.000000000000	1.000000000000
19	44	55
0.203335365125	0.446964195518	-0.871135889063	3.161915283032
-0.079244854090	0.894316740706	0.440361011437	-0.630569563250
0.975897014233	-0.020507930626	0.217265833466	2.084646158831
0.000000000000	0.000000000000	0.000000000000	1.000000000000
19	45	55
0.037142223066	0.345567837484	-0.937658426594	3.105716255722
-0.250234956030	0.911628122708	0.326062314087	-0.341273033450
0.967472439941	0.222524235947	0.120333047706	1.850752448894
0.000000000000	0.000000000000	0.000000000000	1.000000000000
19	54	55
-0.404827512995	0.352134094393	-0.843869814775	2.742749407348
-0.221064061203	0.857807708280	0.464000664288	-0.213404885174
0.887268485616	0.374389523332	-0.269419968176	1.754390084691
0.000000000000	0.000000000000	0.000000000000	1.000000000000
20	21	55
0.879351486437	-0.222750320048	0.420860140926	0.145896478451
0.089148678102	0.945223723777	0.314013734098	0.084335436672
-0.467753649365	-0.238609318611	0.851041783098	-0.045612321418
0.000000000000	0.000000000000	0.000000000000	1.000000000000
20	34	55
-0.269304054506	0.479038077842	-0.835462653985	2.648107007931
-0.085253917886	0.852248517022	0.516143618306	0.013375171911
0.959274254690	0.210226033617	-0.188674108129	1.018093532201
0.000000000000	0.000000000000	0.000000000000	1.000000000000
20	35	55
-0.049593228199	0.278898616718	-0.959039140656	2.157326308054
-0.111909117360	0.952622411100	0.282819538439	0.002667931137
0.992480156562	0.121351157653	-0.016032322591	0.813467625393
0.000000000000	0.000000000000	0.000000000000	1.000000000000
20	37	55
-0.944857627391	-0.325742103945	-0.033706760131	0.083805379934
0.323947408296	-0.944777476804	0.049533786261	0.453037415717
-0.047980627541	0.035883158175	0.998203515492	0.704829125634
0.000000000000	0.000000000000	0.000000000000	1.000000000000
20	43	55
-0.429473856237	0.684026821472	-0.589626588881	1.506862951958
-0.094855941476	0.615126920186	0.782701234462	-0.724040087955
0.898083825250	0.392079302653	-0.199296922342	3.264817093048
0.000000000000	0.000000000000	0.000000000000	1.000000000000
20	44	55
-0.234337605430	0.542162133250	-0.806936247761	1.509397476110
0.020533954697	0.832623944982	0.553457968547	-0.715612421397
0.971938394851	0.113126422700	-0.206247834173	3.138519428051
0.000000000000	0.000000000000	0.000000000000	1.000000000000
20	45	55
-0.502974490466	0.334330283569	-0.797019399657	1.502126056630
-0.075724612505	0.901562269406	0.425970958451	-0.433048602585
0.860977610047	0.274606510978	-0.428145791906	3.254277922134
0.000000000000	0.000000000000	0.000000000000	1.000000000000
20	46	55
-0.893841957148	0.174960204648	-0.412838324808	1.287458290834
-0.042061559794	0.883950487461	0.465684830014	-0.277479875600
0.446404951618	0.433613263759	-0.782752934625	2.778663685411
0.000000000000	0.000000000000	0.000000000000	1.000000000000
20	53	55
-0.925208648894	0.115314485036	-0.361512829028	1.516047660008
-0.043110999306	0.914594421762	0.402067762224	-0.182982128677
0.377001853775	0.387581750372	-0.841219346561	2.595793396680
0.000000000000	0.000000000000	0.000000000000	1.000000000000
20	54	55
-0.759321429557	0.254382917610	-0.598932632141	1.423940956254
-0.058901454067	0.889773484232	0.452585644344	-0.185025032690
0.648044431597	0.378935981382	-0.660640550293	2.806824202770
0.000000000000	0.000000000000	0.000000000000	1.000000000000
21	34	55
-0.666553468474	0.364783693801	-0.650107168397	1.775049181120
-0.295789392011	0.671079778556	0.679823923077	-0.736408311484
0.684262456400	0.645433797961	-0.339411407014	1.871839273300
0.000000000000	0.000000000000	0.000000000000	1.000000000000
21	35	55
-0.523349315527	0.245030015883	-0.816128534763	1.394277332099
-0.339799379465	0.818307297769	0.463583377757	-0.671617429518
0.781435778329	0.519936013115	-0.344999516831	1.568201248832
0.000000000000	0.000000000000	0.000000000000	1.000000000000
21	36	55
0.228774813373	0.358037554378	-0.905246482689	0.597158916563
-0.425451109770	0.873171134470	0.237830870840	-0.615748289293
0.875587481616	0.330728407585	0.352087038180	1.399065034503
0.000000000000	0.000000000000	0.000000000000	1.000000000000
21	43	55
0.951681845039	-0.305634030695	-0.029824572156	1.645590637568
0.292085283519	0.870931437688	0.395176692124	-0.648698823400
-0.094804287744	-0.384793802091	0.918120840030	1.111401017208
0.000000000000	0.000000000000	0.000000000000	1.000000000000
21	45	55
-0.868058397434	0.243096422122	-0.432872669727	-0.478640178241
-0.132432599399	0.726937418690	0.673812730604	-1.500911638382
0.478472805143	0.642235251959	-0.598830239617	3.200769348933
0.000000000000	0.000000000000	0.000000000000	1.000000000000
21	46	55
-0.999487871499	0.028235733117	0.015057825295	-0.290829438469
0.030214707297	0.677743890245	0.734676997529	-1.251583369495
0.010538794535	0.734755716283	-0.678249932694	2.666923889624
0.000000000000	0.000000000000	0.000000000000	1.000000000000
21	47	55
-0.934752363450	-0.091762105335	0.343245881329	0.122206119471
0.199477529284	0.663907764279	0.720718527472	-1.013641272394
-0.294018255105	0.742163187281	-0.602284873718	2.436998898210
0.000000000000	0.000000000000	0.000000000000	1.000000000000
21	53	55
-0.990870163679	-0.027806662615	0.131920840829	-0.076814280600
0.066343668329	0.751257784288	0.656666018018	-1.163530044317
-0.117366248997	0.659422877265	-0.742554127681	2.726778238365
0.000000000000	0.000000000000	0.000000000000	1.000000000000
21	54	55
-0.991963647394	0.051567909236	-0.115537322909	-0.315486942816
-0.047973880523	0.691682425304	0.720606639793	-1.210278074544
0.117075313519	0.720358364471	-0.683649908727	2.811362577141
0.000000000000	0.000000000000	0.000000000000	1.000000000000
22	24	55
0.784661652350	-0.296086876876	0.544645437576	0.646045732761
0.397499922501	0.914488737749	-0.075525890538	-0.771923048781
-0.475709893677	0.275758789292	0.835258754630	0.853655294460
0.000000000000	0.000000000000	0.000000000000	1.000000000000
22	33	55
0.988612702241	-0.080749453058	0.126982088498	-0.040184735647
0.081615516946	0.996662566279	-0.001623690755	-0.097568916303
-0.126427182054	0.011968910101	0.991903681226	0.278017541913
0.000000000000	0.000000000000	0.000000000000	1.000000000000
22	47	55
-0.707359682717	-0.221690846785	0.671189576586	-1.286795208921
0.475174652599	0.553844893008	0.683714036726	-1.197805816221
-0.523308062993	0.802564017970	-0.286425676688	1.832297824003
0.000000000000	0.000000000000	0.000000000000	1.000000000000
22	48	55
0.252474557526	0.944873259212	-0.208497294533	-0.161788821673
-0.913111928823	0.303949774722	0.271737262606	-0.429573160013
0.320129978671	0.121774621626	0.939514629095	-0.089246944425
0.000000000000	0.000000000000	0.000000000000	1.000000000000
22	49	55
0.110865853913	-0.201705220411	0.973151461231	-0.811681532599
0.625027249215	0.775452586737	0.089522195356	-1.333460386143
-0.772689912044	0.598321226250	0.212042472263	2.117655339197
0.000000000000	0.000000000000	0.000000000000	1.000000000000
22	51	55
-0.515320681953	-0.824816786178	-0.232641062564	0.610207777471
-0.566041520650	0.531406414436	-0.630241397876	1.420829987570
0.643460637220	-0.193091926129	-0.740725263787	4.463021232200
0.000000000000	0.000000000000	0.000000000000	1.000000000000
22	52	55
-0.509203704143	-0.184916461449	0.840545947568	-1.095863307811
0.537454768250	0.694479301468	0.478373151334	-1.452444102766
-0.672200832916	0.695344808075	-0.254247198824	2.055275289427
0.000000000000	0.000000000000	0.000000000000	1.000000000000
23	25	55
0.763219776585	-0.496555393025	0.413434776340	0.223108923536
0.329024797549	0.849354786585	0.412721612111	-0.124574906634
-0.556091948537	-0.178967003002	0.811623408120	0.313578016510
0.000000000000	0.000000000000	0.000000000000	1.000000000000
