0	1	60
0.997741872197	0.050035580668	-0.044806217562	-0.110045070841
-0.049234622015	0.998610189555	0.018805353259	-0.039910364820
0.045684882183	-0.016556871183	0.998818683023	0.111256986950
0.000000000000	0.000000000000	0.000000000000	1.000000000000
0	2	60
0.950350689035	0.094926247901	-0.296348739344	-0.303219721208
-0.076963142031	0.994450253671	0.071731218741	-0.209949514622
0.301513254468	-0.045361883039	0.952382306087	0.371218670268
0.000000000000	0.000000000000	0.000000000000	1.000000000000
0	3	60
0.938924837575	0.096348226038	-0.330359151114	-0.312306655028
-0.127538337210	0.989067562550	-0.074022491532	-0.511003304388
0.319615584613	0.111635012654	0.940948193060	0.605185352675
0.000000000000	0.000000000000	0.000000000000	1.000000000000
0	4	60
0.981744309416	-0.054327357625	0.182281785000	-0.102426324921
0.065538966347	0.996274377990	-0.056053614081	-0.504787774982
-0.178557427231	0.066976876419	0.981647260071	0.529338699246
0.000000000000	0.000000000000	0.000000000000	1.000000000000
0	5	60
0.948726686927	-0.206719003446	0.239133701363	0.131142406816
0.235052135302	0.967185480978	-0.096450708007	-0.235138969331
-0.211348449730	0.147714247788	0.966184420179	0.335919264465
0.000000000000	0.000000000000	0.000000000000	1.000000000000
0	6	60
0.957327819945	-0.172552270538	0.231838648831	0.442971651319
0.193478005780	0.978560769056	-0.070605116976	0.016954114361
-0.214685133251	0.112447922150	0.970188516921	0.300014195646
0.000000000000	0.000000000000	0.000000000000	1.000000000000
0	10	60
0.999355087762	-0.017961063709	-0.031093548453	0.760258620960
0.016163082092	0.998235286565	-0.057140768571	-0.194222412943
0.032064986235	0.056601350214	0.997881818560	0.211854596307
0.000000000000	0.000000000000	0.000000000000	1.000000000000
0	11	60
0.971825056783	-0.227304194129	0.062360743585	0.439299679149
0.229155445794	0.973087796765	-0.024247091576	-0.228268963883
-0.055171012969	0.037854235144	0.997759097282	0.377756666312
0.000000000000	0.000000000000	0.000000000000	1.000000000000
0	12	60
0.982493072786	-0.160828257097	-0.094029961428	0.206926194320
0.160287886597	0.986980413354	-0.013321301177	-0.346516169640
0.094948171849	-0.001983777667	0.995480240532	0.667055752374
0.000000000000	0.000000000000	0.000000000000	1.000000000000
0	13	60
0.978228121432	-0.125713720278	-0.165123599083	-0.130668878176
0.129282848801	0.991546694345	0.011004450912	-0.483957617593
0.162344348365	-0.032112512637	0.986211488012	0.683732625721
0.000000000000	0.000000000000	0.000000000000	1.000000000000
0	14	60
0.980587503594	-0.189584405756	-0.050058974121	-0.283592565735
0.191246332550	0.981059770967	0.030766313999	-0.549176360030
0.043278032329	-0.039742658251	0.998272273998	0.941092494171
0.000000000000	0.000000000000	0.000000000000	1.000000000000
0	15	60
0.896570000685	-0.363461836504	0.253096280645	-0.071241999265
0.327023647320	0.928644907107	0.175140431075	-0.578707191882
-0.298693434753	-0.074257187589	0.951455780437	1.050472494739
0.000000000000	0.000000000000	0.000000000000	1.000000000000
0	19	60
0.806591964519	-0.406577270796	0.429073799765	0.155805718831
0.440813321522	0.897338154682	0.021629880278	-0.181544119093
-0.393818509395	0.171694959227	0.903010422218	0.282703459617
0.000000000000	0.000000000000	0.000000000000	1.000000000000
0	26	60
0.867437517814	0.056183813615	-0.494363764627	2.302068652933
-0.038129508182	0.998188501993	0.046538748310	-0.245631809244
0.496082950014	-0.021519609108	0.868008417661	0.473799974059
0.000000000000	0.000000000000	0.000000000000	1.000000000000
0	27	60
0.290181393484	0.315921774765	-0.903320646894	2.104752592906
-0.300065932450	0.926370880518	0.227590482910	-0.707931677779
0.908710732334	0.205013228738	0.363612954918	1.338696933221
0.000000000000	0.000000000000	0.000000000000	1.000000000000
0	28	60
0.221047953702	0.368355925012	-0.903023651226	1.528174234650
-0.373395840708	0.887341335903	0.270556647931	-0.991050909248
0.900951357347	0.277379282042	0.333687556836	1.558002812414
0.000000000000	0.000000000000	0.000000000000	1.000000000000
0	29	60
0.221071184340	0.307931650242	-0.925367835098	0.887148762055
-0.231011154761	0.938375285959	0.257071330719	-0.944741764466
0.947502705975	0.156939228623	0.278583381932	1.531848992125
0.000000000000	0.000000000000	0.000000000000	1.000000000000
0	31	60
-0.723581012788	0.517191824070	-0.457102980790	-0.708288264111
0.205756945835	-0.470510896934	-0.858069679634	2.142811384167
-0.658858556272	-0.714935041092	0.234036941200	2.075676703384
0.000000000000	0.000000000000	0.000000000000	1.000000000000
0	32	60
-0.677080015731	0.545788557532	-0.493637015189	0.037532821098
-0.367278361514	0.330655067222	0.869352535905	-1.322149430987
0.637706246999	0.769923422807	-0.023423610973	1.890135973466
0.000000000000	0.000000000000	0.000000000000	1.000000000000
0	37	60
0.381835445861	-0.681132838475	0.624707730571	-0.245975203774
0.511752032774	0.718662814871	0.470779795099	-1.103557132632
-0.769617794256	0.139935038045	0.622982051019	1.158575501190
0.000000000000	0.000000000000	0.000000000000	1.000000000000
0	38	60
0.630589086050	-0.592145447506	0.501718221269	-0.483670309714
0.422489577157	0.804172206007	0.418102404058	-0.819513318573
-0.651045283946	-0.051680093695	0.757277496145	0.721583687586
0.000000000000	0.000000000000	0.000000000000	1.000000000000
0	39	60
0.700949036746	-0.457158077120	0.547427566358	-0.370908534156
0.292434385418	0.884288851155	0.364026589617	-0.641017245418
-0.650501789475	-0.095077443413	0.753530159744	0.369733103090
0.000000000000	0.000000000000	0.000000000000	1.000000000000
0	41	60
0.961634090992	-0.115484864824	-0.248843567406	-0.478510642227
0.012428592819	0.924486468215	-0.381012204749	-0.260436165612
0.274053653731	0.363301549796	0.890453018858	0.017735552369
0.000000000000	0.000000000000	0.000000000000	1.000000000000
1	2	60
0.975259551939	0.056714115130	-0.213664024808	-0.250786954659
-0.051727759121	0.998244101608	0.028860917174	-0.168117364033
0.214925673870	-0.017094523943	0.976480789346	0.237965618272
0.000000000000	0.000000000000	0.000000000000	1.000000000000
1	3	60
0.946755665480	0.034306845889	-0.320119899735	-0.092059649540
-0.067698368486	0.993289681049	-0.093768547104	-0.506012843520
0.314754890011	0.110447498146	0.942725150491	0.459282431400
0.000000000000	0.000000000000	0.000000000000	1.000000000000
1	4	60
0.969127661857	-0.137125084995	0.204910434311	0.096959233505
0.155635599466	0.984804602442	-0.077054884260	-0.444052712533
-0.191230581244	0.106567378098	0.975742926555	0.377213048962
0.000000000000	0.000000000000	0.000000000000	1.000000000000
1	5	60
0.929905012895	-0.259597668964	0.260548876915	0.320676273569
0.293209675957	0.950904471815	-0.099039241758	-0.182055421142
-0.222046735889	0.168492539155	0.960367383521	0.203655673217
0.000000000000	0.000000000000	0.000000000000	1.000000000000
1	10	60
0.996492972423	-0.081083041565	0.020671146129	0.859684702423
0.082518134361	0.993203278734	-0.082085349563	-0.091505215098
-0.013874920300	0.083503218392	0.996410908765	0.057434906455
0.000000000000	0.000000000000	0.000000000000	1.000000000000
1	11	60
0.953540263147	-0.290867731549	0.078466102876	0.627939501190
0.294751722773	0.954592376225	-0.043299159069	-0.139804859715
-0.062308815421	0.064415510535	0.995976030597	0.225038317562
0.000000000000	0.000000000000	0.000000000000	1.000000000000
1	12	60
0.975508638716	-0.218127326667	-0.028343696857	0.331905597875
0.216866026393	0.975304395917	-0.041838521747	-0.290708902034
0.036769857041	0.034667054485	0.998722270176	0.518182074018
0.000000000000	0.000000000000	0.000000000000	1.000000000000
1	13	60
0.975807119664	-0.181315576018	-0.122168437442	0.024338888950
0.176007695919	0.982960308473	-0.053012479128	-0.380400338554
0.129698713143	0.030227369376	0.991092604124	0.551832097129
0.000000000000	0.000000000000	0.000000000000	1.000000000000
1	14	60
0.964618927524	-0.262332195907	-0.026308623152	-0.093100194397
0.262550837979	0.964904305086	0.005171025369	-0.491880879999
0.024028777300	-0.011895420001	0.999640493800	0.806811219412
0.000000000000	0.000000000000	0.000000000000	1.000000000000
1	26	60
0.935051520416	-0.020269885441	-0.353931894455	2.244682274070
0.009884358619	0.999466575553	-0.031126577191	0.023978033118
0.354374030684	0.025606563556	0.934753095892	0.034807370933
0.000000000000	0.000000000000	0.000000000000	1.000000000000
1	27	60
0.309888076238	0.295152198035	-0.903800066497	2.347751677922
-0.352882520543	0.918400363252	0.178926519764	-0.592431280290
0.882860864973	0.263488050535	0.388755373371	1.165430004029
0.000000000000	0.000000000000	0.000000000000	1.000000000000
1	28	60
0.223588081886	0.267967467242	-0.937124221295	1.810088769651
-0.245730043199	0.945905096221	0.211849698636	-0.831876848325
0.943199403895	0.182912507616	0.277340763412	1.580241452878
0.000000000000	0.000000000000	0.000000000000	1.000000000000
1	29	60
0.256424705131	0.235269435462	-0.937493820425	1.322042847788
-0.249451423795	0.953174580192	0.170974287078	-0.990578080056
0.933820302716	0.190017137155	0.303105806316	1.743397117520
0.000000000000	0.000000000000	0.000000000000	1.000000000000
1	31	60
0.250980780440	-0.741189988678	0.622612277853	-1.283108530504
0.474735567285	0.654784222303	0.588118834402	-1.329167397001
-0.843584488362	0.147969668875	0.516207504874	1.266089382990
0.000000000000	0.000000000000	0.000000000000	1.000000000000
1	32	60
-0.545845110059	0.579358120867	-0.605307594211	0.443213319002
-0.470570805079	0.385761834492	0.793568474964	-1.294349118813
0.693264908410	0.718005553484	0.062062806360	1.749270973403
0.000000000000	0.000000000000	0.000000000000	1.000000000000
1	40	60
0.982429901803	-0.107489837318	-0.152569403607	-0.343434597656
0.040880609693	0.921576183842	-0.386039004670	-0.025221235230
0.182099598558	0.373019131210	0.909778249881	-0.384249693337
0.000000000000	0.000000000000	0.000000000000	1.000000000000
1	41	60
0.969341057700	-0.151245610916	-0.193656084429	-0.359278146344
0.051884541003	0.896334810184	-0.440331582398	-0.146497346078
0.240178908863	0.416783724767	0.876701442058	-0.079651497969
0.000000000000	0.000000000000	0.000000000000	1.000000000000
2	3	60
0.996949456293	0.022508170312	-0.074733953904	0.173045777608
-0.032941438598	0.989396546789	-0.141454355975	-0.305408473425
0.070757637185	0.143484687234	0.987119800890	0.195768500708
0.000000000000	0.000000000000	0.000000000000	1.000000000000
2	11	60
0.891750391084	-0.306882542276	0.332572315817	0.747752931898
0.350086642812	0.933522299274	-0.077301094966	0.166771088923
-0.286741316393	0.185362407203	0.939904354426	-0.180030805740
0.000000000000	0.000000000000	0.000000000000	1.000000000000
2	12	60
0.939489018659	-0.273992564575	0.205641577454	0.597732073220
0.291883047099	0.954455850941	-0.061792519133	-0.095102394757
-0.179345116009	0.118076683398	0.976674575384	0.147320985910
0.000000000000	0.000000000000	0.000000000000	1.000000000000
2	13	60
0.971950409233	-0.212430526291	0.100924097672	0.344828341244
0.221458834827	0.971129630988	-0.088674823335	-0.184608571678
-0.079173142341	0.108538063905	0.990934459092	0.237534377083
0.000000000000	0.000000000000	0.000000000000	1.000000000000
2	14	60
0.924108686409	-0.324896657100	0.201159881461	0.282417000228
0.329762082717	0.944013236088	0.009796881771	-0.404769306450
-0.193080564806	0.057281517926	0.979509429867	0.526233016624
0.000000000000	0.000000000000	0.000000000000	1.000000000000
2	26	60
-0.692684704582	0.338358655500	-0.636946873990	1.210144287736
-0.373647606469	0.587025538358	0.718184157090	-1.651674996172
0.616907907405	0.735468855604	-0.280196709864	2.189665974651
0.000000000000	0.000000000000	0.000000000000	1.000000000000
2	27	60
0.502796618923	0.186002145127	-0.844155650344	2.848442640949
-0.287641284842	0.956922323062	0.039524155663	-0.043722465651
0.815142963690	0.222941404038	0.534639204615	0.569050373547
0.000000000000	0.000000000000	0.000000000000	1.000000000000
2	28	60
0.411903758376	0.255502999465	-0.874673373952	2.377012946577
-0.298110576928	0.944848494780	0.135614917454	-0.551794427843
0.861083838984	0.204889089941	0.465354792673	0.903898940706
0.000000000000	0.000000000000	0.000000000000	1.000000000000
2	29	60
0.473985806007	0.243207337952	-0.846278704961	1.898830675740
-0.305816295047	0.946739962502	0.100796017216	-0.766761156522
0.825720200424	0.211029936666	0.523118071226	1.073839399042
0.000000000000	0.000000000000	0.000000000000	1.000000000000
2	30	60
0.386887211240	0.392099621458	-0.834611390188	1.346933105731
-0.438099080827	0.874580264938	0.207794503200	-1.067728843204
0.811410796797	0.285249447035	0.510142403460	1.141252391630
0.000000000000	0.000000000000	0.000000000000	1.000000000000
2	31	60
-0.009478246556	0.551886491629	-0.833865374746	0.927912170841
-0.541449086174	0.698244489726	0.468281453453	-1.104157564238
0.840680111531	0.455934132222	0.292200303134	1.370862715278
0.000000000000	0.000000000000	0.000000000000	1.000000000000
2	40	60
0.994905162222	-0.063769763622	0.078084156083	-0.252329397998
0.091227538375	0.899129390595	-0.428069941961	0.203635339243
-0.042909840661	0.433012420395	0.900366030766	-0.553264066242
0.000000000000	0.000000000000	0.000000000000	1.000000000000
2	41	60
0.992434568582	-0.118025969738	0.033815640624	-0.186956868457
0.119785363350	0.870411100769	-0.477531132372	0.057543703905
0.026927566000	0.477969022139	0.877963848951	-0.276718611531
0.000000000000	0.000000000000	0.000000000000	1.000000000000
2	42	60
0.987523864339	-0.079891520972	0.135698055392	-0.095377430288
0.129991148644	0.899957630928	-0.416147286197	-0.250176536814
-0.088875860810	0.428594922289	0.899114828013	0.121036266504
0.000000000000	0.000000000000	0.000000000000	1.000000000000
3	4	60
0.858113375407	-0.183027197264	0.479731675012	0.212686245690
0.175900670997	0.982563773073	0.060227782526	0.031666408728
-0.482390286895	0.032702857777	0.875345722673	-0.176473209538
0.000000000000	0.000000000000	0.000000000000	1.000000000000
3	5	60
0.777281305368	-0.224287137418	0.587817192939	0.230283791841
0.269673749996	0.962891119064	0.010805618475	0.314782117474
-0.568427515950	0.150119861498	0.808921619377	-0.373203220745
0.000000000000	0.000000000000	0.000000000000	1.000000000000
3	10	60
0.934423632690	-0.137214763600	0.328670934706	0.741986105190
0.133443120085	0.990468927584	0.034120920165	0.420893500360
-0.330220242221	0.011975480837	0.943827939556	-0.764539419392
0.000000000000	0.000000000000	0.000000000000	1.000000000000
3	11	60
0.864403660113	-0.300196994733	0.403346100436	0.553967857211
0.294415908787	0.952492977597	0.077951268634	0.340424360177
-0.407585064786	0.051370146798	0.911721187086	-0.490808991582
0.000000000000	0.000000000000	0.000000000000	1.000000000000
3	12	60
0.913438669530	-0.296857136265	0.278398343486	0.401018388278
0.284225272325	0.954921510886	0.085679067562	0.206960577942
-0.291283009424	0.000865271511	0.956636534806	-0.112259953021
0.000000000000	0.000000000000	0.000000000000	1.000000000000
3	13	60
0.952106253310	-0.246420194461	0.181026987406	0.157046925819
0.244238538212	0.969097585863	0.034603547897	0.174337118845
-0.183959829472	0.011267512442	0.982869179649	0.026062804077
0.000000000000	0.000000000000	0.000000000000	1.000000000000
3	14	60
0.899617112202	-0.370272979584	0.231488600203	0.210914167366
0.344751736126	0.927593749576	0.143930803460	-0.001969555804
-0.268021066097	-0.049676516952	0.962131462843	0.304130441360
0.000000000000	0.000000000000	0.000000000000	1.000000000000
3	26	60
0.973565247605	0.059365896397	-0.220559286814	2.408382022814
-0.053707860454	0.998057596856	0.031567373708	0.466932952324
0.222004897199	-0.018887130602	0.974862606687	-0.950899657206
0.000000000000	0.000000000000	0.000000000000	1.000000000000
3	27	60
0.621836367279	0.244674315114	-0.743944898398	2.563138271090
-0.179812113305	0.969170885110	0.168449990695	0.137284816191
0.762225121758	0.029021974081	0.646661108141	-0.105098584877
0.000000000000	0.000000000000	0.000000000000	1.000000000000
3	28	60
0.512792255859	0.268079674793	-0.815584079230	2.183341833488
-0.193358589103	0.961652126965	0.194519003503	-0.126277514157
0.836454755710	0.057952348241	0.544963271224	0.462467777600
0.000000000000	0.000000000000	0.000000000000	1.000000000000
3	29	60
0.550766762371	0.212234232792	-0.807225249790	1.812953206725
-0.155677594680	0.976281261294	0.150463900523	-0.303316417497
0.820012475504	0.042796369907	0.570743384316	0.785949511869
0.000000000000	0.000000000000	0.000000000000	1.000000000000
3	30	60
0.361924896166	0.326258499278	-0.873250113761	1.324353604980
-0.272559804479	0.932856285977	0.235563797505	-0.529861685280
0.891471548911	0.152756477316	0.426548867213	1.115517826156
0.000000000000	0.000000000000	0.000000000000	1.000000000000
3	40	60
0.982846784795	-0.081376600262	0.165499385340	-0.520355847607
0.131261318179	0.939030102664	-0.317793852427	0.470704045738
-0.129547921512	0.334066333563	0.933604317049	-0.768958771712
0.000000000000	0.000000000000	0.000000000000	1.000000000000
3	41	60
0.988455569289	-0.109307633748	0.104916293995	-0.407755225661
0.137996901709	0.935390620587	-0.325578319360	0.229004886482
-0.062549521661	0.336297826522	0.939676183170	-0.527399323296
0.000000000000	0.000000000000	0.000000000000	1.000000000000
3	42	60
0.976040203862	-0.083366577311	0.200986403106	-0.261841081961
0.139695077482	0.948274704279	-0.285062046846	0.050876197440
-0.166825674803	0.306308829472	0.937200136158	-0.071220219927
0.000000000000	0.000000000000	0.000000000000	1.000000000000
3	43	60
0.989762525708	-0.093962467824	0.107429964834	-0.094877812478
0.120353021624	0.954065759577	-0.274360486565	-0.145452364409
-0.076715662609	0.284481249017	0.955607202813	0.322669126835
0.000000000000	0.000000000000	0.000000000000	1.000000000000
3	44	60
0.922964769730	-0.116356171048	0.366875013182	-0.057926859523
0.200224562664	0.959225357625	-0.199491447925	-0.253134183940
-0.328703754685	0.257580967364	0.908628574780	0.668225425007
0.000000000000	0.000000000000	0.000000000000	1.000000000000
3	45	60
0.827936986264	-0.117994872104	0.548267778492	0.039979864912
0.239678787359	0.958285499039	-0.155701577455	-0.321082909035
-0.507025074001	0.260319251091	0.821680875916	0.937462259252
0.000000000000	0.000000000000	0.000000000000	1.000000000000
4	5	60
0.984799751283	-0.156201545508	0.075963985238	0.222230158113
0.159789921283	0.986184517873	-0.043672391319	0.228902986096
-0.068092811137	0.055146839330	0.996153700582	-0.160035063264
0.000000000000	0.000000000000	0.000000000000	1.000000000000
4	6	60
0.993451399829	-0.093946870755	0.065025392370	0.558428767792
0.095457849688	0.995221810299	-0.020526744469	0.456864355656
-0.062786265300	0.026599507158	0.997672466849	-0.144763525224
0.000000000000	0.000000000000	0.000000000000	1.000000000000
4	7	60
0.997256586512	-0.073508820598	-0.008703674688	0.980731134237
0.073496096530	0.997293928213	-0.001773286024	0.595313318170
0.008810474084	0.001128735053	0.999960549974	-0.283795199316
0.000000000000	0.000000000000	0.000000000000	1.000000000000
4	9	60
0.986550284691	0.111801296341	0.119243473246	1.318989981218
-0.113811037784	0.993450484602	0.010157869982	0.249163842589
-0.117326823250	-0.023592472961	0.992813079973	-0.295228591245
0.000000000000	0.000000000000	0.000000000000	1.000000000000
4	10	60
0.978692864149	0.072581289635	-0.192073512123	0.865042930568
-0.070276423919	0.997350483182	0.018794625245	0.215526176956
0.192928748261	-0.004895926050	0.981200554424	-0.188367353338
0.000000000000	0.000000000000	0.000000000000	1.000000000000
4	11	60
0.980713597161	-0.139262263231	-0.137138114260	0.619277079328
0.146166921263	0.988385448649	0.041586488515	0.229073110913
0.129753888079	-0.060829490694	0.989678584991	-0.043241515943
0.000000000000	0.000000000000	0.000000000000	1.000000000000
4	12	60
0.970854891459	-0.051297435687	-0.234113973999	0.234650421120
0.068622654540	0.995426369052	0.066462584064	0.125315680988
0.229633862951	-0.080591047198	0.969934725689	0.184807737780
0.000000000000	0.000000000000	0.000000000000	1.000000000000
4	13	60
0.935891632730	-0.027551123161	-0.351209036613	-0.031018924188
0.041132533998	0.998664351194	0.031267048171	0.177843530023
0.349878502388	-0.043708686402	0.935774857698	0.187694104665
0.000000000000	0.000000000000	0.000000000000	1.000000000000
4	14	60
0.959480597614	-0.140189369057	-0.244425701604	-0.233161434559
0.174084419795	0.977019503504	0.122993920812	-0.010437043108
0.221566237468	-0.160560987091	0.961836042077	0.404137829862
0.000000000000	0.000000000000	0.000000000000	1.000000000000
4	15	60
0.949856664611	-0.301011281625	0.084643517352	-0.088765665299
0.273378792844	0.930843916397	0.242473996399	-0.078362446460
-0.151777311606	-0.207175798879	0.966458398505	0.521690989195
0.000000000000	0.000000000000	0.000000000000	1.000000000000
4	18	60
0.734552635062	-0.382374929862	0.560554938731	0.032008690636
0.345341749955	0.921779578153	0.176242687900	-0.001953546895
-0.584098880380	0.064123492680	0.809145645496	0.145765960192
0.000000000000	0.000000000000	0.000000000000	1.000000000000
4	19	60
0.897944742754	-0.320979922918	0.301109827212	0.223781938390
0.326439548851	0.944624978897	0.033479399488	0.327533956077
-0.295182079243	0.068231505389	0.953001574902	-0.197503102550
0.000000000000	0.000000000000	0.000000000000	1.000000000000
4	20	60
0.921383513752	-0.239646972996	0.305976713034	0.445233532344
0.194188629362	0.965822040888	0.171693219324	0.210029478923
-0.336664813742	-0.098778103187	0.936429222910	-0.889218377058
0.000000000000	0.000000000000	0.000000000000	1.000000000000
4	25	60
0.871600332345	0.090742964732	-0.481745342487	2.567153001166
0.003675428314	0.981480966598	0.191524419937	0.063846996043
0.490203378082	-0.168703368541	0.855125617415	0.186126575473
0.000000000000	0.000000000000	0.000000000000	1.000000000000
4	26	60
0.635064561501	0.244865381853	-0.732621285178	2.442299849703
-0.158649978892	0.969554523414	0.186532062460	-0.092946077517
0.755991525695	-0.002229551022	0.654577605926	0.649610519927
0.000000000000	0.000000000000	0.000000000000	1.000000000000
4	27	60
0.119796102317	0.357674126415	-0.926130721423	1.984005818606
-0.235070211644	0.916541464144	0.323564120543	-0.324667532529
0.964567721556	0.178944024204	0.193876627613	1.210588679919
0.000000000000	0.000000000000	0.000000000000	1.000000000000
4	37	60
0.536398219019	-0.622178507550	0.570237542938	-0.336290221757
0.417794401127	0.782822460990	0.461125615160	-0.543863598698
-0.733297203745	-0.009104905964	0.679847270839	0.665102180115
0.000000000000	0.000000000000	0.000000000000	1.000000000000
4	38	60
0.787839165074	-0.496423992704	0.364517035876	-0.423019495421
0.316596859902	0.834114387958	0.451685306492	-0.300837546398
-0.528276327575	-0.240450425803	0.814314260255	0.143533748650
0.000000000000	0.000000000000	0.000000000000	1.000000000000
4	39	60
0.830908280978	-0.383085626202	0.403530459320	-0.211768215698
0.226726311663	0.895409784675	0.383192506591	-0.142958467633
-0.508120663033	-0.226906854249	0.830858996036	-0.206545095276
0.000000000000	0.000000000000	0.000000000000	1.000000000000
4	41	60
0.877982743761	-0.113920278469	-0.464939213028	-0.162950517050
-0.063843430925	0.934725406440	-0.349588945595	0.425954463702
0.474415764899	0.336616376174	0.813399715581	-0.515374390029
0.000000000000	0.000000000000	0.000000000000	1.000000000000
5	6	60
0.997253737532	0.073935126904	0.004310451082	0.349154706396
-0.074019042371	0.996954799494	0.024541987122	0.169627723068
-0.002482809961	-0.024793643845	0.999689507237	0.015302287596
0.000000000000	0.000000000000	0.000000000000	1.000000000000
5	7	60
0.993897822826	0.087429870256	-0.067254260603	0.788382683041
-0.082633026481	0.994042210544	0.071076484101	0.183471354503
0.073067781661	-0.065085339704	0.995200983640	-0.100695811234
0.000000000000	0.000000000000	0.000000000000	1.000000000000
5	8	60
0.988574679447	0.114824288952	0.097649812205	1.052257543227
-0.132299913780	0.971417107068	0.197092711459	0.122537757960
-0.072227667627	-0.207759925787	0.975509598756	-0.110513579852
0.000000000000	0.000000000000	0.000000000000	1.000000000000
5	9	60
0.964735824384	0.257537182386	0.054400265065	1.074731516045
-0.260316388281	0.964108118373	0.052258148445	-0.156927144397
-0.038989320884	-0.064576588444	0.997150789541	-0.048035363485
0.000000000000	0.000000000000	0.000000000000	1.000000000000
5	10	60
0.945185401440	0.211041705140	-0.249170535171	0.625512323402
-0.192024565171	0.976424682595	0.098597188550	-0.106617074608
0.264104379510	-0.045345759571	0.963427547257	0.012684950602
0.000000000000	0.000000000000	0.000000000000	1.000000000000
5	11	60
0.982963921903	0.024937244299	-0.182099044710	0.358763546790
-0.002849741308	0.992701822457	0.120561066124	-0.084827679076
0.183776514310	-0.117988243216	0.975861141378	0.146580617998
0.000000000000	0.000000000000	0.000000000000	1.000000000000
5	12	60
0.956313672409	0.101489802053	-0.274160500515	-0.049953780763
-0.060202413308	0.986073208118	0.155033214714	-0.079815287311
0.286076614555	-0.131755259144	0.949105221929	0.342347959195
0.000000000000	0.000000000000	0.000000000000	1.000000000000
5	15	60
0.984601638837	-0.167861598603	0.048806726115	-0.409648358139
0.146230969952	0.943856321026	0.296229216463	-0.250332777190
-0.095792046781	-0.284530717101	0.953869044890	0.669952809597
0.000000000000	0.000000000000	0.000000000000	1.000000000000
5	16	60
0.850654011137	-0.340217993483	0.400798540724	-0.342416851136
0.228855907061	0.925983738590	0.300298334443	-0.238641887712
-0.473299827952	-0.163724869146	0.865552678977	0.603891166621
0.000000000000	0.000000000000	0.000000000000	1.000000000000
5	17	60
0.616056961579	-0.308309361104	0.724858026061	-0.384340174293
0.228879187838	0.950579472902	0.209792714537	-0.264094811099
-0.753716218125	0.036660654024	0.656176697988	0.536581587120
0.000000000000	0.000000000000	0.000000000000	1.000000000000
5	18	60
0.808692243083	-0.223154639183	0.544259922269	-0.312298772874
0.188239578672	0.974767929017	0.119972270054	-0.161745317517
-0.557299485912	0.005430614278	0.830293798261	0.302962524804
0.000000000000	0.000000000000	0.000000000000	1.000000000000
5	19	60
0.954584212084	-0.167650094001	0.246297438114	0.001590634590
0.156831687522	0.985610827269	0.063048544461	0.025942785061
-0.253323516139	-0.021557902285	0.967141382126	-0.047279657141
0.000000000000	0.000000000000	0.000000000000	1.000000000000
5	20	60
0.961913176958	-0.060589309574	0.266555764448	0.269910735676
0.015905254452	0.985879718174	0.166697942920	-0.092827409036
-0.272892035201	-0.156109310607	0.949294380193	-0.705855906310
0.000000000000	0.000000000000	0.000000000000	1.000000000000
5	21	60
0.826455394833	-0.187567637472	0.530838828389	0.237060790005
0.074802548681	0.971094986694	0.226669595509	-0.109872839786
-0.558010805507	-0.147624212751	0.816597227981	-0.538968078208
0.000000000000	0.000000000000	0.000000000000	1.000000000000
5	25	60
0.837454660048	0.217024714138	-0.501567508734	2.217799185812
-0.091369271435	0.960452970788	0.263024232995	-0.372739549178
0.538814762791	-0.174443011778	0.824165206157	0.483413579758
0.000000000000	0.000000000000	0.000000000000	1.000000000000
5	26	60
0.579109534234	0.369646823984	-0.726631524831	2.036928800590
-0.195644769814	0.928266935973	0.316296727179	-0.555019430057
0.791426099774	-0.041008792941	0.609887700727	0.927072731257
0.000000000000	0.000000000000	0.000000000000	1.000000000000
5	36	60
0.486404095934	-0.533842251560	0.691681650695	-0.471722821161
0.416744876925	0.837536430808	0.353350300163	-0.758912795020
-0.767941900807	0.116383751091	0.629857173863	1.245697708092
0.000000000000	0.000000000000	0.000000000000	1.000000000000
5	37	60
0.650155329452	-0.480824121633	0.588307922470	-0.742176762799
0.278926874069	0.871270929975	0.403840024642	-0.621253925413
-0.706751615850	-0.098463854463	0.700576207744	0.798238945061
0.000000000000	0.000000000000	0.000000000000	1.000000000000
5	38	60
0.854864966380	-0.356644449495	0.376842972471	-0.771913271425
0.174298674712	0.881493091021	0.438850660790	-0.419136309456
-0.488698128961	-0.309474824705	0.815720216510	0.274219933997
0.000000000000	0.000000000000	0.000000000000	1.000000000000
5	39	60
0.873125549192	-0.233947608362	0.427691818826	-0.568989989373
0.071427371771	0.929249594852	0.362482166499	-0.301460210640
-0.482234285291	-0.285943538150	0.828061825639	-0.050350919264
0.000000000000	0.000000000000	0.000000000000	1.000000000000
6	7	60
0.996988462438	0.015745745715	-0.075934690733	0.453648508518
-0.013049476307	0.999271113079	0.035874137394	0.072186007419
0.076444207975	-0.034775193134	0.996467244323	-0.113252517620
0.000000000000	0.000000000000	0.000000000000	1.000000000000
6	8	60
0.997332541698	0.048209460695	0.054805557842	0.793309418589
-0.055861114757	0.987413364655	0.147967507102	0.071208360483
-0.046982306552	-0.150634309503	0.987472514894	-0.093800545664
0.000000000000	0.000000000000	0.000000000000	1.000000000000
6	9	60
0.980676967045	0.189908428560	0.046983774535	0.760553075338
-0.191174301575	0.981261158871	0.024060850114	-0.256249893494
-0.041533994814	-0.032578011796	0.998605828354	-0.081133376757
0.000000000000	0.000000000000	0.000000000000	1.000000000000
6	10	60
0.955793246427	0.135770105627	-0.260817462034	0.306610208173
-0.129144483998	0.990716343976	0.042459722455	-0.229135203473
0.264160883435	-0.006899579415	0.964453950931	-0.014004012469
0.000000000000	0.000000000000	0.000000000000	1.000000000000
6	11	60
0.983073962734	-0.043899153908	-0.177871999147	-0.015170853615
0.054617390946	0.996946176735	0.055814525890	-0.201950321533
0.174878599035	-0.064584711660	0.982469485846	0.116303226020
0.000000000000	0.000000000000	0.000000000000	1.000000000000
6	12	60
0.954351603953	0.012422088178	-0.298427056009	-0.383706339441
0.018255902399	0.994840858488	0.099791724658	-0.271025952355
0.298127050199	-0.100684447696	0.949201192547	0.312768803407
0.000000000000	0.000000000000	0.000000000000	1.000000000000
6	15	60
0.972877222577	-0.221398510007	0.067026931577	-0.774133310843
0.197860683856	0.946558645879	0.254711365463	-0.442857708270
-0.119837638386	-0.234540891272	0.964691407004	0.645507607440
0.000000000000	0.000000000000	0.000000000000	1.000000000000
6	16	60
0.833634172493	-0.396356773113	0.384649678097	-0.632792800941
0.301457328702	0.910067350031	0.284430830570	-0.438764251723
-0.462793199415	-0.121155795629	0.878147896291	0.552939845778
0.000000000000	0.000000000000	0.000000000000	1.000000000000
6	17	60
0.603433275440	-0.383181996113	0.699313835089	-0.648643175666
0.311959980438	0.920521981032	0.235202578731	-0.464596623262
-0.733859150448	0.076228867839	0.675011042140	0.483939480161
0.000000000000	0.000000000000	0.000000000000	1.000000000000
6	18	60
0.800353848596	-0.292107089453	0.523552447544	-0.576815952427
0.261275402744	0.955927499243	0.133931998086	-0.383640859998
-0.539600668049	0.029598386471	0.841400650439	0.261601324305
0.000000000000	0.000000000000	0.000000000000	1.000000000000
6	19	60
0.942256590426	-0.234617019578	0.238971487678	-0.347079109588
0.231690034887	0.971938623611	0.040682178743	-0.131407170108
-0.241810350343	0.017034261284	0.970173999038	-0.078079356794
0.000000000000	0.000000000000	0.000000000000	1.000000000000
6	20	60
0.963911239595	-0.133678563413	0.230228503593	0.006002427025
0.101098649532	0.983812492971	0.147959594946	-0.206849407950
-0.246280704168	-0.119344125777	0.961822641861	-0.748515822295
0.000000000000	0.000000000000	0.000000000000	1.000000000000
6	21	60
0.850500674514	-0.292946554909	0.436841983581	0.105883909088
0.199424505373	0.948129009012	0.247550497729	-0.252939218455
-0.486701622463	-0.123424868793	0.864805083504	-0.606761397236
0.000000000000	0.000000000000	0.000000000000	1.000000000000
6	24	60
0.997127066849	-0.048542934231	0.058148053229	1.493020300624
0.040854051963	0.991085836121	0.126806198108	-0.285889165946
-0.063785256888	-0.124066308789	0.990221688324	-0.116669882838
0.000000000000	0.000000000000	0.000000000000	1.000000000000
6	25	60
0.845482658628	0.140875869034	-0.515085491431	1.885142828876
-0.037143445260	0.977752624710	0.206446529026	-0.407971730986
0.532709525383	-0.155414910471	0.831905503750	0.441870529862
0.000000000000	0.000000000000	0.000000000000	1.000000000000
6	26	60
0.574152597119	0.308462738686	-0.758419101859	1.747773466823
-0.192250869416	0.951208834981	0.241332458372	-0.629172776788
0.795857021349	0.007245073971	0.605441252701	0.925196759572
0.000000000000	0.000000000000	0.000000000000	1.000000000000
6	35	60
-0.216909251750	-0.636922882788	0.739783493927	-0.696300145780
0.604926582900	0.507083610953	0.613946284950	-1.010968632403
-0.766168523111	0.580685330350	0.275300456429	1.386311681330
0.000000000000	0.000000000000	0.000000000000	1.000000000000
6	36	60
0.476935530868	-0.584863217817	0.656100233075	-0.729185789360
0.477399037859	0.799136802115	0.365336187856	-0.991552033577
-0.737985540541	0.138979811309	0.660349872417	1.145348070105
0.000000000000	0.000000000000	0.000000000000	1.000000000000
6	37	60
0.620479814527	-0.536462824190	0.572024857875	-1.047843686340
0.341594642712	0.841467225339	0.418623946700	-0.861910343125
-0.705916354701	-0.064347081857	0.705366254667	0.755488549438
0.000000000000	0.000000000000	0.000000000000	1.000000000000
6	38	60
0.835385045061	-0.430814012347	0.341366537983	-1.029723546634
0.253149006913	0.852807514664	0.456765720290	-0.685593947058
-0.487901021507	-0.295158651743	0.821482783455	0.235767135911
0.000000000000	0.000000000000	0.000000000000	1.000000000000
6	39	60
0.873470791221	-0.289467487259	0.391480971062	-0.834822387047
0.137294105055	0.917876032713	0.372362615319	-0.534578906562
-0.467117871207	-0.271499838656	0.841480084143	-0.087118649059
0.000000000000	0.000000000000	0.000000000000	1.000000000000
6	53	60
0.721968937601	-0.298095562468	0.624419641568	-0.846124061544
0.235302125832	0.954427564746	0.183578139306	-0.834730436292
-0.650687146575	0.014389554871	0.759209574487	1.573996421065
0.000000000000	0.000000000000	0.000000000000	1.000000000000
6	54	60
0.456169479773	-0.351497488970	0.817532214026	-0.752480567085
0.269690442490	0.930087538885	0.249407769006	-0.780401096910
-0.848042729438	0.106708412312	0.519073062091	1.401765870116
0.000000000000	0.000000000000	0.000000000000	1.000000000000
6	59	60
0.407727208819	-0.517888426369	0.752030651651	-1.031719897876
0.314554140178	0.852849886900	0.416776634795	-0.408316381689
-0.857213051747	0.066623181012	0.510634052592	0.922114112186
0.000000000000	0.000000000000	0.000000000000	1.000000000000
7	8	60
0.988683981802	0.044476761621	0.143268286104	0.317346917984
-0.063414562878	0.989423621769	0.130458767052	-0.024430280909
-0.135950643038	-0.138067789007	0.981047760456	-0.011488514819
0.000000000000	0.000000000000	0.000000000000	1.000000000000
7	9	60
0.975502652712	0.186420558063	0.116798758910	0.331808754003
-0.186091577025	0.982435307334	-0.013812742817	-0.325854980108
-0.117322203830	-0.008260897981	0.993059544062	0.015131733259
0.000000000000	0.000000000000	0.000000000000	1.000000000000
7	10	60
0.976872118580	0.125427176095	-0.173172998585	-0.148061348405
-0.127226424756	0.991873441844	0.000715687574	-0.294169035509
0.171855464812	0.021333046237	0.984891161679	0.103021520274
0.000000000000	0.000000000000	0.000000000000	1.000000000000
7	11	60
0.992890364397	-0.048761606066	-0.108586509570	-0.416661198528
0.054708411371	0.997122502055	0.052475762229	-0.329914302437
0.105715249666	-0.058043274117	0.992700994418	0.260262056339
0.000000000000	0.000000000000	0.000000000000	1.000000000000
7	15	60
0.961136311138	-0.258630092539	0.096578810545	-1.091277131458
0.232068540201	0.946368718734	0.224789770341	-0.570284265923
-0.149536564297	-0.193640707069	0.969609247328	0.806894028696
0.000000000000	0.000000000000	0.000000000000	1.000000000000
7	16	60
0.771679784557	-0.430364999333	0.468290804367	-1.059119974724
0.336784619451	0.901093868473	0.273140916565	-0.569144511182
-0.539524262852	-0.053064183308	0.840296234815	0.780645939777
0.000000000000	0.000000000000	0.000000000000	1.000000000000
7	17	60
0.536233299039	-0.376006001381	0.755693943292	-1.024570509101
0.346628449549	0.914418147771	0.209017149989	-0.551648079629
-0.769611958694	0.149863064003	0.620675837360	0.660344946361
0.000000000000	0.000000000000	0.000000000000	1.000000000000
7	18	60
0.750210956050	-0.308265825070	0.584940768383	-1.002169570401
0.299260029504	0.947173556542	0.115350286213	-0.476982229463
-0.589598979107	0.088512343104	0.802831619304	0.438546461802
0.000000000000	0.000000000000	0.000000000000	1.000000000000
7	19	60
0.922536625218	-0.240562888021	0.301754323976	-0.751099939039
0.249574319055	0.968314336918	0.008944505993	-0.212304808937
-0.294344754326	0.067058495555	0.953343759498	0.081457366622
0.000000000000	0.000000000000	0.000000000000	1.000000000000
7	20	60
0.931681416874	-0.162380550594	0.324965066186	-0.537832861463
0.127632004815	0.983826397476	0.125680909354	-0.283962942800
-0.340117345631	-0.075618624808	0.937337727174	-0.593263617441
0.000000000000	0.000000000000	0.000000000000	1.000000000000
7	21	60
0.808697555012	-0.280569082935	0.517000245859	-0.436746579390
0.199103106177	0.957598786287	0.208236686521	-0.291657355237
-0.553503584115	-0.065464144409	0.830269973062	-0.465883891797
0.000000000000	0.000000000000	0.000000000000	1.000000000000
7	24	60
0.992158482479	-0.041546059155	0.117879050782	1.082083640543
0.030487739654	0.995094869987	0.094110028457	-0.363842256879
-0.121210739521	-0.089778197209	0.988558461564	-0.082514621092
0.000000000000	0.000000000000	0.000000000000	1.000000000000
7	25	60
0.886929089903	0.137098030718	-0.441090602323	1.461264479887
-0.056589144940	0.979994388437	0.190810553447	-0.530654384327
0.458426066186	-0.144274490487	0.876943791378	0.426671254979
0.000000000000	0.000000000000	0.000000000000	1.000000000000
7	26	60
0.638540281697	0.232994656494	-0.733471061935	1.408271225979
-0.152521703434	0.972477830183	0.176136310238	-0.629336296875
0.754323165912	-0.000599873371	0.656503009528	0.952468805172
0.000000000000	0.000000000000	0.000000000000	1.000000000000
7	35	60
-0.293536742087	-0.615772562220	0.731204713239	-1.026355339387
0.627893673811	0.452571462184	0.633189233961	-1.195677770880
-0.720822943193	0.644983118565	0.253793343753	1.551521826661
0.000000000000	0.000000000000	0.000000000000	1.000000000000
7	36	60
0.364179741203	-0.590352178943	0.720317583372	-1.082029369372
0.499806593471	0.776505521316	0.383708931989	-1.144581856756
-0.785853984669	0.220280458013	0.577849491302	1.368361467308
0.000000000000	0.000000000000	0.000000000000	1.000000000000
7	37	60
0.554811613854	-0.560559780824	0.614781916826	-1.416748002714
0.388242554685	0.827992023078	0.404594770668	-1.006991463338
-0.735834079032	0.014210624291	0.677012751942	0.959752344988
0.000000000000	0.000000000000	0.000000000000	1.000000000000
7	38	60
0.783029499101	-0.476333075682	0.399964504111	-1.461291702729
0.294715744857	0.850416503231	0.435814640375	-0.797687536706
-0.547729343079	-0.223379882808	0.806284065753	0.435673664185
0.000000000000	0.000000000000	0.000000000000	1.000000000000
7	39	60
0.841046695767	-0.314252234234	0.440324867364	-1.262205460954
0.165233362640	0.924298338364	0.344050167226	-0.612550660799
-0.515110076984	-0.216605897835	0.829303016763	0.071150516499
0.000000000000	0.000000000000	0.000000000000	1.000000000000
7	53	60
0.670677804890	-0.263906106660	0.693213422327	-1.157727891055
0.250446384188	0.960251478162	0.123262757291	-0.930227284698
-0.698189007844	0.090943199608	0.710113683695	1.757461830203
0.000000000000	0.000000000000	0.000000000000	1.000000000000
7	54	60
0.364069232464	-0.338962979013	0.867500831603	-1.060837893545
0.313450575893	0.921681783589	0.228585708812	-0.892266615652
-0.877041806555	0.188697611694	0.441804120505	1.603125930461
0.000000000000	0.000000000000	0.000000000000	1.000000000000
7	58	60
0.047523495096	-0.554823009703	0.830609983878	-1.476873090842
0.324499364540	0.795021696693	0.512484794116	-0.628892532062
-0.944691314571	0.245177343349	0.217821923785	1.285036529875
0.000000000000	0.000000000000	0.000000000000	1.000000000000
7	59	60
0.350948241624	-0.531825500154	0.770711988416	-1.373718777767
0.323546389884	0.841240774437	0.433164741199	-0.553551450060
