0	1	37
0.959127150621	0.025355317720	0.281837216857	-0.133564042423
0.037762872269	0.975600563175	-0.216281082415	-0.014307666869
-0.280444423051	0.218084041131	0.934767498678	-0.098760536100
0.000000000000	0.000000000000	0.000000000000	1.000000000000
0	12	37
0.997324882776	-0.030360066989	-0.066493191594	-0.970254884228
0.033870806269	0.998055614832	0.052323591091	-0.048704128038
0.064775355488	-0.054435797362	0.996414019014	0.595660025556
0.000000000000	0.000000000000	0.000000000000	1.000000000000
2	3	37
0.661122999700	-0.310016043745	0.683232341073	-0.217037094497
0.302792556445	0.943434081086	0.135088128298	0.007662048234
-0.686464162961	0.117567798595	0.717596520131	0.021983103097
0.000000000000	0.000000000000	0.000000000000	1.000000000000
3	4	37
0.881876713519	0.137689340102	0.450926942836	-0.200578633329
0.102368257427	0.877674430101	-0.468196897275	0.116006456611
-0.460232769394	0.459052546414	0.759905624145	-0.211707368325
0.000000000000	0.000000000000	0.000000000000	1.000000000000
4	5	37
0.981636617925	-0.122863108536	0.145925347046	-0.038583507188
0.038350766445	0.876454964935	0.479954074005	0.073535674955
-0.186865644415	-0.465544145063	0.865072181922	-0.020002988370
0.000000000000	0.000000000000	0.000000000000	1.000000000000
5	6	37
0.791172444703	-0.358784699119	0.495297589758	0.049388683726
0.337086598260	0.931548429378	0.136345696656	-0.008447616907
-0.510312441565	0.059085221510	0.857956961964	0.050541061050
0.000000000000	0.000000000000	0.000000000000	1.000000000000
6	7	37
0.814167280289	-0.356508550197	0.458293894073	0.062629383930
0.371465359548	0.926455335852	0.060778263605	0.173168029820
-0.446256794193	0.120756632561	0.886720197880	-0.321794668459
0.000000000000	0.000000000000	0.000000000000	1.000000000000
7	8	37
0.817434125418	-0.140283973955	0.558678670842	-0.018538443118
0.297494438674	0.933342741819	-0.200918852406	0.135227984756
-0.493252987382	0.330441723978	0.804679909960	-0.242054462384
0.000000000000	0.000000000000	0.000000000000	1.000000000000
8	9	37
0.941767636965	0.130215163480	0.310028594110	-0.196505744368
0.049886390170	0.857672796125	-0.511770185595	-0.124887014748
-0.332543329570	0.497434805766	0.801232518044	-0.015872339588
0.000000000000	0.000000000000	0.000000000000	1.000000000000
8	10	37
0.779642334126	-0.322619209146	0.536725886025	-0.001855405752
0.297392989003	0.945012727809	0.136045412902	-0.043229069202
-0.551103657156	0.053551752258	0.832716619805	0.079170280886
0.000000000000	0.000000000000	0.000000000000	1.000000000000
8	15	37
0.912583005638	-0.289153491679	0.289106409598	0.132713301633
0.221037028838	0.943695789250	0.246131853352	-0.311782474836
-0.343998386193	-0.160712524720	0.925114368440	0.755784808343
0.000000000000	0.000000000000	0.000000000000	1.000000000000
8	16	37
0.940711605006	-0.203314657868	0.271523159422	0.639524800490
0.181034166778	0.977855076188	0.105005144790	-0.621128469432
-0.286859384830	-0.049624589362	0.956686517865	1.054807881494
0.000000000000	0.000000000000	0.000000000000	1.000000000000
10	14	37
0.737028603984	-0.291828537279	0.609610483619	-0.502439450057
0.347879475365	0.937120452644	0.028020133061	-0.156052616257
-0.579455526791	0.191419335665	0.792205737422	0.335912078393
0.000000000000	0.000000000000	0.000000000000	1.000000000000
10	15	37
0.949466579375	0.133300436974	-0.284155253608	-0.192541645815
-0.078978355387	0.977669970803	0.194740462079	-0.286656780437
0.303769047190	-0.162457445791	0.938792812220	0.672630940509
0.000000000000	0.000000000000	0.000000000000	1.000000000000
10	16	37
0.915731432308	0.136340801399	-0.377951226690	-0.061195555765
-0.137558306001	0.990204910417	0.023915430928	-0.616381293547
0.377509809585	0.030090218677	0.925516570574	1.168697678317
0.000000000000	0.000000000000	0.000000000000	1.000000000000
11	12	37
0.862878556047	0.005460132973	0.505381820471	-0.310476349281
0.186172970759	0.926195408037	-0.327874505094	0.142130947571
-0.469872559821	0.377004314405	0.798177627128	-0.210513382964
0.000000000000	0.000000000000	0.000000000000	1.000000000000
11	13	37
0.791796607081	-0.079267247496	0.605619382524	-0.383221070414
0.308231896878	0.907880585457	-0.284158301474	0.227058572662
-0.527305633159	0.411666790043	0.743289461256	-0.404779352708
0.000000000000	0.000000000000	0.000000000000	1.000000000000
12	13	37
0.993121711989	-0.085024140641	0.080499445238	0.145124263488
0.085965244551	0.996263630492	-0.008291880820	0.079490686698
-0.079493659524	0.015155001372	0.996720163350	-0.241881139300
0.000000000000	0.000000000000	0.000000000000	1.000000000000
14	15	37
0.453767570641	0.591784185437	-0.666248054182	-0.058960713678
-0.345818836913	0.806000805292	0.480387379002	-0.193397718351
0.821282121972	0.012416913256	0.570387146064	0.445598427070
0.000000000000	0.000000000000	0.000000000000	1.000000000000
15	16	37
0.998670220427	0.027308653987	-0.043726745254	0.284037326776
-0.034454404768	0.984483576852	-0.172060980180	-0.407455961450
0.038349508799	0.173338755983	0.984115334120	0.339577204822
0.000000000000	0.000000000000	0.000000000000	1.000000000000
16	17	37
0.696645445163	-0.439761429168	0.566828906417	-0.066323582762
0.409781234734	0.892441903258	0.188750599916	-0.154679312313
-0.588867101640	0.100783603451	0.801921568410	0.390571993588
0.000000000000	0.000000000000	0.000000000000	1.000000000000
17	18	37
0.941472050476	0.250695958792	-0.225348428922	-0.016199611918
-0.324228274966	0.856367218401	-0.401884576664	-0.323016152911
0.092230167977	0.451427428822	0.887528519329	0.424325157027
0.000000000000	0.000000000000	0.000000000000	1.000000000000
17	19	37
0.925922215718	0.189791234147	-0.326569039992	-0.034451718657
-0.275065794885	0.931340034713	-0.238630568504	-0.740875953354
0.258856830941	0.310781317297	0.914553505211	0.861280926413
0.000000000000	0.000000000000	0.000000000000	1.000000000000
18	19	37
0.988772854387	0.041610615851	-0.143515849564	0.124737753021
-0.030967302457	0.996656162253	0.075614287158	-0.132681593673
0.146182312904	-0.070321055825	0.986755126919	0.531235367058
0.000000000000	0.000000000000	0.000000000000	1.000000000000
19	20	37
0.775099544403	-0.475272503127	0.416337295996	0.063008813412
0.343063608984	0.869905513408	0.354361055894	-0.067255310410
-0.530592175269	-0.131834917659	0.837312067290	0.459173568924
0.000000000000	0.000000000000	0.000000000000	1.000000000000
20	21	37
0.432385301588	-0.501719718743	0.749213103727	-0.099749931513
0.688233157537	0.720460741177	0.085272746468	-0.108783992562
-0.582561646384	0.478762617847	0.656816781085	0.185878100994
0.000000000000	0.000000000000	0.000000000000	1.000000000000
21	22	37
0.943909561321	-0.042735583580	0.327426953597	-0.202111029535
0.167973278093	0.915849182741	-0.364698851547	-0.120906592371
-0.284288089608	0.399241711710	0.871657236383	0.029205617954
0.000000000000	0.000000000000	0.000000000000	1.000000000000
21	28	37
0.585936551073	-0.469494434970	0.660494764286	0.041382357791
0.576086406562	0.814559487183	0.067950673390	-0.505736436857
-0.569914739493	0.340687272101	0.747749538507	0.582568193321
0.000000000000	0.000000000000	0.000000000000	1.000000000000
22	23	37
0.989657331870	0.108589431766	-0.093737403337	-0.057260416012
-0.142030673973	0.833470677730	-0.533998049636	-0.129125101441
0.020140832314	0.541788671599	0.840273397295	0.252898650443
0.000000000000	0.000000000000	0.000000000000	1.000000000000
22	29	37
0.962741058454	0.184971855310	-0.197269022174	0.068130057228
-0.159596505064	0.977530312312	0.137707821431	-0.355089255187
0.218308520076	-0.101093527265	0.970629429189	0.958396108653
0.000000000000	0.000000000000	0.000000000000	1.000000000000
23	28	37
0.776335181269	-0.510031013217	0.370367455212	0.097712189206
0.024915943818	0.611958230596	0.790497514069	0.223025383020
-0.629827660608	-0.604462976172	0.487792607949	0.417920361049
0.000000000000	0.000000000000	0.000000000000	1.000000000000
23	29	37
0.976686323798	0.013160358625	-0.214267659405	0.167563626174
0.125601202219	0.774413804971	0.620086765438	0.202758272414
0.174092397614	-0.632542538989	0.754706415411	0.705422959396
0.000000000000	0.000000000000	0.000000000000	1.000000000000
23	30	37
0.853468988408	-0.079773812381	-0.515001771534	0.261729019950
0.172718433323	0.975661774610	0.135101607524	0.066109395438
0.491689972051	-0.204255331444	0.846475475700	0.694387870817
0.000000000000	0.000000000000	0.000000000000	1.000000000000
24	27	37
0.856069277620	0.183411649850	0.483224128759	-0.073060131573
0.198160830998	0.747011249510	-0.634591583748	0.019149801088
-0.477365349573	0.639010453596	0.603148375793	-0.179138197377
0.000000000000	0.000000000000	0.000000000000	1.000000000000
24	28	37
0.952532887202	-0.196073610957	0.232886749056	0.045389563266
0.141782110020	0.962666179234	0.230589810349	0.024667093341
-0.269404773673	-0.186625203134	0.944770925398	0.030779034332
0.000000000000	0.000000000000	0.000000000000	1.000000000000
25	27	37
0.941987002603	0.017183240384	-0.335209222988	0.090546152058
-0.245791554064	0.715417369703	-0.654037077755	-0.070488077359
0.228576024283	0.698486022320	0.678137359055	-0.214873709792
0.000000000000	0.000000000000	0.000000000000	1.000000000000
26	27	37
0.768868434480	-0.166653601395	-0.617306980037	0.147761750621
-0.062426617771	0.941259289210	-0.331864231078	0.028203051290
0.636352298538	0.293696318699	0.713300935460	-0.024617577644
0.000000000000	0.000000000000	0.000000000000	1.000000000000
28	29	37
0.657572393742	0.423016231493	-0.623422661509	-0.137696082598
-0.543597705650	0.839337056113	-0.003852356124	-0.191701054552
0.521632132255	0.341424331484	0.781875530037	0.142222432802
0.000000000000	0.000000000000	0.000000000000	1.000000000000
28	30	37
0.374640357757	0.036471188273	-0.926452618737	-0.009670833066
-0.612999642079	0.759415364651	-0.217990235428	-0.245638149863
0.695611990372	0.649583063478	0.306864469257	0.119548470579
0.000000000000	0.000000000000	0.000000000000	1.000000000000
29	30	37
0.952073501653	-0.028862755583	-0.304504497160	0.053048631903
-0.123440747101	0.874607356381	-0.468854299457	-0.025418987615
0.279854300316	0.483972017275	0.829127648248	-0.124024728738
0.000000000000	0.000000000000	0.000000000000	1.000000000000
30	31	37
0.945022590498	0.232800383422	-0.229643821877	-0.061089548270
0.074455019222	0.530635196574	0.844323834953	0.220398558328
0.318416007073	-0.815003232899	0.484129091054	0.556463407777
0.000000000000	0.000000000000	0.000000000000	1.000000000000
31	32	37
0.770176905161	0.372079266490	-0.518058446708	0.010328881306
-0.547154103611	0.802830332521	-0.236824500604	-0.384251989958
0.327795548564	0.465854565968	0.821906078399	0.086107580459
0.000000000000	0.000000000000	0.000000000000	1.000000000000
31	33	37
0.419480404640	0.309843181397	-0.853248728722	0.220126655217
-0.733952225591	0.668883388887	-0.117937028200	-0.499513132837
0.534181917209	0.675716075739	0.507993567198	0.153327655126
0.000000000000	0.000000000000	0.000000000000	1.000000000000
31	34	37
-0.009886584781	-0.617530282717	0.786484968304	-2.371274142378
0.851418317235	0.407269699950	0.330481830937	-0.796641787633
-0.524394035548	0.672895044884	0.521750087736	0.930640812250
0.000000000000	0.000000000000	0.000000000000	1.000000000000
32	33	37
0.904717304088	0.093731123805	-0.415573189840	0.234744610265
-0.173415662137	0.972044812962	-0.158290523150	-0.022037041719
0.389119014967	0.215275075249	0.895680207534	-0.019138898708
0.000000000000	0.000000000000	0.000000000000	1.000000000000
32	34	37
-0.653236856767	-0.454209395938	0.605784973074	-1.329210003858
0.439255004860	0.424340457556	0.791827138198	-0.850997588645
-0.616714398783	0.783344752151	-0.077681076273	2.038236590853
0.000000000000	0.000000000000	0.000000000000	1.000000000000
32	35	37
-0.514003340328	-0.053626729562	0.856110238234	-1.469321317193
0.429031275117	0.848166945104	0.310716910070	-0.977599648118
-0.742787137142	0.527007596823	-0.412953098775	2.070067057203
0.000000000000	0.000000000000	0.000000000000	1.000000000000
32	36	37
-0.528921382570	-0.130373544748	0.838596988959	-1.419648181083
0.482301883175	0.766876119969	0.423421669387	-0.928969639362
-0.698302989072	0.628413681782	-0.342737771486	2.136548761934
0.000000000000	0.000000000000	0.000000000000	1.000000000000
33	34	37
0.916116193462	0.232983755491	-0.326266286573	0.092884592186
-0.013202546125	0.830899192920	0.556266324687	0.067479586330
0.400695411569	-0.505297042226	0.764276184547	0.261317678733
0.000000000000	0.000000000000	0.000000000000	1.000000000000
33	35	37
0.812398468188	0.244223871296	-0.529493559522	0.104409487096
-0.225873338761	0.968971866047	0.100373092238	-0.181831730030
0.537577867590	0.038055531760	0.842354920909	0.122888871707
0.000000000000	0.000000000000	0.000000000000	1.000000000000
33	36	37
0.831115013227	0.140252580772	-0.538123636700	0.168075338988
-0.068949022438	0.986195807173	0.150545216530	0.009874970390
0.551809629395	-0.088017290926	0.829312419661	0.134122897421
0.000000000000	0.000000000000	0.000000000000	1.000000000000
34	35	37
0.980184248200	0.082959267946	-0.179879402496	0.035303729227
-0.170617505133	0.814931715347	-0.553873601342	-0.026392394256
0.100640481530	0.573588754408	0.812937534067	-0.206899860037
0.000000000000	0.000000000000	0.000000000000	1.000000000000
34	36	37
0.986002514015	0.103126450793	-0.131011364021	-0.052079494354
-0.149204021691	0.896447100775	-0.417277791673	0.024053932569
0.074412379795	0.430984374031	0.899285976247	-0.164595596163
0.000000000000	0.000000000000	0.000000000000	1.000000000000
35	36	37
0.999869172330	-0.009509305149	-0.013084775079	-0.018420697993
0.011675000737	0.984157957951	0.176909039225	0.076476892799
0.011195203484	-0.177038659386	0.984140224003	0.020716744241
0.000000000000	0.000000000000	0.000000000000	1.000000000000
