0	1	37
0.957337532328	0.039977223606	0.286193414999	-0.140727437322
0.029805647829	0.971441708644	-0.235398874390	0.042762111643
-0.287430813507	0.233886357660	0.928806061106	-0.102715693164
0.000000000000	0.000000000000	0.000000000000	1.000000000000
0	12	37
0.995557580036	-0.030310273241	-0.089142538490	-0.917409535987
0.035627809972	0.997640953354	0.058678678817	-0.065551980258
0.087153680295	-0.061593956904	0.994288901921	0.600818015851
0.000000000000	0.000000000000	0.000000000000	1.000000000000
2	3	37
0.658635468357	-0.303226621434	0.688660247057	-0.228905596609
0.283581021966	0.947754641827	0.146092240986	-0.046142156082
-0.696980002442	0.099069445083	0.710214137601	0.044665943458
0.000000000000	0.000000000000	0.000000000000	1.000000000000
3	4	37
0.884696682332	0.118810760790	0.450772429715	-0.180327893461
0.115754086508	0.880701808270	-0.459309608398	0.105322031545
-0.451567017980	0.458528437538	0.765401136817	-0.223796513464
0.000000000000	0.000000000000	0.000000000000	1.000000000000
4	5	37
0.981852097934	-0.122089502167	0.145122745437	-0.032766803121
0.039921410665	0.881129992763	0.471185968407	0.077541644668
-0.185398863947	-0.456841426880	0.870013317101	-0.039653140525
0.000000000000	0.000000000000	0.000000000000	1.000000000000
5	6	37
0.790363151343	-0.345566213680	0.505875558772	0.030871061219
0.327165420453	0.936206500955	0.128375134777	0.004107120962
-0.517966096052	0.064042013806	0.853000435995	0.065789861281
0.000000000000	0.000000000000	0.000000000000	1.000000000000
6	7	37
0.816181234760	-0.363315861384	0.449276948988	0.078996707452
0.375738945415	0.924444569858	0.064980629095	0.179392725279
-0.438940129087	0.115774876922	0.891026229104	-0.327408823119
0.000000000000	0.000000000000	0.000000000000	1.000000000000
7	8	37
0.831012411513	-0.120018399931	0.543151871569	0.003226989022
0.275437369848	0.937118814502	-0.214342209555	0.150425441128
-0.483272828951	0.327725359384	0.811814918324	-0.252947082671
0.000000000000	0.000000000000	0.000000000000	1.000000000000
8	9	37
0.923233428580	0.201285994484	0.327298006071	-0.340499628537
0.005342747522	0.844999917966	-0.534739743882	-0.062271519350
-0.384202409417	0.495438277752	0.779056751165	0.016529774993
0.000000000000	0.000000000000	0.000000000000	1.000000000000
8	10	37
0.750068162905	-0.299521982357	0.589647634679	-0.164576720937
0.276168188265	0.951964931176	0.132264513768	-0.048959261070
-0.600939999324	0.063634518124	0.796757030289	0.128855754248
0.000000000000	0.000000000000	0.000000000000	1.000000000000
8	15	37
0.914278207193	-0.283043695528	0.289795835503	0.130406502097
0.225488746919	0.949912009169	0.216383917723	-0.253760454913
-0.336526648076	-0.132489400551	0.932307016962	0.760099064851
0.000000000000	0.000000000000	0.000000000000	1.000000000000
8	16	37
0.929918313294	-0.184159054423	0.318335315784	0.577395581681
0.179874235045	0.982745925745	0.043077894551	-0.533299987023
-0.320775918934	0.017201398373	0.946998902706	1.041543474171
0.000000000000	0.000000000000	0.000000000000	1.000000000000
10	14	37
0.752015931245	-0.288108798589	0.592845139416	-0.462036650920
0.328861254882	0.943472572150	0.041349493810	-0.182889168579
-0.571246281555	0.163868318405	0.804254225996	0.328995229156
0.000000000000	0.000000000000	0.000000000000	1.000000000000
10	15	37
0.928573916544	0.211400675293	-0.305057758466	-0.150866625763
-0.142035007231	0.961769551408	0.234148215252	-0.370930793186
0.342894354336	-0.174095044358	0.923100415607	0.708832367851
0.000000000000	0.000000000000	0.000000000000	1.000000000000
10	16	37
0.917269029175	0.154135188150	-0.367232721705	-0.081548390037
-0.151938830189	0.987767326842	0.035075631198	-0.658978989502
0.368146872861	0.023623119966	0.929467497122	1.161593710984
0.000000000000	0.000000000000	0.000000000000	1.000000000000
11	12	37
0.853939920394	0.024817445146	0.519779478986	-0.358574300090
0.165209939508	0.934254573537	-0.316028586860	0.095362696827
-0.493449377592	0.355742162586	0.793697187542	-0.175942966856
0.000000000000	0.000000000000	0.000000000000	1.000000000000
11	13	37
0.791552783048	-0.086842111339	0.604898867041	-0.391642619050
0.315207931389	0.906032909860	-0.282397461463	0.222600850478
-0.523534288886	0.414201417126	0.744546193605	-0.408722065804
0.000000000000	0.000000000000	0.000000000000	1.000000000000
12	13	37
0.992661816389	-0.099334783482	0.068957371427	0.175764782717
0.099034426150	0.995053677408	0.007769267306	0.043367667113
-0.069388044508	-0.000883101288	0.997589354099	-0.239085038948
0.000000000000	0.000000000000	0.000000000000	1.000000000000
14	15	37
0.481083388670	0.559486299176	-0.674932481201	-0.031158919421
-0.339057200497	0.828710622421	0.445285210935	-0.133637491274
0.808454691332	0.014621399400	0.588376772776	0.415086521333
0.000000000000	0.000000000000	0.000000000000	1.000000000000
15	16	37
0.999209019818	0.035039981057	-0.018802511596	0.238552703372
-0.037860171906	0.982883660369	-0.180295084686	-0.400380386026
0.012163145069	0.180864341169	0.983432838579	0.342178535253
0.000000000000	0.000000000000	0.000000000000	1.000000000000
16	17	37
0.687539640069	-0.411660411057	0.598184711691	-0.129203106025
0.385383868596	0.905051889463	0.179889830747	-0.154587790389
-0.615441725234	0.106849348843	0.780906332086	0.428844830521
0.000000000000	0.000000000000	0.000000000000	1.000000000000
17	18	37
0.950396604055	0.209030948998	-0.230330973520	0.010794211656
-0.290352735441	0.861776526181	-0.415976571391	-0.292083999790
0.111541848753	0.462219949034	0.879722191769	0.429937582513
0.000000000000	0.000000000000	0.000000000000	1.000000000000
17	19	37
0.926925119615	0.203870242039	-0.315034517217	-0.048704717666
-0.287848341209	0.924900811369	-0.248398513668	-0.744066290177
0.240734615479	0.320928985199	0.915997506202	0.852957222031
0.000000000000	0.000000000000	0.000000000000	1.000000000000
18	19	37
0.988003499115	0.008207426480	-0.154213241608	0.151943865665
0.006577502102	0.995444165652	0.095119133378	-0.148891758948
0.154291354919	-0.094992374531	0.983448334473	0.538729625578
0.000000000000	0.000000000000	0.000000000000	1.000000000000
19	20	37
0.764270211550	-0.487663878754	0.421989318698	0.043025842348
0.330549721539	0.858086592732	0.392968549587	-0.122273561554
-0.553739943771	-0.160845704737	0.817007181083	0.506340879873
0.000000000000	0.000000000000	0.000000000000	1.000000000000
20	21	37
0.425909638623	-0.490206155138	0.760459667039	-0.130459535202
0.679263665670	0.728460125538	0.089144366065	-0.114912923350
-0.597663661458	0.478585176291	0.643237418692	0.226610245667
0.000000000000	0.000000000000	0.000000000000	1.000000000000
21	22	37
0.945413537215	-0.062865552725	0.319751725455	-0.183884108639
0.186993473249	0.908251272543	-0.374316800165	-0.102218129046
-0.266883279006	0.413675655804	0.870428496307	0.022229636552
0.000000000000	0.000000000000	0.000000000000	1.000000000000
21	28	37
0.597839172572	-0.460730289205	0.655984698257	0.052123959099
0.564007604589	0.823269561420	0.064207874951	-0.508839731067
-0.569634747628	0.331594375477	0.752038180179	0.577740342720
0.000000000000	0.000000000000	0.000000000000	1.000000000000
22	23	37
0.989194194118	0.118606311824	-0.086182301651	-0.067351163244
-0.146191911020	0.842380439520	-0.518674387518	-0.149633912265
0.011080229003	0.525668848145	0.850617123397	0.241181495911
0.000000000000	0.000000000000	0.000000000000	1.000000000000
22	29	37
0.960594475216	0.198370358982	-0.194698368924	0.064531301282
-0.169851856192	0.973401593021	0.153752026496	-0.377885410178
0.220019547160	-0.114623467845	0.968737766109	0.957354272066
0.000000000000	0.000000000000	0.000000000000	1.000000000000
23	28	37
0.757264371826	-0.533964481733	0.376075262959	0.083893090808
0.038571204075	0.611382420319	0.790394710472	0.223110264509
-0.651968506432	-0.584032078205	0.483573777462	0.401528700293
0.000000000000	0.000000000000	0.000000000000	1.000000000000
23	29	37
0.974941158104	0.007444581561	-0.222338292789	0.173099825282
0.136261484985	0.770033801600	0.623282241126	0.185076361666
0.175848076317	-0.637959655933	0.749723236573	0.716742503626
0.000000000000	0.000000000000	0.000000000000	1.000000000000
23	30	37
0.852824259400	-0.100676348434	-0.512401264093	0.276186944543
0.174150771412	0.979898012288	0.097321088828	0.123570211897
0.492303048330	-0.172232860918	0.853213660360	0.664687826473
0.000000000000	0.000000000000	0.000000000000	1.000000000000
24	27	37
0.855572210932	0.191728705006	0.480870352130	-0.080189343206
0.192129134030	0.744947143550	-0.638858473508	0.029883449167
-0.480710503045	0.638978760988	0.600519404573	-0.178514026534
0.000000000000	0.000000000000	0.000000000000	1.000000000000
24	28	37
0.948619346971	-0.211893060031	0.234995033275	0.035804121123
0.159762431416	0.961795186092	0.222319557209	0.042192714667
-0.273125063041	-0.173353255291	0.946230071821	0.018204374745
0.000000000000	0.000000000000	0.000000000000	1.000000000000
25	27	37
0.924551068042	0.000455525429	-0.381057889407	0.137367279214
-0.281994533248	0.673391105041	-0.683391178513	-0.006191526632
0.256289691173	0.739286285648	0.622712921057	-0.200793999339
0.000000000000	0.000000000000	0.000000000000	1.000000000000
26	27	37
0.745106853733	-0.126967686858	-0.654748030172	0.177244583997
-0.073878515351	0.959957807071	-0.270227632956	-0.055665772991
0.662840660710	0.249720273781	0.705890957140	-0.010709510349
0.000000000000	0.000000000000	0.000000000000	1.000000000000
28	29	37
0.634548628214	0.428961461348	-0.642915315661	-0.119420656702
-0.550757779287	0.834560122599	0.013238969800	-0.214536099890
0.542230492491	0.345689841397	0.765822842809	0.157227404963
0.000000000000	0.000000000000	0.000000000000	1.000000000000
28	30	37
0.416077672935	0.067503689851	-0.906820060399	-0.076240885106
-0.619053119542	0.751494299226	-0.228099875969	-0.237570980656
0.666072522531	0.656277052843	0.354468369029	0.035870633559
0.000000000000	0.000000000000	0.000000000000	1.000000000000
29	30	37
0.947036241781	-0.015783962609	-0.320738559074	0.080658079261
-0.142326288053	0.874704008323	-0.463288382709	-0.042533473287
0.287863829755	0.484400417370	0.826129923904	-0.118367390610
0.000000000000	0.000000000000	0.000000000000	1.000000000000
30	31	37
0.950935541493	0.246054952020	-0.187559474598	-0.112031989443
0.028151465363	0.534896913737	0.844448214322	0.215312359081
0.308105648963	-0.808295894002	0.501725678848	0.545047250054
0.000000000000	0.000000000000	0.000000000000	1.000000000000
31	32	37
0.772356702500	0.369535701908	-0.516631870018	0.004065531578
-0.527068195426	0.826772657168	-0.196586089866	-0.439848491066
0.354491525249	0.424134811556	0.833333918758	0.091200065873
0.000000000000	0.000000000000	0.000000000000	1.000000000000
31	33	37
0.427198930991	0.337452088579	-0.838824869251	0.185108033865
-0.736328673419	0.668242287673	-0.106171228054	-0.510694897213
0.524710546931	0.663007038334	0.533948039662	0.121754222610
0.000000000000	0.000000000000	0.000000000000	1.000000000000
31	34	37
0.004445030910	-0.610157271317	0.792267849883	-2.369062931831
0.868732847096	0.394743335588	0.299133648033	-0.785846186298
-0.495261024185	0.686939446580	0.531818309816	0.913371357585
0.000000000000	0.000000000000	0.000000000000	1.000000000000
32	33	37
0.905003421714	0.109834102432	-0.410980871365	0.226786670212
-0.195035562525	0.965704112248	-0.171396315413	-0.001124233305
0.378060757069	0.235270137352	0.895387081901	-0.029253367572
0.000000000000	0.000000000000	0.000000000000	1.000000000000
32	34	37
-0.658981427531	-0.401670771587	0.635927723426	-1.337910417958
0.495676672848	0.403998745492	0.768823549090	-0.831154217784
-0.565727950665	0.821854978019	-0.067128838385	2.039854506479
0.000000000000	0.000000000000	0.000000000000	1.000000000000
32	35	37
-0.547627503801	-0.055580773251	0.834874178978	-1.408002523355
0.421676432068	0.843485261944	0.332748552997	-1.012684886044
-0.722698487419	0.534269024489	-0.438478626336	2.114055927246
0.000000000000	0.000000000000	0.000000000000	1.000000000000
32	36	37
-0.519457501575	-0.162694067044	0.838865033606	-1.421555776772
0.468321569388	0.766927547635	0.438744851051	-0.964000681326
-0.714729887232	0.620767893199	-0.322193126975	2.100660642512
0.000000000000	0.000000000000	0.000000000000	1.000000000000
33	34	37
0.923638491135	0.198822579316	-0.327660677604	0.088108203247
0.010454111227	0.841532211417	0.540105775479	0.071767387942
0.383122238002	-0.502287884685	0.775193028637	0.251294934977
0.000000000000	0.000000000000	0.000000000000	1.000000000000
33	35	37
0.817123539642	0.152457341984	-0.555936938725	0.148785607069
-0.178956443948	0.983833711307	0.006769022524	-0.050873632621
0.547981488860	0.093957369969	0.831196908377	0.123390997064
0.000000000000	0.000000000000	0.000000000000	1.000000000000
33	36	37
0.838234004259	0.127009251874	-0.530313496003	0.128908155280
-0.063106956089	0.988557599339	0.137008703671	-0.004863011291
0.541646809460	-0.081378883791	0.836657762215	0.113589619120
0.000000000000	0.000000000000	0.000000000000	1.000000000000
34	35	37
0.976441262712	0.072411023737	-0.203271011498	0.064792884277
-0.176646815679	0.809256591262	-0.560267500404	-0.018779199261
0.123928862596	0.582975482452	0.802982704593	-0.197330326386
0.000000000000	0.000000000000	0.000000000000	1.000000000000
34	36	37
0.980548771951	0.112042959402	-0.161153594664	-0.018865459646
-0.166985192636	0.907709218426	-0.384941450385	-0.029336177851
0.103150624161	0.404364130497	0.908762674576	-0.167967417094
0.000000000000	0.000000000000	0.000000000000	1.000000000000
35	36	37
0.999830434437	0.006499270275	0.017229679580	-0.065446716209
-0.009600783301	0.982397548123	0.186555306552	0.076395371894
-0.015713921616	-0.186689091617	0.982293365415	0.034362470714
0.000000000000	0.000000000000	0.000000000000	1.000000000000
