0	1	66
0.976846152240	-0.068012776600	0.202844415926	-0.508114286730
0.065361521718	0.997666208387	0.019748623297	-0.027972759796
-0.203714178034	-0.006033146982	0.979011815458	0.117030580276
0.000000000000	0.000000000000	0.000000000000	1.000000000000
0	2	66
0.871684562378	-0.051893404194	0.487312115910	-0.567080034540
0.087088712116	0.994953571823	-0.049829169559	-0.053458931168
-0.482267125081	0.085874702433	0.871804998580	0.077472155101
0.000000000000	0.000000000000	0.000000000000	1.000000000000
0	5	66
0.383834671080	-0.009331032367	0.923354686517	-0.952834595272
0.282171772623	0.953303501896	-0.107663940144	0.084320588226
-0.879232640438	0.301869781707	0.368543890033	0.046358327595
0.000000000000	0.000000000000	0.000000000000	1.000000000000
0	6	66
0.731304995062	-0.136683412435	0.668214523161	-0.769147351022
0.224519228912	0.973353941775	-0.046617806472	0.074517590370
-0.644037359201	0.184118844220	0.742506653948	0.171026432243
0.000000000000	0.000000000000	0.000000000000	1.000000000000
0	7	66
0.698307699051	-0.014596020258	0.715648875943	-0.706673668719
0.032578608118	0.999404093098	-0.011405831489	-0.117209817972
-0.715055936091	0.031279624222	0.698367090698	0.445874459707
0.000000000000	0.000000000000	0.000000000000	1.000000000000
0	34	66
0.602824908546	0.381833140792	-0.700575179569	0.818504144862
-0.254511201490	0.924207220017	0.284719270132	-0.185772229259
0.756191892281	0.006668362707	0.654315944316	0.573297707540
0.000000000000	0.000000000000	0.000000000000	1.000000000000
0	35	66
0.874002230232	0.267727296769	-0.405514729836	1.023558427301
-0.193107931369	0.957166940052	0.215733112234	-0.236783433908
0.445902936065	-0.110243110609	0.888266304760	0.580587481631
0.000000000000	0.000000000000	0.000000000000	1.000000000000
0	36	66
0.993815392833	0.038079335345	-0.104311692479	0.895072809069
-0.027145166005	0.994174835157	0.104305019547	-0.077526642397
0.107675925493	-0.100828375767	0.989059924226	0.395976870832
0.000000000000	0.000000000000	0.000000000000	1.000000000000
0	37	66
0.993316645167	0.092559510070	-0.068954909397	1.093720752178
-0.080558295769	0.983805728374	0.160114489670	-0.137913940629
0.082658353583	-0.153489497735	0.984687041992	0.415486729322
0.000000000000	0.000000000000	0.000000000000	1.000000000000
0	38	66
0.989719679048	-0.018481615533	0.141821672506	0.877162891945
-0.000144779471	0.991485551094	0.130216669483	-0.114305348372
-0.143020753544	-0.128898533194	0.981290085651	0.379852644644
0.000000000000	0.000000000000	0.000000000000	1.000000000000
0	45	66
0.817346534570	-0.108717574009	0.565796015830	0.264313420223
0.258187985942	0.947024493226	-0.191006735862	-0.230823110351
-0.515056896218	0.302200427417	0.802116759161	0.029641476005
0.000000000000	0.000000000000	0.000000000000	1.000000000000
0	46	66
0.835308559454	-0.125398101138	0.535289572786	0.159713558564
0.200057836793	0.976219996857	-0.083494788303	0.028210840739
-0.512090297155	0.176832785329	0.840531792137	0.228079752636
0.000000000000	0.000000000000	0.000000000000	1.000000000000
0	47	66
0.711163059661	-0.370510022601	0.597469183913	-0.319613212400
0.248204108854	0.927447989582	0.279705107155	-0.013823241811
-0.657755139031	-0.050621633446	0.751528859929	0.410222106112
0.000000000000	0.000000000000	0.000000000000	1.000000000000
0	48	66
0.676743537129	-0.435034119698	0.593938969636	-0.617884880659
0.209829308684	0.887254955053	0.410792290521	0.084947673379
-0.705683956294	-0.153375224314	0.691726965208	0.289155626498
0.000000000000	0.000000000000	0.000000000000	1.000000000000
0	49	66
0.687222701196	-0.388314409597	0.613951853372	-0.710115389932
0.234818360000	0.918515371404	0.318103521360	-0.123112944217
-0.687448395712	-0.074440793881	0.722407967453	0.608384401851
0.000000000000	0.000000000000	0.000000000000	1.000000000000
1	2	66
0.942896810097	0.007876319723	0.332991845390	-0.162908770796
0.023485243224	0.995660199834	-0.090051151116	-0.022349207470
-0.332255998982	0.092729337613	0.938619849080	-0.032643636718
0.000000000000	0.000000000000	0.000000000000	1.000000000000
1	3	66
0.685027926074	-0.136947680845	0.715529225964	-0.275082325294
0.165313381500	0.985772327986	0.030404000966	-0.117278790352
-0.709512668241	0.097458966180	0.697920857631	0.027840243992
0.000000000000	0.000000000000	0.000000000000	1.000000000000
1	5	66
0.586732805155	-0.008167304624	0.809739409002	-0.367042414696
0.222178205854	0.963199371505	-0.151273975210	0.051715732660
-0.778704989196	0.268663852924	0.566955266255	-0.166950690398
0.000000000000	0.000000000000	0.000000000000	1.000000000000
1	6	66
0.848302492597	-0.132868180056	0.512570900249	-0.271757429054
0.202653251278	0.975773269877	-0.082451109994	0.093349144728
-0.489197854451	0.173817641571	0.854677065727	0.003890762464
0.000000000000	0.000000000000	0.000000000000	1.000000000000
1	7	66
0.814602933560	0.058044875948	0.577107314986	-0.331480953889
-0.035985141317	0.998120888774	-0.049595977639	-0.121157499455
-0.578901658522	0.019633740592	0.815160957107	0.310946420256
0.000000000000	0.000000000000	0.000000000000	1.000000000000
1	34	66
0.481795595352	0.431143683885	-0.762881464020	1.060983608038
-0.294767579771	0.899593694042	0.322247202557	-0.249812451048
0.825218200366	0.069615439995	0.560507459628	0.646747677007
0.000000000000	0.000000000000	0.000000000000	1.000000000000
1	35	66
0.771577446424	0.319826569777	-0.549890179431	1.368125193591
-0.228640299945	0.946085874029	0.229445270608	-0.295313085508
0.593626024877	-0.051307740428	0.803103765625	0.726061801143
0.000000000000	0.000000000000	0.000000000000	1.000000000000
1	36	66
0.962469180207	0.167109892035	-0.213839568688	1.148254641883
-0.145195759338	0.982756751270	0.114487376177	-0.210615439905
0.229284252889	-0.079141972541	0.970136732404	0.480472673074
0.000000000000	0.000000000000	0.000000000000	1.000000000000
1	37	66
0.978848568491	0.116058105958	-0.168481441130	1.326281701675
-0.086779318458	0.981303033281	0.171795537666	-0.219291206884
0.185269613946	-0.153541111483	0.970618512719	0.496467257505
0.000000000000	0.000000000000	0.000000000000	1.000000000000
1	38	66
0.992668957544	0.064994586113	-0.101902131989	1.376095674597
-0.054890018549	0.993571560711	0.099008280516	-0.149110979014
0.107682062534	-0.092689036693	0.989855199454	0.556373225562
0.000000000000	0.000000000000	0.000000000000	1.000000000000
1	45	66
0.934203404512	-0.085183906669	0.346421276834	0.828999934060
0.191622028517	0.938911877367	-0.285876694969	-0.149239323446
-0.300906957689	0.333448929498	0.893457785366	0.070075577051
0.000000000000	0.000000000000	0.000000000000	1.000000000000
1	46	66
0.924007123432	-0.075123920843	0.374922968575	0.549568769356
0.104803833700	0.992718632767	-0.059379058582	-0.170765292214
-0.367732229060	0.094160037561	0.925152363147	0.254454702556
0.000000000000	0.000000000000	0.000000000000	1.000000000000
1	47	66
0.841858971299	-0.327698217362	0.428820884264	0.177124660999
0.232695588564	0.937304706684	0.259446815148	-0.038746695787
-0.486956091969	-0.118632900856	0.865332305723	0.309686249928
0.000000000000	0.000000000000	0.000000000000	1.000000000000
1	48	66
0.799116417800	-0.351730369583	0.487543534381	-0.214250456018
0.162217522188	0.907058591700	0.388497344544	0.041439417856
-0.578876866266	-0.231366502191	0.781902241566	0.181004311784
0.000000000000	0.000000000000	0.000000000000	1.000000000000
1	49	66
0.832356501305	-0.284377566143	0.475722665646	-0.308886406989
0.172641249330	0.948660351738	0.265025538522	-0.088865072720
-0.526666548933	-0.138466374669	0.838718909600	0.430718713749
0.000000000000	0.000000000000	0.000000000000	1.000000000000
2	3	66
0.882849357185	-0.208785128772	0.420696782162	-0.040588167379
0.182669921427	0.977872870522	0.101962487722	0.000259190809
-0.432676221121	-0.013168868600	0.901453198217	0.001156096601
0.000000000000	0.000000000000	0.000000000000	1.000000000000
2	5	66
0.826936407200	-0.065669956732	0.558447522360	-0.125571465456
0.135408397902	0.987186597331	-0.084422673653	0.012823672028
-0.545747876061	0.145430666752	0.825232801665	-0.190322931836
0.000000000000	0.000000000000	0.000000000000	1.000000000000
2	6	66
0.969582496108	-0.130341386450	0.207173613714	-0.169907640912
0.130230961799	0.991381542112	0.014231463338	0.071776438575
-0.207243045311	0.013181841227	0.978200674316	-0.012011660694
0.000000000000	0.000000000000	0.000000000000	1.000000000000
2	7	66
0.962594095531	0.042755312041	0.267552967729	-0.266579320302
-0.052790835898	0.998142000248	0.030424907340	-0.062100100005
-0.265755027974	-0.043411180975	0.963062684602	0.277370830335
0.000000000000	0.000000000000	0.000000000000	1.000000000000
2	8	66
0.986088312100	-0.082429136369	0.144344304419	-0.538961119240
0.078400155128	0.996362605724	0.033391220253	-0.114844890950
-0.146571676720	-0.021610076160	0.988963977196	0.741315756827
0.000000000000	0.000000000000	0.000000000000	1.000000000000
2	35	66
-0.836615648103	0.277247648772	-0.472448937557	0.237027853051
0.085997004495	-0.785295358130	-0.613119658564	1.785676527729
-0.540997941370	-0.553574693921	0.633147917697	0.777652189961
0.000000000000	0.000000000000	0.000000000000	1.000000000000
2	36	66
0.751001272185	0.255542978246	-0.608847169202	1.223448774100
-0.087861013390	0.952549992270	0.291425727335	-0.304925101126
0.654429164618	-0.165367162691	0.737818521048	1.198437596823
0.000000000000	0.000000000000	0.000000000000	1.000000000000
2	37	66
0.809872223847	0.242706524474	-0.534041687528	1.286302293068
-0.121958997045	0.960164403339	0.251416629524	-0.166136825758
0.573788274610	-0.138484156273	0.807210724892	1.122866783271
0.000000000000	0.000000000000	0.000000000000	1.000000000000
2	38	66
0.920396708790	0.130580831569	-0.368535676530	1.127274496407
-0.053800438637	0.975912357923	0.211425122574	-0.105387793199
0.387266589381	-0.174767605922	0.905251828316	0.999002051607
0.000000000000	0.000000000000	0.000000000000	1.000000000000
2	45	66
0.968871222411	-0.229573984253	0.092651714163	0.775678326733
0.245363434091	0.940272953604	-0.235973638213	0.045414120051
-0.032944492630	0.251361410074	0.967332467113	0.394264068701
0.000000000000	0.000000000000	0.000000000000	1.000000000000
2	46	66
0.992555463607	-0.121428352840	0.009423735444	0.650802933347
0.121713115031	0.991737261924	-0.040535428220	0.059592506106
-0.004423719306	0.041380652946	0.999133660863	0.500146372876
0.000000000000	0.000000000000	0.000000000000	1.000000000000
2	47	66
0.965768388676	-0.202211983345	0.162486101638	0.094538907452
0.133661789013	0.924733450950	0.356374200598	-0.057798447877
-0.222319467415	-0.322456754442	0.920106350333	0.432768722736
0.000000000000	0.000000000000	0.000000000000	1.000000000000
2	48	66
0.958740063292	-0.206826697421	0.195038991672	-0.089567025071
0.092435267119	0.875589221167	0.474129979193	0.035175444507
-0.268836776560	-0.436538924966	0.858580546343	0.179988231302
0.000000000000	0.000000000000	0.000000000000	1.000000000000
2	49	66
0.965997671319	-0.202038416584	0.161334984521	-0.284732900286
0.136261199446	0.928129891106	0.346421406325	-0.029888978734
-0.219730254020	-0.312658573302	0.924101310468	0.414180610664
0.000000000000	0.000000000000	0.000000000000	1.000000000000
3	4	66
0.856735613197	-0.040892844131	0.514132146806	-0.621719998951
0.092462318986	0.992879600607	-0.075105381069	0.084473647091
-0.507400047939	0.111883305264	0.854416360655	0.083051028676
0.000000000000	0.000000000000	0.000000000000	1.000000000000
3	5	66
0.995466069201	0.059857174101	0.073921740904	0.119980933376
-0.045605008232	0.982366289579	-0.181319211123	-0.056678755072
-0.083471481919	0.177125920765	0.980642095721	-0.140084692040
0.000000000000	0.000000000000	0.000000000000	1.000000000000
3	6	66
0.956043189732	0.019902967297	-0.292549638968	0.059304481761
-0.027579666448	0.999374411635	-0.022139272068	0.045387624702
0.291925986110	0.029234521748	0.955994017435	0.015915914532
0.000000000000	0.000000000000	0.000000000000	1.000000000000
3	7	66
0.915083414926	0.294357077587	-0.275637904870	-0.121824653076
-0.306774418641	0.951780076484	-0.002035209209	-0.116613187358
0.261747587944	0.086421044215	0.961259383997	0.227817948928
0.000000000000	0.000000000000	0.000000000000	1.000000000000
3	38	66
0.610246803825	0.363847251848	-0.703714441904	0.619523451924
-0.219151295272	0.931159434415	0.291401471306	-0.408899053026
0.761295966232	-0.023606885050	0.647974665227	1.498863904016
0.000000000000	0.000000000000	0.000000000000	1.000000000000
3	39	66
0.867805714363	0.064434831099	-0.492708224673	0.724715443683
-0.140730890366	0.982829255577	-0.119337633959	0.080418855658
0.476558557384	0.172901147837	0.861972815384	1.560021691154
0.000000000000	0.000000000000	0.000000000000	1.000000000000
3	43	66
0.888228793342	-0.204004368058	0.411620976739	1.160396533033
0.217073150792	0.976035161049	0.015317036288	-0.263580218646
-0.404881288631	0.075746829693	0.911226404308	0.743406910755
0.000000000000	0.000000000000	0.000000000000	1.000000000000
3	45	66
0.869815611077	-0.020494388128	-0.492951095731	0.652176788780
-0.050095601938	0.990304561157	-0.129565839707	-0.510870719152
0.490827091136	0.137393071906	0.860355688305	0.895247030185
0.000000000000	0.000000000000	0.000000000000	1.000000000000
3	46	66
0.900551254133	0.135619934971	-0.413055289177	0.327280284948
-0.145229185325	0.989363977940	0.008209926029	-0.254425638652
0.409775453644	0.052594223960	0.910668943798	0.724565558180
0.000000000000	0.000000000000	0.000000000000	1.000000000000
3	47	66
0.961302057687	0.151814616821	-0.229892748920	0.011081855809
-0.083957478745	0.956209391862	0.280383203272	-0.055956423523
0.262391874206	-0.250231734665	0.931952028442	0.485002208268
0.000000000000	0.000000000000	0.000000000000	1.000000000000
3	48	66
0.978493437261	0.115485891331	-0.170919870524	0.005067590299
-0.036300267331	0.912062409183	0.408441491950	0.103859986003
0.203058818642	-0.393452882386	0.896639250487	0.155267965037
0.000000000000	0.000000000000	0.000000000000	1.000000000000
4	5	66
0.936084912978	0.060745384103	-0.346489587153	0.270438825847
-0.126050742539	0.977492893353	-0.169171078350	0.143215856162
0.328414746930	0.202033763899	0.922673350782	0.076419815846
0.000000000000	0.000000000000	0.000000000000	1.000000000000
4	39	66
-0.721750487918	-0.220637639084	0.656045170250	-1.739715241248
0.408556626006	0.629291842327	0.661115164345	-1.206480365348
-0.558710762860	0.745191793702	-0.364048724849	4.012304742128
0.000000000000	0.000000000000	0.000000000000	1.000000000000
4	40	66
0.992638733375	0.017077368748	-0.119902912728	-0.001953478541
0.007222490703	0.979900381590	0.199356659753	-0.336052335673
0.120897397127	-0.198755139900	0.972563732478	1.469461484397
0.000000000000	0.000000000000	0.000000000000	1.000000000000
4	41	66
0.933339048297	-0.107503481328	0.342521856860	0.027532114942
0.053040400565	0.984933283520	0.164599948122	-0.231182384248
-0.355056244604	-0.135460062440	0.924978721188	1.270997351743
0.000000000000	0.000000000000	0.000000000000	1.000000000000
4	42	66
0.946120159805	-0.080520202066	0.313644927059	-0.037152130204
0.146028311198	0.970603778793	-0.191321815071	-0.290407083599
-0.289019680193	0.226814465263	0.930066031424	1.185451114569
0.000000000000	0.000000000000	0.000000000000	1.000000000000
4	43	66
0.990126108117	-0.066292048515	0.123513781937	-0.012859527786
0.049812611036	0.989992927475	0.132032978198	-0.458326986649
-0.131030507159	-0.124576754869	0.983520024372	1.240739193059
0.000000000000	0.000000000000	0.000000000000	1.000000000000
4	45	66
0.618122550300	0.106984539286	-0.778767501353	1.475582484349
-0.141468544280	0.989659731488	0.023669956712	-0.576893498756
0.773247155695	0.095540170740	0.626865944190	1.221624901795
0.000000000000	0.000000000000	0.000000000000	1.000000000000
4	46	66
0.758801836107	0.197855471999	-0.620542493082	1.019425128355
-0.056408015009	0.969126939205	0.240023147945	-0.656236935907
0.648874340195	-0.147126435106	0.746535935324	0.949539521896
0.000000000000	0.000000000000	0.000000000000	1.000000000000
4	47	66
-0.835574354805	-0.218544959101	0.504037298664	-1.232718240223
0.431448745970	0.306927883775	0.848320254245	-2.105980738648
-0.340099216691	0.926300909539	-0.162170119914	4.647260121831
0.000000000000	0.000000000000	0.000000000000	1.000000000000
4	48	66
0.798322182551	0.600206267754	-0.049336892851	1.525696194444
-0.595143282747	0.773743818913	-0.217082877479	1.268333598512
-0.092120387797	0.202664596915	0.974905582767	0.118212509078
0.000000000000	0.000000000000	0.000000000000	1.000000000000
5	6	66
0.932040900603	-0.035758340966	-0.360584387702	-0.088806220145
0.086771101897	0.988191102124	0.126289831569	0.144615766068
0.351810368634	-0.148995593001	0.924137315440	0.118420643153
0.000000000000	0.000000000000	0.000000000000	1.000000000000
5	7	66
0.927468396823	0.185228808724	-0.324796338209	-0.304642157601
-0.150950765599	0.980223464245	0.127968068314	0.057066468153
0.342076364662	-0.069658083247	0.937086715400	0.286525454986
0.000000000000	0.000000000000	0.000000000000	1.000000000000
5	38	66
0.577774492759	0.330121919365	-0.746455728005	0.321654916656
-0.088334442607	0.934473542992	0.344900309796	-0.009889596273
0.811402281095	-0.133336850881	0.569076113038	1.606633285063
0.000000000000	0.000000000000	0.000000000000	1.000000000000
5	39	66
0.882078426203	0.045627608441	-0.468887802544	0.257285495396
-0.003284945680	0.995870225407	0.090728734587	0.299421582563
0.471091136786	-0.078489588455	0.878585525345	1.558109417858
0.000000000000	0.000000000000	0.000000000000	1.000000000000
5	43	66
0.883481219247	-0.262056308055	0.388313567425	0.225120094315
0.198364766082	0.960192190560	0.196678358662	-0.057070207636
-0.424396459475	-0.096733906141	0.900294505474	1.148836303188
0.000000000000	0.000000000000	0.000000000000	1.000000000000
5	45	66
0.839069071369	-0.202104795118	-0.505090828724	0.494263677061
0.178244569809	0.979316015940	-0.095754969880	0.052218865577
0.513996076643	-0.009684663825	0.857737862334	1.018246065800
0.000000000000	0.000000000000	0.000000000000	1.000000000000
5	46	66
0.875828398751	0.068170073475	-0.477783902015	0.141021940705
0.014330579913	0.985864210970	0.166932297678	-0.034166952403
0.482409836572	-0.153050967364	0.862470956594	0.915850688386
0.000000000000	0.000000000000	0.000000000000	1.000000000000
5	47	66
0.927499438379	0.077466111539	-0.365709985329	-0.076718369189
0.094016601160	0.898509700421	0.428767066081	0.139851056806
0.361808886724	-0.432064022816	0.826084142007	0.636478099796
0.000000000000	0.000000000000	0.000000000000	1.000000000000
5	48	66
0.962023700813	0.130808562983	-0.239581967028	-0.194696447375
0.028260990616	0.825252305837	0.564056688747	0.141898653156
0.271499015623	-0.549406726898	0.790215497795	0.235713189970
0.000000000000	0.000000000000	0.000000000000	1.000000000000
5	49	66
0.920725287297	0.171917348205	-0.350298973334	-0.386646174033
0.016484090420	0.879778280442	0.475098360369	0.030322080984
0.389863078651	-0.443209434296	0.807200208905	0.441034845593
0.000000000000	0.000000000000	0.000000000000	1.000000000000
6	7	66
0.977329646558	0.195184245601	0.082035798455	-0.219617444612
-0.196355974233	0.980511868726	0.006388009957	-0.121597617856
-0.079190235141	-0.022351410641	0.996608910807	0.243984999483
0.000000000000	0.000000000000	0.000000000000	1.000000000000
6	35	66
0.244640777752	0.479610837044	-0.842688753248	1.029517174846
-0.198127397051	0.875486633549	0.440759218866	-0.495408621850
0.949155637606	0.059132051100	0.309203777684	1.639947691554
0.000000000000	0.000000000000	0.000000000000	1.000000000000
6	36	66
0.621517516357	0.349570380932	-0.701082395754	1.059422384254
-0.156763017236	0.932318201415	0.325895884811	-0.408506372588
0.767555426851	-0.092646209229	0.634251800649	1.370037358712
0.000000000000	0.000000000000	0.000000000000	1.000000000000
6	37	66
0.623497141407	0.440313845336	-0.646045688990	1.108511486328
-0.231424159141	0.893239582530	0.385442481789	-0.515498755182
0.746789242841	-0.090811705231	0.658831587714	1.457247626532
0.000000000000	0.000000000000	0.000000000000	1.000000000000
6	38	66
0.798355031753	0.340349315896	-0.496781225938	0.960013088837
-0.201804620615	0.928471805574	0.311793202864	-0.434115847772
0.567365965118	-0.148668925544	0.809934202392	1.258746136744
0.000000000000	0.000000000000	0.000000000000	1.000000000000
6	39	66
-0.920815443424	0.122716809918	-0.370188470533	0.211737518398
0.124416942561	-0.807173427325	-0.577054141848	1.752615676383
-0.369620539954	-0.577418083180	0.727989707112	0.341200216818
0.000000000000	0.000000000000	0.000000000000	1.000000000000
6	44	66
0.999344740271	-0.029109009581	0.021511756157	0.973547726616
0.028499359001	0.999198110095	0.028123358975	-0.305906548376
-0.022313149223	-0.027491859609	0.999372963926	0.746002795382
0.000000000000	0.000000000000	0.000000000000	1.000000000000
6	45	66
0.973646624263	-0.075012865698	-0.215372516913	0.894812832195
0.036270814248	0.983271925041	-0.178495796759	-0.329800338292
0.225159230536	0.165980093404	0.960080168266	0.654150729607
0.000000000000	0.000000000000	0.000000000000	1.000000000000
6	46	66
0.986757456754	0.061292824970	-0.150176266926	0.540906443240
-0.054132904321	0.997214406761	0.051313308384	-0.292306462436
0.152903074562	-0.042504312190	0.987326710484	0.666602415456
0.000000000000	0.000000000000	0.000000000000	1.000000000000
6	47	66
0.999959218208	0.007028666399	-0.005670958348	0.187844412454
-0.004746599961	0.943235132178	0.332091787333	-0.125502474043
0.007683209534	-0.332051326265	0.943230027627	0.483643982174
0.000000000000	0.000000000000	0.000000000000	1.000000000000
6	48	66
0.999121450742	0.002645132149	0.041824991846	0.100563738608
-0.021183917005	0.892994401083	0.449568950545	-0.000420799283
-0.036160314259	-0.450059999233	0.892265895775	0.198794628756
0.000000000000	0.000000000000	0.000000000000	1.000000000000
6	49	66
0.999838221157	-0.014361938286	0.010828953881	-0.209488601484
0.009982293791	0.943875111841	0.330151672809	-0.059551928758
-0.014962798006	-0.329990163454	0.943865777904	0.355039593235
0.000000000000	0.000000000000	0.000000000000	1.000000000000
7	37	66
0.616784556421	0.245113259903	-0.747994853445	1.266113708086
-0.108921552039	0.967714442824	0.227299037946	-0.138401007300
0.779559431000	-0.058721775940	0.623569440054	1.266099444517
0.000000000000	0.000000000000	0.000000000000	1.000000000000
7	38	66
0.772371578352	0.159764670539	-0.614749863767	1.153046609557
-0.050047049471	0.980147904401	0.191847278682	-0.096537353056
0.633196207974	-0.117410968594	0.765034134311	1.099979675680
0.000000000000	0.000000000000	0.000000000000	1.000000000000
7	39	66
0.984346475077	-0.064248119809	-0.164116410223	0.943156261920
0.095497334910	0.977075092131	0.190274862664	-0.194582441645
0.148129254466	-0.202969070150	0.967915947040	1.134835324212
0.000000000000	0.000000000000	0.000000000000	1.000000000000
7	44	66
-0.861821757939	0.383414973942	-0.332048513472	-0.145965422840
-0.130933682377	-0.800641115191	-0.584662445762	2.264272796414
-0.490020028531	-0.460398482211	0.740211867790	-0.445086257241
0.000000000000	0.000000000000	0.000000000000	1.000000000000
7	45	66
0.930957332520	-0.263458011946	-0.252800951281	1.082319855507
0.219781207680	0.957220897069	-0.188213641816	-0.111232776002
0.291572745259	0.119657971554	0.949034933006	0.513642696776
0.000000000000	0.000000000000	0.000000000000	1.000000000000
7	46	66
0.976746596925	-0.105510216274	-0.186637830189	0.649323697275
0.115670581915	0.992295558084	0.044382900829	-0.147928920225
0.180517040402	-0.064939353771	0.981425737617	0.430432800579
0.000000000000	0.000000000000	0.000000000000	1.000000000000
7	47	66
0.972947785407	-0.219048381207	-0.073419435860	0.232974695103
0.230996281751	0.917371976230	0.324144065263	0.042757630607
-0.003650299805	-0.332334867142	0.943154394250	0.215677399094
0.000000000000	0.000000000000	0.000000000000	1.000000000000
7	48	66
0.988997945384	-0.120294917368	-0.086094116413	0.253989696397
0.147384116232	0.851199991600	0.503722638544	-0.033783459666
0.012688037988	-0.510869559824	0.859564602888	-0.005884501642
0.000000000000	0.000000000000	0.000000000000	1.000000000000
7	49	66
0.982189002073	-0.164917879177	-0.090038088242	-0.075285304190
0.186024267751	0.920953428194	0.342402913108	-0.036659700337
0.026452523781	-0.353053644968	0.935229056307	0.128257527207
0.000000000000	0.000000000000	0.000000000000	1.000000000000
8	37	66
0.694723569188	0.338423719340	-0.634687756777	1.744715588093
-0.217204011243	0.939910068954	0.263422625792	-0.193623561013
0.685697878015	-0.045149180136	0.726484667160	0.681525344749
0.000000000000	0.000000000000	0.000000000000	1.000000000000
8	38	66
0.840563435241	0.283902182563	-0.461359580016	1.559072256626
-0.177421436199	0.948973736901	0.260711489292	-0.245167293308
0.511834685532	-0.137289465756	0.848042957213	0.487671156979
0.000000000000	0.000000000000	0.000000000000	1.000000000000
8	39	66
0.996335119704	0.043099104923	-0.073883668019	1.489341412481
-0.028622529824	0.981973037069	0.186841390641	-0.258617546565
0.080604466573	-0.184041901818	0.979607828850	0.604953849306
0.000000000000	0.000000000000	0.000000000000	1.000000000000
8	44	66
0.988811752184	-0.091829649857	0.117552686697	1.452211530243
0.095529404246	0.995081132239	-0.026223523523	0.017862415219
-0.114566363594	0.037159866371	0.992720349678	-0.094596344650
0.000000000000	0.000000000000	0.000000000000	1.000000000000
8	45	66
0.985291201491	-0.093415141316	-0.143090389743	1.395647679105
0.066046760120	0.980460119933	-0.185299160005	-0.216152921726
0.157604167906	0.173122975350	0.972208497013	-0.109468466892
0.000000000000	0.000000000000	0.000000000000	1.000000000000
8	46	66
0.992128686700	-0.031711546049	-0.121140607868	1.173435645219
0.026365693497	0.998617231126	-0.045480500257	0.054366587306
0.122415355385	0.041928552854	0.991592898937	-0.047787512466
0.000000000000	0.000000000000	0.000000000000	1.000000000000
8	47	66
0.997021247658	-0.076458126185	0.010138375559	0.769652343087
0.069879432803	0.951121540222	0.300806716343	0.074753621749
-0.032641945252	-0.299202223699	0.953631235197	-0.187758814993
0.000000000000	0.000000000000	0.000000000000	1.000000000000
8	48	66
0.993729166280	-0.063679828740	0.091908778127	0.553932193353
0.018870278280	0.905701547692	0.423495713208	0.172747551068
-0.110210057085	-0.419105697790	0.901223699975	-0.496915044838
0.000000000000	0.000000000000	0.000000000000	1.000000000000
8	49	66
0.991760314779	-0.104763643652	0.073729620902	0.246396021911
0.079003588348	0.953225660818	0.291752073834	0.139570604950
-0.100845976904	-0.283523223964	0.953648085205	-0.326107457086
0.000000000000	0.000000000000	0.000000000000	1.000000000000
8	50	66
0.995857397471	0.029131375738	0.086135978833	-0.024703828784
-0.026758624651	0.999233450391	-0.028574247622	-0.070241019260
-0.086902358476	0.026150995545	0.995873538921	0.069134556151
0.000000000000	0.000000000000	0.000000000000	1.000000000000
8	51	66
0.999282882965	0.022410704391	-0.030520159605	-0.261894563959
-0.023141952683	0.999448356903	-0.023820829326	-0.111925512367
0.029969481806	0.024510043093	0.999250262921	0.276024662341
0.000000000000	0.000000000000	0.000000000000	1.000000000000
9	10	66
0.998600893080	-0.052414435445	0.006998806786	-0.456495371041
0.049538640699	0.973577273030	0.222919753538	-0.082357506547
-0.018498092256	-0.222261153594	0.974811674215	0.541203730084
0.000000000000	0.000000000000	0.000000000000	1.000000000000
9	51	66
0.998606405692	-0.015701870787	-0.050385491609	0.269081722286
0.023011934075	0.988725632076	0.147959708590	0.033724820341
0.047494182812	-0.148912980394	0.987709080078	-0.087703543944
0.000000000000	0.000000000000	0.000000000000	1.000000000000
9	52	66
0.989606722715	-0.118676184240	0.081206512365	-0.255471928407
0.105683096322	0.983181413762	0.148947610874	0.017293563374
-0.097517267744	-0.138817401385	0.985505003318	0.218710486194
0.000000000000	0.000000000000	0.000000000000	1.000000000000
9	53	66
0.981959755101	-0.099114062169	0.161032425435	-0.569172888761
0.076442104058	0.987003152031	0.141355518491	-0.041148688514
-0.172949831131	-0.126495772897	0.976773860907	0.579025200200
0.000000000000	0.000000000000	0.000000000000	1.000000000000
10	11	66
0.983737363696	-0.005655273726	-0.179523862337	0.141567270938
-0.006167472790	0.997851212895	-0.065229741701	-0.142774696288
0.179506995821	0.065276142672	0.981588642787	0.398206804805
0.000000000000	0.000000000000	0.000000000000	1.000000000000
10	51	66
0.990257860455	0.080085595159	-0.113910786383	0.900192029946
-0.089038538880	0.993139370586	-0.075804545948	0.193580281090
0.107058434513	0.085208497466	0.990594772629	-0.528749123987
0.000000000000	0.000000000000	0.000000000000	1.000000000000
10	52	66
0.993804483817	-0.068813201154	0.087277667773	0.146502429019
0.073025092526	0.996267908919	-0.046017274143	0.084800579879
-0.083785343626	0.052105633141	0.995120605348	-0.276869337116
0.000000000000	0.000000000000	0.000000000000	1.000000000000
10	53	66
0.986794111207	-0.043291115832	0.156087351751	-0.137419222051
0.057364938567	0.994571159467	-0.086818618857	0.041252140850
-0.151481503523	0.094626043175	0.983920355539	0.024900639316
0.000000000000	0.000000000000	0.000000000000	1.000000000000
10	54	66
0.999430655210	-0.001760623023	-0.033693703165	-0.132700035377
-0.006016121357	0.973334374883	-0.229312016596	-0.135923684116
0.033198971524	0.229384164401	0.972769619906	0.336360300156
0.000000000000	0.000000000000	0.000000000000	1.000000000000
11	12	66
0.948286584150	0.086587882717	-0.305376968497	0.035045454991
-0.156021188126	0.964980850806	-0.210877562661	-0.130775560412
0.276423485213	0.247617641020	0.928587939119	0.133670933449
0.000000000000	0.000000000000	0.000000000000	1.000000000000
11	52	66
0.962972017148	-0.063278199653	0.262070150226	-0.097751852607
0.068557053727	0.997586118720	-0.011039298920	0.265686435857
-0.260738997035	0.028597293318	0.964985683956	-0.687068418367
0.000000000000	0.000000000000	0.000000000000	1.000000000000
11	53	66
0.936806300527	-0.035543515446	0.348038236121	-0.373877118068
0.039246066873	0.999223121075	-0.003591732605	0.095528109657
-0.347640189747	0.017023889624	0.937473458640	-0.312567056280
0.000000000000	0.000000000000	0.000000000000	1.000000000000
11	54	66
0.991650245191	0.049676016761	0.119004556939	-0.230807499165
-0.030543536635	0.987045498593	-0.157506431862	-0.025871848159
-0.125287204388	0.152556471730	0.980321191931	-0.009885916497
0.000000000000	0.000000000000	0.000000000000	1.000000000000
11	55	66
0.992183018564	0.057763944292	-0.110617288036	-0.179485368946
-0.064556367406	0.996177944387	-0.058838580400	-0.117224954822
0.106795754129	0.065519690598	0.992119870300	-0.017898070182
0.000000000000	0.000000000000	0.000000000000	1.000000000000
12	52	66
0.798098869925	-0.225575718898	0.558707247910	-0.529660309628
0.074600163150	0.957133819383	0.279874377982	0.070950364612
-0.597890466124	-0.181687772941	0.780715405050	-0.772911481477
0.000000000000	0.000000000000	0.000000000000	1.000000000000
12	54	66
0.913386701512	-0.071740762955	0.400721844215	-0.297712407275
0.032020552924	0.993960651593	0.104961456143	0.032175936841
-0.405831760328	-0.083039063192	0.910167619888	-0.092529926551
0.000000000000	0.000000000000	0.000000000000	1.000000000000
12	55	66
0.977642704119	-0.058941161184	0.201843212916	-0.302388206562
0.021058886210	0.982529315349	0.184912595004	-0.032187518689
-0.209215836861	-0.176527856152	0.961803851941	-0.069043736471
0.000000000000	0.000000000000	0.000000000000	1.000000000000
12	56	66
0.957727990541	0.077755680231	-0.276967778497	-0.230995827262
0.046281507539	0.908591376337	0.415114120341	0.072448020752
0.283928015866	-0.410384898648	0.866584742981	-0.054552353829
0.000000000000	0.000000000000	0.000000000000	1.000000000000
13	14	66
0.960037862089	0.029164747136	-0.278346404469	0.232964177242
-0.057988059443	0.993701744587	-0.095886535899	-0.076585151472
0.273796801147	0.108195472775	0.955682505518	0.110877278212
0.000000000000	0.000000000000	0.000000000000	1.000000000000
13	15	66
0.773311200991	0.164811910327	-0.612231019008	0.475037558287
-0.045133750786	0.977483422969	0.206128848929	-0.108813846039
0.632418161473	-0.131769465489	0.763337459453	0.314828467440
0.000000000000	0.000000000000	0.000000000000	1.000000000000
13	54	66
-0.656227548892	0.050515409556	-0.752870239465	1.709458663772
0.205009628322	-0.948288802837	-0.242320859004	1.562144257560
-0.726179355511	-0.313363271317	0.611937091390	0.291538301224
0.000000000000	0.000000000000	0.000000000000	1.000000000000
13	55	66
0.751149697090	-0.113529485436	0.650296231342	-0.521966106273
0.138891549864	0.990229417551	0.012443391550	-0.061491345582
-0.645355150238	0.080973801648	0.759578813230	0.021543358901
0.000000000000	0.000000000000	0.000000000000	1.000000000000
13	56	66
0.962828144497	-0.118256298935	0.242852654764	-0.571276387559
0.068271234829	0.976421460698	0.204792992025	0.075286849202
-0.261344605184	-0.180600605895	0.948199566806	0.058792190062
0.000000000000	0.000000000000	0.000000000000	1.000000000000
13	57	66
0.981254539520	0.101907798198	-0.163567506973	-0.468112146931
-0.056835917588	0.964027054315	0.259656536641	-0.022680900141
0.184144527865	-0.245492645949	0.951747946487	0.254154799147
0.000000000000	0.000000000000	0.000000000000	1.000000000000
14	15	66
0.929892967360	0.118691189993	-0.348154377643	0.202806443455
-0.008908204519	0.953497608364	0.301268907683	-0.023975460376
0.367722331585	-0.277046408139	0.887708045807	0.161584728018
0.000000000000	0.000000000000	0.000000000000	1.000000000000
14	18	66
0.509780878989	0.274036737137	-0.815492073608	0.608234186858
-0.100519556080	0.960391643178	0.259891728534	-0.011604337595
0.854411653867	-0.050514932588	0.517135347199	0.254263357358
0.000000000000	0.000000000000	0.000000000000	1.000000000000
14	56	66
0.860064180899	-0.199645186388	0.469501229270	-0.755121088182
0.051630257587	0.949590306035	0.309212818600	0.137023673291
-0.507566666789	-0.241702400148	0.827016341149	0.130420201877
0.000000000000	0.000000000000	0.000000000000	1.000000000000
14	57	66
0.995052075608	-0.095608492337	0.027025599371	-0.526838971240
0.083158259931	0.950291097992	0.300052550201	0.095483130483
-0.054369758447	-0.296320511051	0.953539765346	0.275387766307
0.000000000000	0.000000000000	0.000000000000	1.000000000000
15	18	66
0.787755206773	0.204305956654	-0.581120306200	0.438341641191
-0.232165531633	0.972298295465	0.027114397591	-0.037127074089
0.570561916118	0.113556596951	0.813365845831	0.030365548627
0.000000000000	0.000000000000	0.000000000000	1.000000000000
15	56	66
0.598695458169	-0.354625481183	0.718195319160	-0.854068925987
0.349192288137	0.922513034020	0.164421555672	-0.069335095868
-0.720852616194	0.152349828221	0.676136846775	0.366786161328
0.000000000000	0.000000000000	0.000000000000	1.000000000000
15	57	66
0.902243999334	-0.200743356023	0.381651504225	-0.663081283250
0.181557071425	0.979608310008	0.086049920270	-0.107669832289
-0.391142934847	-0.008346494795	0.920292095231	0.422137297497
0.000000000000	0.000000000000	0.000000000000	1.000000000000
15	62	66
0.131702214951	0.493181053618	-0.859899398145	0.706058596485
-0.328062816747	0.840259075552	0.431670562143	-1.105538675140
0.935430016006	0.225249049511	0.272458346999	2.488269967578
0.000000000000	0.000000000000	0.000000000000	1.000000000000
16	17	66
0.996866752312	0.017555538609	-0.077126397544	0.008297434697
-0.018290531220	0.999793690481	-0.008833625614	-0.378915305302
0.076955406578	0.010216630459	0.996982189340	-0.145199315182
0.000000000000	0.000000000000	0.000000000000	1.000000000000
16	61	66
0.839908878231	-0.239736137484	0.486908267185	-0.578478261053
-0.010025407034	0.890144184075	0.455568680631	-0.378811568979
-0.542634838066	-0.387517633072	0.745236550751	0.995364064383
0.000000000000	0.000000000000	0.000000000000	1.000000000000
17	18	66
0.923232664965	0.146852538203	-0.355071511622	0.239681055980
-0.008224691929	0.931425505192	0.363839089049	0.044626222583
0.384153355816	-0.332987778005	0.861130268261	0.226483612490
0.000000000000	0.000000000000	0.000000000000	1.000000000000
17	19	66
0.870943731776	0.199217531224	-0.449187479047	-0.192229886058
-0.038712104681	0.939106189670	0.341439507782	0.056262677047
0.489855477698	-0.279985606373	0.825620779289	-0.027214545754
0.000000000000	0.000000000000	0.000000000000	1.000000000000
17	64	66
0.065676425466	0.564091082511	-0.823096505745	0.629235877344
0.074126458281	0.819840136338	0.567774091548	-0.011561121660
0.995083853412	-0.098302601600	0.012030095513	2.510443005823
0.000000000000	0.000000000000	0.000000000000	1.000000000000
18	19	66
0.977526213158	0.051830053780	-0.204343211569	-0.221910737190
-0.059263154682	0.997778748266	-0.030421176925	0.060141649402
0.202312582620	0.041847521235	0.978426493856	-0.063092253235
0.000000000000	0.000000000000	0.000000000000	1.000000000000
18	20	66
0.928622815319	0.133069805839	-0.346341007740	-0.444830117350
-0.112524356981	0.990514150174	0.078866896679	0.021156448859
0.353550471580	-0.034265800438	0.934787633083	-0.187321435209
0.000000000000	0.000000000000	0.000000000000	1.000000000000
18	62	66
0.744515527699	0.337682907786	-0.575905272422	1.818115383320
-0.213225694843	0.937738610243	0.274191724744	-0.725033197426
0.632638468695	-0.081342194763	0.770163628898	1.677771043419
0.000000000000	0.000000000000	0.000000000000	1.000000000000
18	63	66
0.492407399249	0.396090128697	-0.775014556711	1.936330208198
-0.291825833158	0.914038414283	0.281729409748	-0.631000738286
0.819983314627	0.087443622775	0.565668610203	1.848009327628
0.000000000000	0.000000000000	0.000000000000	1.000000000000
18	64	66
0.489155993460	0.365920603510	-0.791725031806	1.341681489899
-0.234369636296	0.929496244521	0.284793969394	-0.522239442719
0.840117424914	0.046247630721	0.540429337664	1.717714744233
0.000000000000	0.000000000000	0.000000000000	1.000000000000
19	20	66
0.988129982575	0.050345311259	-0.145136098783	-0.280869832650
-0.039552404373	0.996298963419	0.076315023414	0.006348078270
0.148441048380	-0.069668681088	0.986464155472	-0.083229047393
0.000000000000	0.000000000000	0.000000000000	1.000000000000
19	21	66
0.994877312193	0.035089106653	-0.094804473936	-0.684999259149
-0.021310499600	0.989548061307	0.142620114183	0.075620574565
0.098817995785	-0.139869185159	0.985226681912	-0.287904801648
0.000000000000	0.000000000000	0.000000000000	1.000000000000
19	64	66
0.665547404236	0.292505896148	-0.686649075899	1.936675962613
-0.142267523332	0.952853630450	0.268011027278	-0.413814457520
0.732670870528	-0.080686180085	0.675783349768	1.454834504954
0.000000000000	0.000000000000	0.000000000000	1.000000000000
19	65	66
0.756952468346	0.199248984758	-0.622352635359	1.154996630927
-0.129391815494	0.979225231074	0.156127207468	-0.357562622123
0.640531590749	-0.037653537702	0.767008143601	1.491262309355
0.000000000000	0.000000000000	0.000000000000	1.000000000000
20	21	66
0.998526142717	-0.043588819877	0.032335075264	-0.391435044531
0.041162422426	0.996537005717	0.072247153694	0.060932101024
-0.035372267252	-0.070809681673	0.996862473810	-0.161692471443
0.000000000000	0.000000000000	0.000000000000	1.000000000000
20	22	66
0.994765530400	-0.050761281168	0.088683887273	-1.007521975900
0.054383366739	0.997761570497	-0.038913980273	0.073290646250
-0.086510051150	0.043533214592	0.995299387259	-0.055669601601
0.000000000000	0.000000000000	0.000000000000	1.000000000000
20	23	66
0.997781529843	-0.034563422726	0.056898053689	-1.365986460106
0.049171340519	0.958780635678	-0.279860450799	-0.101761315423
-0.044879817020	0.282037342313	0.958353139279	0.024334425223
0.000000000000	0.000000000000	0.000000000000	1.000000000000
20	34	66
0.448498987617	-0.401108367247	0.798724442991	-2.164785774470
0.295026042640	0.909994511546	0.291323914432	-0.272368114585
-0.843687319017	0.104986030884	0.526469031424	0.971891732120
0.000000000000	0.000000000000	0.000000000000	1.000000000000
20	64	66
0.752347251420	0.254823858747	-0.607485320229	2.502591734062
-0.170508313852	0.966056403496	0.194066844596	-0.434886635067
0.636317945832	-0.042424359481	0.770259466372	1.186686155240
0.000000000000	0.000000000000	0.000000000000	1.000000000000
20	65	66
0.843312021575	0.124851732989	-0.522720651053	1.696488871219
