0	1	66
0.978606767389	-0.060827392716	0.196542166252	-0.487239964798
0.062558422947	0.998037903136	-0.002605306447	0.024061769887
-0.195998057486	0.014844938484	0.980491911881	0.109369552482
0.000000000000	0.000000000000	0.000000000000	1.000000000000
0	2	66
0.859822695271	-0.025694107060	0.509945826103	-0.628964616844
0.082374293101	0.992630509245	-0.088877150904	0.031374974267
-0.503904166021	0.118425018384	0.855602773773	0.100130092190
0.000000000000	0.000000000000	0.000000000000	1.000000000000
0	5	66
0.394714261926	-0.006790104016	0.918778834062	-0.931181425326
0.249597945663	0.963160757419	-0.100111042792	0.030082664520
-0.884251953322	0.268840565867	0.381868083494	0.055357495894
0.000000000000	0.000000000000	0.000000000000	1.000000000000
0	6	66
0.703532992981	-0.132205947244	0.698257055318	-0.832357908278
0.240853151184	0.968751207648	-0.059252487253	0.110119057907
-0.668603834384	0.209863491808	0.713390655569	0.218605311573
0.000000000000	0.000000000000	0.000000000000	1.000000000000
0	7	66
0.677864369141	0.005353000121	0.735167492778	-0.803078781968
0.028828229791	0.999010885858	-0.033855326084	-0.071067840032
-0.734621555779	0.044142896675	0.677039566390	0.478027373546
0.000000000000	0.000000000000	0.000000000000	1.000000000000
0	34	66
0.618557975456	0.389460709296	-0.682426836309	0.767927180538
-0.269001886072	0.920996400862	0.281786470380	-0.178754691541
0.738257418716	0.009272837444	0.674455334471	0.553827865542
0.000000000000	0.000000000000	0.000000000000	1.000000000000
0	35	66
0.871996435737	0.276332622183	-0.404057542905	1.024206014317
-0.204458949551	0.955581650128	0.212273992488	-0.233148178877
0.444768202562	-0.102488984068	0.889762470626	0.568712522210
0.000000000000	0.000000000000	0.000000000000	1.000000000000
0	36	66
0.987065106260	0.107056239521	-0.119337494459	0.943674222652
-0.090438922401	0.986448818352	0.136892403322	-0.191977738581
0.132375516313	-0.124328960230	0.983371258645	0.425783164659
0.000000000000	0.000000000000	0.000000000000	1.000000000000
0	37	66
0.991861283990	0.121257412660	-0.038830827909	1.024569603384
-0.113636880120	0.980625129522	0.159565080224	-0.168867695409
0.057426934426	-0.153853811215	0.986423414147	0.391169848864
0.000000000000	0.000000000000	0.000000000000	1.000000000000
0	38	66
0.989000804721	0.024641226398	0.145843128817	0.834856976395
-0.047148674370	0.987108768126	0.152948626649	-0.180772542505
-0.140194189489	-0.158142625027	0.977413167183	0.387103608989
0.000000000000	0.000000000000	0.000000000000	1.000000000000
0	45	66
0.855715576659	-0.132926835576	0.500081301637	0.475263475769
0.299687139378	0.915167005791	-0.269549568732	-0.006856390508
-0.421827536269	0.380525699390	0.822959125200	0.002425569988
0.000000000000	0.000000000000	0.000000000000	1.000000000000
0	46	66
0.842780260704	-0.130266103705	0.522256808853	0.183572866319
0.184318887836	0.981456023861	-0.052636686954	-0.060506786161
-0.505715314930	0.140622954927	0.851162267017	0.236997777087
0.000000000000	0.000000000000	0.000000000000	1.000000000000
0	47	66
0.727233500362	-0.377756224186	0.573089583782	-0.280734187990
0.242887120538	0.922538321902	0.299881462078	-0.065805973788
-0.641979191740	-0.078887766546	0.762652894613	0.387267777682
0.000000000000	0.000000000000	0.000000000000	1.000000000000
0	48	66
0.673904909968	-0.434598590163	0.597474884618	-0.639673593932
0.219515867965	0.889952082719	0.399747513033	0.102289276743
-0.705453723523	-0.138236593897	0.695144364917	0.300260344016
0.000000000000	0.000000000000	0.000000000000	1.000000000000
0	49	66
0.682098269931	-0.385016323230	0.621694765140	-0.711497068882
0.251625083101	0.921828572466	0.294816723644	-0.079061759048
-0.686605248823	-0.044659980203	0.725657438780	0.606282669096
0.000000000000	0.000000000000	0.000000000000	1.000000000000
1	2	66
0.945071326120	0.010731349952	0.326687965303	-0.139533837742
0.027199388758	0.993412629692	-0.111317296141	0.034988034103
-0.325730535560	0.114088497655	0.938553905168	-0.053379979150
0.000000000000	0.000000000000	0.000000000000	1.000000000000
1	3	66
0.706000025503	-0.175034666103	0.686241087120	-0.161325423679
0.237759266392	0.971319029195	0.003142414319	0.029844919212
-0.667109057976	0.160941632852	0.727367373190	-0.041649245117
0.000000000000	0.000000000000	0.000000000000	1.000000000000
1	5	66
0.604538503451	-0.025971812148	0.796152411802	-0.298735232727
0.222995471125	0.965024183422	-0.137845367236	0.008858883684
-0.764726237096	0.260871214174	0.589185872126	-0.180374067565
0.000000000000	0.000000000000	0.000000000000	1.000000000000
1	6	66
0.842651526495	-0.123101451100	0.524198853139	-0.300360882744
0.182981001572	0.981046941873	-0.063756183272	0.033385594028
-0.506415203128	0.149642676328	0.849205929950	0.030269408011
0.000000000000	0.000000000000	0.000000000000	1.000000000000
1	7	66
0.804583182974	0.049178555700	0.591800110962	-0.376624280305
-0.013929475042	0.997853722218	-0.063983738412	-0.082174673211
-0.593676571375	0.043236775035	0.803541355429	0.311690399974
0.000000000000	0.000000000000	0.000000000000	1.000000000000
1	34	66
0.456748971155	0.453268726490	-0.765459234013	1.083083151240
-0.289842453004	0.889330358533	0.353670561155	-0.322488260499
0.841053939879	0.060323917125	0.537577245833	0.682191092726
0.000000000000	0.000000000000	0.000000000000	1.000000000000
1	35	66
0.768632245469	0.339708077549	-0.542035878216	1.370838906222
-0.237662365961	0.938340257251	0.251066049933	-0.345523887255
0.593903250565	-0.064155932468	0.801974404390	0.727653909807
0.000000000000	0.000000000000	0.000000000000	1.000000000000
1	36	66
0.935869655413	0.173930781123	-0.306424658694	1.326281487811
-0.136051607414	0.980604919893	0.141081363767	-0.256448712118
0.325019919694	-0.090344199928	0.941381950826	0.570857404024
0.000000000000	0.000000000000	0.000000000000	1.000000000000
1	37	66
0.959723011471	0.194620251566	-0.202619591680	1.367292180013
-0.167797861289	0.975510194469	0.142210190333	-0.218682280206
0.225334460301	-0.102483257989	0.968876443533	0.532787770566
0.000000000000	0.000000000000	0.000000000000	1.000000000000
1	38	66
0.994586423754	0.081902090075	-0.063952273819	1.301823005352
-0.072563915199	0.987947700313	0.136725343870	-0.240639804247
0.074379593278	-0.131344543422	0.988542506429	0.540133670817
0.000000000000	0.000000000000	0.000000000000	1.000000000000
1	45	66
0.941641597362	-0.083723930842	0.326038963197	0.868945608779
0.188772472688	0.933279024917	-0.305540856850	-0.117022443698
-0.278704244089	0.349257161779	0.894619125255	0.070951454598
0.000000000000	0.000000000000	0.000000000000	1.000000000000
1	46	66
0.912918077044	-0.061433354385	0.403492908953	0.495545275220
0.086261208859	0.995316815415	-0.043628440248	-0.222397584534
-0.398923035750	0.074634977868	0.913942028592	0.275536587984
0.000000000000	0.000000000000	0.000000000000	1.000000000000
1	47	66
0.841315578776	-0.292948780231	0.454278668957	0.107291207867
0.193048221493	0.947823809468	0.253697478081	-0.066472267005
-0.504896505323	-0.125741951501	0.853972177852	0.314865611449
0.000000000000	0.000000000000	0.000000000000	1.000000000000
1	48	66
0.798882112173	-0.369568899550	0.474558952434	-0.217270419500
0.179213043249	0.899390874390	0.398721381662	0.031422226260
-0.574169013427	-0.233484225484	0.784738848580	0.170145072301
0.000000000000	0.000000000000	0.000000000000	1.000000000000
1	49	66
0.836654702758	-0.289614411120	0.464900420761	-0.283784454995
0.194347864082	0.950516784113	0.242377290284	-0.033723867532
-0.512091609070	-0.112433695972	0.851540279688	0.424700239447
0.000000000000	0.000000000000	0.000000000000	1.000000000000
2	3	66
0.884785101276	-0.197670305431	0.421997363630	-0.043519400717
0.179768876799	0.980263714425	0.082256921393	0.052350356651
-0.429928453925	0.003082293547	0.902857698628	-0.021381907626
0.000000000000	0.000000000000	0.000000000000	1.000000000000
2	5	66
0.828585577162	-0.092483328957	0.552170965539	-0.074389306839
0.156572290733	0.985186872612	-0.069942432092	0.005532049834
-0.537523077731	0.144407963413	0.830791960126	-0.187550903040
0.000000000000	0.000000000000	0.000000000000	1.000000000000
2	6	66
0.965914384261	-0.150703435543	0.210470607907	-0.166666803600
0.153807818865	0.988099423719	0.001638200996	0.105492454375
-0.208212768901	0.030789663232	0.977598813167	-0.011651275252
0.000000000000	0.000000000000	0.000000000000	1.000000000000
2	7	66
0.963996868508	0.061407551821	0.258726013546	-0.266445723460
-0.074071425797	0.996471263861	0.039477134905	-0.099677664837
-0.255388843505	-0.057220039141	0.965143722838	0.277420389689
0.000000000000	0.000000000000	0.000000000000	1.000000000000
2	8	66
0.979517854597	-0.110481246959	0.168340923712	-0.567222523592
0.105842027000	0.993719636936	0.036314576807	-0.128433765364
-0.171295761321	-0.017753231772	0.985059685966	0.747155672227
0.000000000000	0.000000000000	0.000000000000	1.000000000000
2	35	66
0.524135550604	0.326807298955	-0.786434303640	1.167087054884
-0.138996060633	0.943885482888	0.299600217493	-0.213470573810
0.840215460297	-0.047719854804	0.540148864422	1.270725839775
0.000000000000	0.000000000000	0.000000000000	1.000000000000
2	36	66
0.767842062145	0.208443368934	-0.605780430147	1.215280453166
-0.079424701599	0.969265760563	0.232842440666	-0.184770681975
0.635696692124	-0.130672289897	0.760798572735	1.126031485418
0.000000000000	0.000000000000	0.000000000000	1.000000000000
2	37	66
0.804287510710	0.253475708724	-0.537467827133	1.261654961297
-0.142951785005	0.960431538083	0.239031478719	-0.147575574627
0.576789725359	-0.115418047729	0.808697895990	1.112014629045
0.000000000000	0.000000000000	0.000000000000	1.000000000000
2	38	66
0.914992185463	0.181818705186	-0.360182258011	1.117486104528
-0.078201880832	0.955697642326	0.283771884243	-0.272707720027
0.395820371350	-0.231482126518	0.888674439110	1.069079347480
0.000000000000	0.000000000000	0.000000000000	1.000000000000
2	45	66
0.978186125965	-0.198774279416	0.060338120727	0.812775735961
0.206153386147	0.964629567996	-0.164288094299	-0.168868345158
-0.025547687769	0.173143242406	0.984565250889	0.429064312946
0.000000000000	0.000000000000	0.000000000000	1.000000000000
2	46	66
0.994554546709	-0.079202418604	0.067736478415	0.514008375373
0.079024469791	0.996858551284	0.005306779227	-0.059290517215
-0.067943997492	0.000074957884	0.997689133742	0.504385027088
0.000000000000	0.000000000000	0.000000000000	1.000000000000
2	47	66
0.967437803219	-0.184834637982	0.172916897686	0.074322343714
0.117533980864	0.933109868552	0.339840751754	-0.025170528563
-0.224164805993	-0.308451178977	0.924450112198	0.425316489086
0.000000000000	0.000000000000	0.000000000000	1.000000000000
2	48	66
0.949442713372	-0.233200746206	0.210180746010	-0.150046111124
0.110169006260	0.874409266194	0.472515846564	0.054111370868
-0.293975039900	-0.425471323550	0.855893000761	0.177298686583
0.000000000000	0.000000000000	0.000000000000	1.000000000000
2	49	66
0.962862175013	-0.216618669932	0.161160738910	-0.283540863176
0.149741344424	0.925136823704	0.348854392544	-0.018412952338
-0.224664108614	-0.311766273455	0.923216025119	0.391875187168
0.000000000000	0.000000000000	0.000000000000	1.000000000000
3	4	66
0.934052092395	0.112511228732	0.338951194276	-0.026222781565
-0.044172494128	0.978187640955	-0.202972239100	0.445398367252
-0.354394525148	0.174614324991	0.918648114380	-0.054954888509
0.000000000000	0.000000000000	0.000000000000	1.000000000000
3	5	66
0.996071190366	0.034251715807	0.081663968103	0.124184736376
-0.017390149276	0.979871707350	-0.198869353705	0.028014756372
-0.086831828440	0.196667885276	0.976617620397	-0.128841882912
0.000000000000	0.000000000000	0.000000000000	1.000000000000
3	6	66
0.963939179132	0.041872792141	-0.262807778067	-0.012681345838
-0.048631026753	0.998631086029	-0.019260769810	0.036813569866
0.261641514618	0.031346822726	0.964655946197	-0.010551633929
0.000000000000	0.000000000000	0.000000000000	1.000000000000
3	7	66
0.935628029758	0.251203669429	-0.247985697969	-0.163057547108
-0.263853823563	0.964383336573	-0.018599460530	-0.067605128681
0.234481022095	0.082834151208	0.968585129801	0.199342711958
0.000000000000	0.000000000000	0.000000000000	1.000000000000
3	38	66
0.597504243878	0.409256455534	-0.689563508425	0.577152029139
-0.277212785488	0.912351371229	0.301277358889	-0.422915017738
0.752423916492	0.011141320421	0.658584938235	1.471462654835
0.000000000000	0.000000000000	0.000000000000	1.000000000000
3	39	66
0.899432450650	0.123503671751	-0.419247074865	0.551934192883
-0.129081325700	0.991518106867	0.015160973277	-0.165488499716
0.417563501846	0.040480696871	0.907745578401	1.514616696001
0.000000000000	0.000000000000	0.000000000000	1.000000000000
3	43	66
0.875510096032	-0.227852821954	0.426104638878	1.229370602996
0.272225197061	0.961163387922	-0.045369414837	-0.040939890000
-0.399218629112	0.155717800028	0.903535529420	0.701816956241
0.000000000000	0.000000000000	0.000000000000	1.000000000000
3	45	66
0.890312480364	-0.060791405421	-0.451273855143	0.626835854294
-0.023881634034	0.983450341131	-0.179597032506	-0.377058835538
0.454723382799	0.170674636534	0.874126314430	0.806378351429
0.000000000000	0.000000000000	0.000000000000	1.000000000000
3	46	66
0.905050795213	0.135463387687	-0.403153480303	0.299917496321
-0.144505186938	0.989471152091	0.008067845346	-0.246810227093
0.400001636286	0.050955959189	0.915096815201	0.726132634629
0.000000000000	0.000000000000	0.000000000000	1.000000000000
3	47	66
0.955149554382	0.118675219948	-0.271303374351	0.100683472937
-0.035936687375	0.955864534292	0.291601691666	-0.050384823941
0.293935168472	-0.268773481304	0.917258378257	0.522219746671
0.000000000000	0.000000000000	0.000000000000	1.000000000000
3	48	66
0.978418453550	0.115578959252	-0.171285825246	0.006238797225
-0.036501018130	0.912574150907	0.407278890652	0.102639053167
0.203383886843	-0.392237075343	0.897098139168	0.157513924334
0.000000000000	0.000000000000	0.000000000000	1.000000000000
4	5	66
0.942709916862	0.072342635111	-0.325675537605	0.210898165570
-0.136983109133	0.974054661352	-0.180147563154	0.185235439551
0.304193426065	0.214438941994	0.928160707903	0.076041569912
0.000000000000	0.000000000000	0.000000000000	1.000000000000
4	39	66
0.878452275454	-0.357592109710	0.316937663937	0.330937876983
0.244424226570	0.906220052518	0.344995672262	-0.151434863610
-0.410582996743	-0.225594989942	0.883475242040	-0.138507860573
0.000000000000	0.000000000000	0.000000000000	1.000000000000
4	40	66
0.993298403980	0.035577023917	-0.109966158526	-0.028344608427
-0.014292560435	0.981952507213	0.188586840196	-0.276200026610
0.114690903597	-0.185751309412	0.975880344962	1.439755643173
0.000000000000	0.000000000000	0.000000000000	1.000000000000
4	41	66
0.942757104860	-0.141682349248	0.301885993627	0.094671667732
0.082335020843	0.976125792349	0.200995974720	-0.285927409631
-0.323156286616	-0.164634593638	0.931914945152	1.272177122920
0.000000000000	0.000000000000	0.000000000000	1.000000000000
4	42	66
0.936002597103	-0.097408981214	0.338246402192	-0.078588846103
0.158710208468	0.974512658642	-0.158543835817	-0.358527352332
-0.314181807151	0.202080599085	0.927606179113	1.209962330516
0.000000000000	0.000000000000	0.000000000000	1.000000000000
4	43	66
0.989061454868	-0.093518026827	0.114069352384	0.014484460448
0.082555879859	0.991823812035	0.097314195165	-0.358009143449
-0.122237331432	-0.086832623698	0.988695165491	1.209046467430
0.000000000000	0.000000000000	0.000000000000	1.000000000000
4	45	66
0.724753884737	0.021719675143	-0.688665421137	1.214104762385
-0.120800095722	0.988026941437	-0.095969265222	-0.289624337446
0.678335568456	0.152744946579	0.718700102868	0.975066491566
0.000000000000	0.000000000000	0.000000000000	1.000000000000
4	46	66
0.427844513065	0.759383630460	0.490189325088	-0.593991196110
-0.164629055086	0.598733895047	-0.783846284130	1.537577957683
-0.888733000885	0.254664926349	0.381181621312	1.938405363268
0.000000000000	0.000000000000	0.000000000000	1.000000000000
4	47	66
-0.772514735489	-0.387265997712	0.503235561610	-1.265329494797
-0.031928070644	-0.767809537962	-0.639882107673	1.291643201494
0.634193646892	-0.510385697714	0.580779525991	0.877572480260
0.000000000000	0.000000000000	0.000000000000	1.000000000000
4	48	66
-0.986617507194	-0.151496106406	0.060289503576	0.110850895380
-0.142751606800	0.981238834439	0.129585217310	0.780551145504
-0.078790058088	0.119244620563	-0.989733725410	4.471843392551
0.000000000000	0.000000000000	0.000000000000	1.000000000000
5	6	66
0.939563424918	0.001439493711	-0.342371871528	-0.157384035161
0.048836187587	0.989202484609	0.138179127315	0.095052224021
0.338874013961	-0.146548191054	0.929348174992	0.101538678699
0.000000000000	0.000000000000	0.000000000000	1.000000000000
5	7	66
0.929418443765	0.175976294767	-0.324366613678	-0.318039885413
-0.145371240921	0.982495529933	0.116489209692	0.091122592817
0.339188087500	-0.061113642844	0.938731358780	0.306841945797
0.000000000000	0.000000000000	0.000000000000	1.000000000000
5	38	66
0.521733786959	0.406586019159	-0.749987776281	0.325665205259
-0.110696509590	0.903956128037	0.413049151251	-0.152230136462
0.845896056446	-0.132480668813	0.516632107094	1.722667444854
0.000000000000	0.000000000000	0.000000000000	1.000000000000
5	39	66
0.885016594656	0.116619155317	-0.450716762275	0.210193142451
0.014245327016	0.960881894890	0.276591855865	-0.011448485739
0.465341485192	-0.251208990057	0.848735144479	1.680964082019
0.000000000000	0.000000000000	0.000000000000	1.000000000000
5	43	66
0.890532569763	-0.293253302124	0.347784765314	0.348218511807
0.278690895483	0.955923043191	0.092425755450	0.152604139841
-0.359559629222	0.014616302168	0.933007629521	1.026748854581
0.000000000000	0.000000000000	0.000000000000	1.000000000000
5	45	66
0.834891616575	-0.218121764056	-0.505350259342	0.513132434371
0.210990475847	0.974819648248	-0.072178061011	0.037622593165
0.508368968048	-0.046363233649	0.859890366786	1.032400105878
0.000000000000	0.000000000000	0.000000000000	1.000000000000
5	46	66
0.870244835431	0.041017291589	-0.490908859358	0.185705646146
0.039547320693	0.987494096587	0.152615263429	-0.000790697671
0.491029465340	-0.152226774899	0.857739513589	0.934490832867
0.000000000000	0.000000000000	0.000000000000	1.000000000000
5	47	66
0.925310234885	0.103266773296	-0.364879353691	-0.077262573802
0.073684412159	0.894904962050	0.440131476157	0.095330858175
0.371983301536	-0.434144080268	0.820455569148	0.647023581147
0.000000000000	0.000000000000	0.000000000000	1.000000000000
5	48	66
0.955223919100	0.159654235418	-0.249114009026	-0.165777682060
0.005589216694	0.832045171383	0.554679721492	0.162826707667
0.295831075171	-0.531235689586	0.793897107359	0.260853276874
0.000000000000	0.000000000000	0.000000000000	1.000000000000
5	49	66
0.938208056621	0.095018343939	-0.332771929114	-0.437589590431
0.069261442995	0.890560451028	0.449560825228	0.092632504274
0.339070044394	-0.444829852169	0.828949882450	0.372512250351
0.000000000000	0.000000000000	0.000000000000	1.000000000000
6	7	66
0.980678778533	0.185486181328	0.062161160471	-0.189036645215
-0.184993533519	0.982645080809	-0.013639564425	-0.055582389375
-0.063612309275	0.001876618656	0.997972921682	0.219643469021
0.000000000000	0.000000000000	0.000000000000	1.000000000000
6	35	66
0.257403119641	0.486190842112	-0.835082091202	1.017538379675
-0.223305306457	0.870738793941	0.438119496066	-0.488604746003
0.940148059673	0.073704937230	0.332699876948	1.602182523533
0.000000000000	0.000000000000	0.000000000000	1.000000000000
6	36	66
0.622498222445	0.364821356702	-0.692388143130	1.028212101999
-0.186649606131	0.928380981140	0.321357555363	-0.413053903884
0.760038082982	-0.070810532778	0.646009273048	1.317915111367
0.000000000000	0.000000000000	0.000000000000	1.000000000000
6	37	66
0.622803207573	0.421276612479	-0.659273979780	1.131686732231
-0.240273193817	0.904921204131	0.351264012741	-0.456116374869
0.744570317008	-0.060362489118	0.664809305694	1.429433073595
0.000000000000	0.000000000000	0.000000000000	1.000000000000
6	38	66
0.778572564429	0.322654882406	-0.538255133537	1.034273319450
-0.205626761807	0.941516363361	0.266954251424	-0.352170156782
0.592910108488	-0.097163595981	0.799385288123	1.289732925663
0.000000000000	0.000000000000	0.000000000000	1.000000000000
6	39	66
-0.933722860687	0.199182719873	-0.297469096773	0.064240548429
0.046683905049	-0.756086487852	-0.652804592430	1.934507534171
-0.354939758889	-0.623425590582	0.696676611182	0.430948025770
0.000000000000	0.000000000000	0.000000000000	1.000000000000
6	44	66
0.990909771010	-0.094325109127	0.095919755550	0.845226693698
0.089253356791	0.994440920584	0.055866750117	-0.304262649038
-0.100656167313	-0.046797748401	0.993820057519	0.675109777344
0.000000000000	0.000000000000	0.000000000000	1.000000000000
6	45	66
0.970629088767	-0.053247575016	-0.234614295799	0.901702053769
0.024088989062	0.991808757803	-0.125439660998	-0.467632598447
0.239371871039	0.116103762644	0.963961111070	0.721197625121
0.000000000000	0.000000000000	0.000000000000	1.000000000000
6	46	66
0.985262721557	0.063289535793	-0.158908162688	0.563292586039
-0.054441565456	0.996746625952	0.059432984139	-0.311036359354
0.162152660972	-0.049905894563	0.985502874794	0.663272632078
0.000000000000	0.000000000000	0.000000000000	1.000000000000
6	47	66
0.999970325219	0.001555665578	0.007545103486	0.167882587548
-0.004026183261	0.940533013836	0.339678435780	-0.139313822627
-0.006567992871	-0.339698733866	0.940511367119	0.477253486913
0.000000000000	0.000000000000	0.000000000000	1.000000000000
6	48	66
0.998863100497	-0.016718393883	0.044643048413	0.078608844646
-0.004888549316	0.895625639525	0.444781762115	0.026208299086
-0.047419495476	-0.444494329694	0.894525674488	0.194550473119
0.000000000000	0.000000000000	0.000000000000	1.000000000000
6	49	66
0.999949054281	0.010092109290	-0.000195378962	-0.189595664808
-0.009438026388	0.941654540477	0.336448584568	-0.071472023695
0.003579455372	-0.336429599961	0.941701816803	0.361787002098
0.000000000000	0.000000000000	0.000000000000	1.000000000000
7	37	66
0.646026996338	0.198679021734	-0.737004590437	1.255288543325
-0.094095118836	0.978896035103	0.181407444915	-0.042839602825
0.757492725122	-0.047845572232	0.651087991445	1.188578529872
0.000000000000	0.000000000000	0.000000000000	1.000000000000
7	38	66
0.772792541313	0.132695501076	-0.620631607385	1.174011647485
-0.029027460936	0.984264878389	0.174298754103	-0.048448999818
0.633994554080	-0.116681417392	0.764484370169	1.119537600104
0.000000000000	0.000000000000	0.000000000000	1.000000000000
7	39	66
0.985209980244	-0.159827479475	-0.061777598150	0.814950799749
0.167602255625	0.973850308361	0.153378814750	-0.074155964057
0.035647983642	-0.161464403846	0.986234489132	1.016287974658
0.000000000000	0.000000000000	0.000000000000	1.000000000000
7	44	66
0.922222092510	-0.316249085036	0.222470061581	0.583002553311
0.309303043563	0.948645622196	0.066355939684	0.039000744313
-0.232030255200	0.007615753602	0.972678755278	0.303148545760
0.000000000000	0.000000000000	0.000000000000	1.000000000000
7	45	66
0.941026776667	-0.294427469060	-0.166676546220	0.971346269082
0.252416193243	0.938997153740	-0.233603104980	0.023716279349
0.225287973459	0.177754917599	0.957939725810	0.376206209537
0.000000000000	0.000000000000	0.000000000000	1.000000000000
7	46	66
0.972095885016	-0.125636982070	-0.198103354518	0.685727970119
0.133224395077	0.990760507061	0.025394452250	-0.088894529740
0.193082497630	-0.051078042103	0.979852122886	0.438431420909
0.000000000000	0.000000000000	0.000000000000	1.000000000000
7	47	66
0.977827000944	-0.176447041203	-0.112786514603	0.323642961237
0.203919192932	0.924842054058	0.321067185803	0.029245096763
0.047658356873	-0.336947498426	0.940316470304	0.266638760471
0.000000000000	0.000000000000	0.000000000000	1.000000000000
7	48	66
0.987410196031	-0.152510042284	-0.041973703401	0.127300847637
0.154138076582	0.868075901507	0.471895838687	0.055836912740
-0.035532493892	-0.472424508493	0.880654600654	-0.055103184149
0.000000000000	0.000000000000	0.000000000000	1.000000000000
7	49	66
0.978353677645	-0.185394040926	-0.091940910526	-0.085258467500
0.205435589470	0.923591666200	0.323689129728	0.012826805596
0.024905822981	-0.335570385634	0.941685837351	0.115374434330
0.000000000000	0.000000000000	0.000000000000	1.000000000000
8	37	66
0.689200180086	0.360477018552	-0.628537533378	1.730286349284
-0.216628788272	0.930297297203	0.296004910278	-0.253726910423
0.691429736026	-0.067847313231	0.719250764495	0.665405518011
0.000000000000	0.000000000000	0.000000000000	1.000000000000
8	38	66
0.833309639136	0.264225124767	-0.485571960440	1.598562582263
-0.161592217487	0.956438285509	0.243133217108	-0.190572255060
0.528661517960	-0.124140603573	0.839705966379	0.511043552645
0.000000000000	0.000000000000	0.000000000000	1.000000000000
8	39	66
0.994007248308	-0.025335607779	-0.106337656971	1.543017124602
0.041235686377	0.987809757400	0.150104967786	-0.149352274809
0.101238374545	-0.153590332259	0.982934789981	0.602262715363
0.000000000000	0.000000000000	0.000000000000	1.000000000000
8	44	66
0.987963077330	-0.116230151255	0.102075999978	1.518994117769
0.117553264142	0.993041744244	-0.007023124497	-0.017832059271
-0.100549430241	0.018937954678	0.994751811233	-0.098283940178
0.000000000000	0.000000000000	0.000000000000	1.000000000000
8	45	66
0.979364163834	-0.135311801180	-0.150121787425	1.461455442716
0.100907900519	0.970969474257	-0.216877559176	-0.089739960601
0.175109766178	0.197253635005	0.964586737036	-0.085609704323
0.000000000000	0.000000000000	0.000000000000	1.000000000000
8	46	66
0.994724818888	0.010621356117	-0.102028042631	1.102649378482
-0.011948595257	0.999851647201	-0.012406234718	-0.036996361568
0.101881135448	0.013559881369	0.994704158962	-0.060063520785
0.000000000000	0.000000000000	0.000000000000	1.000000000000
8	47	66
0.993017355092	-0.115804042761	0.022493469420	0.728794590642
0.103726351560	0.947935554229	0.301096378293	0.101635635121
-0.056190537268	-0.296660763683	0.953328387709	-0.213269344734
0.000000000000	0.000000000000	0.000000000000	1.000000000000
8	48	66
0.986798199094	-0.128467571496	0.098617429187	0.492798724103
0.080803141874	0.918255622561	0.387656373478	0.312126199936
-0.140357281709	-0.374570013093	0.916513578057	-0.519721119505
0.000000000000	0.000000000000	0.000000000000	1.000000000000
8	49	66
0.990268297231	-0.122975423629	0.065159379080	0.259612727210
0.100307107948	0.955223395072	0.278364418706	0.177820844164
-0.096473745619	-0.269119510051	0.958262754007	-0.327606807195
0.000000000000	0.000000000000	0.000000000000	1.000000000000
8	50	66
0.996088460079	-0.009344679722	0.087866129183	-0.007524975342
0.014406645738	0.998261449620	-0.057153536742	-0.012988578220
-0.087179287995	0.058195834597	0.994491335598	0.049452241647
0.000000000000	0.000000000000	0.000000000000	1.000000000000
8	51	66
0.999315088745	0.022833424670	-0.029120235640	-0.275191431174
-0.023475169216	0.999484747573	-0.021889627684	-0.116559922229
0.028605416203	0.022558237691	0.999336207728	0.258575300235
0.000000000000	0.000000000000	0.000000000000	1.000000000000
9	10	66
0.998539501942	-0.052295899048	0.013564733809	-0.461416958446
0.048118216403	0.975018253234	0.216850278097	-0.070767292772
-0.024566243316	-0.215880857891	0.976110626356	0.550147997667
0.000000000000	0.000000000000	0.000000000000	1.000000000000
9	51	66
0.997492755461	-0.016178237476	-0.068894611069	0.321283955867
0.026098700252	0.988994936201	0.145629234753	0.039841788892
0.065780397135	-0.147062166453	0.986937515018	-0.084959373414
0.000000000000	0.000000000000	0.000000000000	1.000000000000
9	52	66
0.987940862059	-0.124479547054	0.092074401656	-0.279627863846
0.110475755489	0.983378464219	0.144089914841	0.045190540269
-0.108480231029	-0.132180325598	0.985271739674	0.225124992234
0.000000000000	0.000000000000	0.000000000000	1.000000000000
9	53	66
0.982885267142	-0.097153595002	0.156517508965	-0.564135787314
0.075864144202	0.987705521495	0.136683702148	-0.041969827790
-0.167872520857	-0.122470330229	0.978171679694	0.569894813599
0.000000000000	0.000000000000	0.000000000000	1.000000000000
10	11	66
0.982790260489	-0.018262270365	-0.183820002637	0.151431647502
0.002913924538	0.996509992228	-0.083422685364	-0.085111332328
0.184701957034	0.081451365063	0.979413529719	0.409135446635
0.000000000000	0.000000000000	0.000000000000	1.000000000000
10	51	66
0.998371534513	0.042769465028	-0.037749860073	0.660907929926
-0.045302713570	0.996586146661	-0.069019681447	0.216451464384
0.034669052736	0.070617456376	0.996900813340	-0.606641104796
0.000000000000	0.000000000000	0.000000000000	1.000000000000
10	52	66
0.994352148787	-0.062512602174	0.085767002821	0.150000542277
0.066478944734	0.996808631214	-0.044193920905	0.074408412673
-0.082730611689	0.049646020056	0.995334576201	-0.292048699909
0.000000000000	0.000000000000	0.000000000000	1.000000000000
10	53	66
0.986523860298	-0.049774533587	0.155862660279	-0.128934975836
0.064210910617	0.993959774744	-0.088999579486	0.044795242856
-0.150491302144	0.097808292067	0.983761102088	0.030039001247
0.000000000000	0.000000000000	0.000000000000	1.000000000000
10	54	66
0.999408722891	0.001297577406	-0.034358709252	-0.133913776874
-0.009005672000	0.974280614340	-0.225158127529	-0.158867231375
0.033182864259	0.225334419949	0.973716230072	0.349000914273
0.000000000000	0.000000000000	0.000000000000	1.000000000000
11	12	66
0.942532079137	0.081324570400	-0.324067267782	0.087869178101
-0.151704888987	0.968346403703	-0.198219245010	-0.164565351776
0.297689278369	0.235990586007	0.925034884132	0.182120640150
0.000000000000	0.000000000000	0.000000000000	1.000000000000
11	52	66
0.957661841335	-0.089048845714	0.273777465705	-0.123130109292
0.089390483534	0.995933085053	0.011253068493	0.230683551724
-0.273666108798	0.013696465746	0.961727231455	-0.709537103950
0.000000000000	0.000000000000	0.000000000000	1.000000000000
11	53	66
0.940480328410	-0.028373836669	0.338661596977	-0.350675867186
0.025926980875	0.999594808490	0.011747787109	0.049432265561
-0.338857703966	-0.002268089930	0.940834901686	-0.315921821820
0.000000000000	0.000000000000	0.000000000000	1.000000000000
11	54	66
0.989551832327	0.056307695460	0.132727595361	-0.271682155648
-0.036244822953	0.988173583638	-0.148994232807	-0.043718817995
-0.139547425441	0.142626827886	0.979889842799	-0.007754044754
0.000000000000	0.000000000000	0.000000000000	1.000000000000
11	55	66
0.992681928226	0.073072978278	-0.096140154037	-0.221889516191
-0.079485911414	0.994737089022	-0.064653798116	-0.087689277644
0.090909731379	0.071822444748	0.993265803887	-0.029419939367
0.000000000000	0.000000000000	0.000000000000	1.000000000000
12	52	66
0.808062344671	-0.221644572358	0.545810343131	-0.482886997555
0.085332222968	0.960787984616	0.263827330540	0.122964939018
-0.582883915414	-0.166613721406	0.795290015649	-0.797117516782
0.000000000000	0.000000000000	0.000000000000	1.000000000000
12	54	66
0.909017538873	-0.053940470132	0.413252392253	-0.330841037932
0.005428276155	0.993037034758	0.117677446505	-0.009842792157
-0.416722506998	-0.104727614696	0.902980885114	-0.081561643824
0.000000000000	0.000000000000	0.000000000000	1.000000000000
12	55	66
0.979519313475	-0.060379506884	0.192083913118	-0.285735076098
0.027180026558	0.984897919927	0.170989278843	-0.014892286386
-0.199507294820	-0.162266455164	0.966367650970	-0.092651559512
0.000000000000	0.000000000000	0.000000000000	1.000000000000
12	56	66
0.952421962236	0.067847549312	-0.297134844647	-0.201488226831
0.064188402002	0.908390011633	0.413167563845	0.069783816947
0.297946731648	-0.412582472746	0.860815571585	-0.062773585447
0.000000000000	0.000000000000	0.000000000000	1.000000000000
13	14	66
0.961026574454	0.037556665553	-0.273893081448	0.231468504233
-0.066927597973	0.992865039394	-0.098689970003	-0.067617927397
0.268232398905	0.113174689848	0.956683265117	0.114055189401
0.000000000000	0.000000000000	0.000000000000	1.000000000000
13	15	66
0.754683950722	0.246339822251	-0.608086199890	0.472075616957
-0.131923717771	0.964882338049	0.227152385881	-0.080764842922
0.642688312646	-0.091207267778	0.760679280047	0.290267930916
0.000000000000	0.000000000000	0.000000000000	1.000000000000
13	54	66
-0.642102658677	0.074899673833	-0.762950990942	1.712083360894
0.252727983137	-0.918899558823	-0.302906202206	1.702838778707
-0.723762904728	-0.387315942940	0.571098606271	0.418146695802
0.000000000000	0.000000000000	0.000000000000	1.000000000000
13	55	66
0.738467432400	-0.100315705027	0.666785280738	-0.570336020279
0.147395541871	0.988972017058	-0.014453501731	-0.006185420492
-0.657982070820	0.108954618078	0.745109713853	0.017426311322
0.000000000000	0.000000000000	0.000000000000	1.000000000000
13	56	66
0.966685370400	-0.113814483786	0.229272017341	-0.514335258251
0.067897710679	0.977637103066	0.199036668965	0.092743635030
-0.246798086580	-0.176838790961	0.952795227985	0.021660200757
0.000000000000	0.000000000000	0.000000000000	1.000000000000
13	57	66
0.975902093202	0.072116689957	-0.205947293047	-0.382382460111
-0.024257693428	0.973812892758	0.226053122533	0.021092203030
0.216856332149	-0.215609909158	0.952095424986	0.235623310915
0.000000000000	0.000000000000	0.000000000000	1.000000000000
14	15	66
0.927364525358	0.115392164798	-0.355920897687	0.221243911217
-0.011823377105	0.959818068594	0.280373827157	0.009784005152
0.373972251458	-0.255800554151	0.891465552691	0.139587998877
0.000000000000	0.000000000000	0.000000000000	1.000000000000
14	18	66
0.555128528222	0.282697556369	-0.782249582152	0.536918381749
-0.072196196502	0.953297271581	0.293278061243	-0.087124552369
0.828625383611	-0.106331573951	0.549612199661	0.191526158769
0.000000000000	0.000000000000	0.000000000000	1.000000000000
14	56	66
0.857542223575	-0.240184398242	0.454898658635	-0.722296416271
0.090565500706	0.940984358894	0.326107844737	0.089235085529
-0.506378539107	-0.238453121511	0.828686239763	0.152972897516
0.000000000000	0.000000000000	0.000000000000	1.000000000000
14	57	66
0.994981627058	-0.092509640058	0.038125166398	-0.547013608556
0.076751712490	0.950102394777	0.302348497711	0.088802709356
-0.064192962591	-0.297905028381	0.952434699924	0.275342919728
0.000000000000	0.000000000000	0.000000000000	1.000000000000
15	18	66
0.797009436980	0.202262484386	-0.569092123276	0.417429066466
-0.215614972196	0.975453836753	0.044721316268	-0.072254262598
0.564168539649	0.087061471238	0.821056733177	0.001961326746
0.000000000000	0.000000000000	0.000000000000	1.000000000000
15	56	66
0.609497802470	-0.379557475640	0.696023384284	-0.813699272105
0.355278846519	0.915619638668	0.188195692040	-0.102804214265
-0.708723761419	0.132577524386	0.692916899799	0.306272907124
0.000000000000	0.000000000000	0.000000000000	1.000000000000
15	57	66
0.899147680859	-0.208380282081	0.384852057349	-0.657948295640
0.194758021697	0.978015653774	0.074529819257	-0.078804724991
-0.391921881235	0.007939711195	0.919964238433	0.413043683122
0.000000000000	0.000000000000	0.000000000000	1.000000000000
15	62	66
0.170157096284	0.490582552732	-0.854619986625	0.747680168160
-0.332878232914	0.844902124898	0.418727215971	-1.084988732408
0.927490509189	0.213234983757	0.307070345469	2.423465213052
0.000000000000	0.000000000000	0.000000000000	1.000000000000
16	17	66
0.996246440360	-0.046643667219	-0.072920493535	0.062836091906
0.044181750566	0.998409571290	-0.035018578977	-0.235768805879
0.074437913633	0.031665379595	0.996722780290	-0.151375983068
0.000000000000	0.000000000000	0.000000000000	1.000000000000
16	61	66
-0.858259947135	0.209491423152	-0.468511693312	-1.054442188954
-0.075044069186	0.851855586414	0.518372884684	-0.514921014185
0.507698976583	0.480057708533	-0.715392441709	4.071929935146
0.000000000000	0.000000000000	0.000000000000	1.000000000000
17	18	66
0.931377724985	0.153782615444	-0.329979454798	0.176708831300
-0.027819591518	0.933815777198	0.356670947210	0.054493909449
0.362989812157	-0.323015481739	0.874013383666	0.191817325874
0.000000000000	0.000000000000	0.000000000000	1.000000000000
17	19	66
0.855115469128	0.193508601053	-0.480969807552	-0.105790344408
-0.014843154774	0.936487264262	0.350387335146	0.027035415673
0.518225062319	-0.292482521175	0.803677024427	0.024695456784
0.000000000000	0.000000000000	0.000000000000	1.000000000000
17	64	66
0.114886133636	0.534593619535	-0.837263900005	0.691994892109
0.124261679125	0.828490545452	0.546042536069	0.049250295488
0.985576080980	-0.166772533855	0.028752574707	2.485308060336
0.000000000000	0.000000000000	0.000000000000	1.000000000000
18	19	66
0.977424525670	0.025807866233	-0.209702767411	-0.199545788026
-0.030040033736	0.999403760264	-0.017021173408	0.016343743269
0.209138454122	0.022936390552	0.977617015500	-0.059602851282
0.000000000000	0.000000000000	0.000000000000	1.000000000000
18	20	66
0.923476510815	0.085293145383	-0.374053757264	-0.368021680365
-0.054142809290	0.994190167075	0.093029392632	-0.056758077405
0.379815336939	-0.065658137667	0.922729277082	-0.169443836533
0.000000000000	0.000000000000	0.000000000000	1.000000000000
18	62	66
0.717995732598	0.372831398029	-0.587774511709	1.813096970496
-0.217311864501	0.922306720080	0.319571381138	-0.836810008772
0.661254626840	-0.101720512872	0.743232975415	1.770702987776
0.000000000000	0.000000000000	0.000000000000	1.000000000000
18	63	66
0.489662630924	0.400950454575	-0.774253989885	1.949132468491
-0.264661413176	0.914447519980	0.306170001108	-0.666367581483
0.830773642006	0.054995146868	0.553886892396	1.887808169903
0.000000000000	0.000000000000	0.000000000000	1.000000000000
18	64	66
0.464769599749	0.380196813460	-0.799649674660	1.348138342306
-0.231278570796	0.923893432107	0.304846106750	-0.560323576543
0.854692600787	0.043258630874	0.517328956289	1.776012096578
0.000000000000	0.000000000000	0.000000000000	1.000000000000
19	20	66
0.990061659851	0.049387983122	-0.131676637323	-0.320544561606
-0.041418300455	0.997179356533	0.062592773486	0.042901997785
0.134396555317	-0.056516882685	0.989314615221	-0.076151600291
0.000000000000	0.000000000000	0.000000000000	1.000000000000
19	21	66
0.993523553390	0.028014540494	-0.110118728560	-0.641395405403
-0.013175914128	0.990996801305	0.133235637460	0.110764057456
0.112859842928	-0.130921829056	0.984947780611	-0.297755674834
0.000000000000	0.000000000000	0.000000000000	1.000000000000
19	64	66
0.678376292049	0.291605343955	-0.674367800064	1.926654937261
-0.146413920734	0.953108715507	0.264852298913	-0.413451952042
0.719978173420	-0.080932686853	0.689261438061	1.422697929155
0.000000000000	0.000000000000	0.000000000000	1.000000000000
19	65	66
0.742874274608	0.226798354675	-0.629841502635	1.160794441047
-0.190784204055	0.973570255186	0.125548180791	-0.310824297831
0.641669073284	0.026897296027	0.766509840679	1.481773228951
0.000000000000	0.000000000000	0.000000000000	1.000000000000
20	21	66
0.998420971513	-0.046985365376	0.030788619395	-0.395299417007
0.044734881907	0.996536185533	0.070102933355	0.066564967240
-0.033975785268	-0.068614913574	0.997064511278	-0.166945814365
0.000000000000	0.000000000000	0.000000000000	1.000000000000
20	22	66
0.992581317090	-0.080134156294	0.091437661598	-1.008345366343
0.082337027773	0.996392174053	-0.020573024651	0.022553527139
-0.089459168457	0.027949105187	0.995598264712	-0.069461224202
0.000000000000	0.000000000000	0.000000000000	1.000000000000
20	23	66
0.996953511149	-0.029644982910	0.072144796043	-1.429440591560
0.049834688215	0.953639934169	-0.296795181579	-0.030281591590
-0.060001670463	0.299486311785	0.952212029222	0.030565733978
0.000000000000	0.000000000000	0.000000000000	1.000000000000
20	34	66
0.417675562663	-0.403313416396	0.814177752404	-2.228761229632
0.299672020784	0.907090693998	0.295606415394	-0.296145880687
-0.857755095766	0.120518716464	0.499731362503	1.039605393277
0.000000000000	0.000000000000	0.000000000000	1.000000000000
20	64	66
0.726028774107	0.301628583652	-0.617982537530	2.502822207005
-0.220878638111	0.953337853855	0.205814391219	-0.487392926122
0.651225649368	-0.012928028885	0.758774024117	1.237682356204
0.000000000000	0.000000000000	0.000000000000	1.000000000000
20	65	66
0.838502186874	0.111593944439	-0.533348735980	1.709603323881
-0.049338454715	0.990332528005	0.129642588922	-0.486453416684
