0	4	55
0.486279563263	0.025945429602	0.873418010483	-0.556557883938
0.201831313827	0.969194344621	-0.141161053814	0.079801709478
-0.850174280434	0.244926840175	0.466062802475	0.299432415523
0.000000000000	0.000000000000	0.000000000000	1.000000000000
0	9	55
0.656222761402	-0.331860724316	0.677672595782	-0.322798013891
0.098842145152	0.928161290559	0.358813111591	-0.174140920925
-0.748065450184	-0.168478717838	0.641882391000	-0.512639958209
0.000000000000	0.000000000000	0.000000000000	1.000000000000
0	11	55
0.941895051376	0.319933681761	-0.102353072584	-0.955754924353
-0.270964334008	0.903746499480	0.331391904507	-0.228117217986
0.198524663173	-0.284402362775	0.937924972565	0.075739159366
0.000000000000	0.000000000000	0.000000000000	1.000000000000
0	18	55
-0.576563392340	-0.165072483791	0.800203555171	-1.989396994314
0.222624677352	0.910583027450	0.348248191890	-0.415004960815
-0.786137969855	0.378932217179	-0.488259630870	2.166762942882
0.000000000000	0.000000000000	0.000000000000	1.000000000000
0	20	55
-0.455826418057	-0.042834993809	0.889037366991	-1.856476866480
0.228667921609	0.959679598967	0.163481035453	-0.520683810262
-0.860193732963	0.277813301753	-0.427652325073	2.172892510937
0.000000000000	0.000000000000	0.000000000000	1.000000000000
0	34	55
0.974811840909	-0.015634058324	0.222480226186	-2.182858696724
-0.057724318929	0.945863476308	0.319390336722	0.209892330347
-0.215429287303	-0.324188001640	0.921136451219	-0.541009602745
0.000000000000	0.000000000000	0.000000000000	1.000000000000
0	43	55
0.997849220614	0.014330483077	0.063965382632	0.378841741705
-0.049057483758	0.810476390561	0.583713443078	-0.359146604897
-0.043477536818	-0.585595984957	0.809436252088	-0.721244090593
0.000000000000	0.000000000000	0.000000000000	1.000000000000
0	46	55
0.803433381393	0.256737897663	-0.537196848062	0.098812411073
-0.136911209698	0.957740387870	0.252959819145	-0.133834452940
0.579439489786	-0.129688092538	0.804630894467	-0.148735222875
0.000000000000	0.000000000000	0.000000000000	1.000000000000
0	53	55
0.750471186138	0.255391192925	-0.609564055168	-0.181829717749
-0.151131860600	0.964197251565	0.217905531795	-0.071970601213
0.643391140356	-0.071407273100	0.762200001220	-0.279829798790
0.000000000000	0.000000000000	0.000000000000	1.000000000000
1	9	55
0.703979625695	-0.403982456310	0.584132571939	-0.014525614163
0.105797626510	0.872940529900	0.476216015568	-0.384360860608
-0.702295912584	-0.273446532711	0.657272732522	-0.299303853518
0.000000000000	0.000000000000	0.000000000000	1.000000000000
1	11	55
0.909591008993	0.269591343525	-0.316171952988	-0.420864522155
-0.146796113777	0.920367340650	0.362456699820	-0.435678666620
0.388709528234	-0.283274541322	0.876732819563	0.182595661472
0.000000000000	0.000000000000	0.000000000000	1.000000000000
1	18	55
-0.504911426329	-0.317084240446	0.802821297690	-1.870079666114
0.113182886395	0.897732385390	0.425753682836	-0.658164154879
-0.855718461756	0.305833530998	-0.417386829605	2.180146639731
0.000000000000	0.000000000000	0.000000000000	1.000000000000
1	20	55
-0.375804291781	-0.174305615125	0.910158605307	-1.711943040407
0.099853832876	0.968816338368	0.226768857147	-0.707313750351
-0.921303612464	0.176103535023	-0.346680254144	2.222153952829
0.000000000000	0.000000000000	0.000000000000	1.000000000000
1	34	55
0.996024362880	-0.071570582973	0.053038855594	-1.729185308889
0.048220228877	0.933799248906	0.354533175133	-0.071043232586
-0.074901789544	-0.350566134126	0.933537951841	-0.624368823955
0.000000000000	0.000000000000	0.000000000000	1.000000000000
1	36	55
0.406222794912	-0.316717070132	0.857130875877	-1.372550501255
0.138845433980	0.948514087500	0.284680472244	-0.294107014242
-0.903163875693	0.003365011347	0.429282762689	0.600813756371
0.000000000000	0.000000000000	0.000000000000	1.000000000000
1	43	55
0.994875824639	-0.018743990985	-0.099351680165	0.825616886878
0.078197049115	0.765547504306	0.638609614836	-0.463247540856
0.064088337936	-0.643106275396	0.763090429430	-0.458003257228
0.000000000000	0.000000000000	0.000000000000	1.000000000000
1	46	55
0.767954829282	0.190037939265	-0.611662457424	0.326844319852
-0.047668341447	0.969279690966	0.241297761915	-0.229756179258
0.638727727131	-0.156148846687	0.753421812979	0.027115153944
0.000000000000	0.000000000000	0.000000000000	1.000000000000
1	53	55
0.676876462460	0.172314076959	-0.715643845393	0.184802852880
-0.064762627469	0.982385133544	0.175286198759	-0.141638452068
0.733242154169	-0.072300126374	0.676112886340	-0.091524447391
0.000000000000	0.000000000000	0.000000000000	1.000000000000
2	18	55
-0.636697531690	-0.125345049765	0.760857983883	-1.296769709338
0.392055168371	0.797032446629	0.459382219914	-1.011641735718
-0.664009787649	0.590785830500	-0.458326416856	2.558167784480
0.000000000000	0.000000000000	0.000000000000	1.000000000000
2	19	55
0.006375757911	-0.116484037153	0.993172099286	-1.140779710936
0.377956227184	0.919798319760	0.105452080584	-1.157625685843
-0.925801512228	0.374703242654	0.049890278623	2.601329334457
0.000000000000	0.000000000000	0.000000000000	1.000000000000
2	20	55
-0.471778197186	-0.022094717180	0.881440387169	-1.160443641209
0.399227255995	0.885987491460	0.235889302528	-1.068765738369
-0.786157064925	0.463182456975	-0.409168768138	2.440278958901
0.000000000000	0.000000000000	0.000000000000	1.000000000000
2	21	55
-0.847056646186	-0.104149835164	0.521198474660	-1.257266021777
0.302264479708	0.712205199046	0.633561314127	-0.914619963722
-0.437185569821	0.694202107665	-0.571797351563	2.426250103157
0.000000000000	0.000000000000	0.000000000000	1.000000000000
2	36	55
0.284803597777	-0.184583701775	0.940646462669	-1.000619144820
0.382087813664	0.921822867517	0.065203554899	-0.207729401286
-0.879144933070	0.340839343329	0.333065652231	0.990610126285
0.000000000000	0.000000000000	0.000000000000	1.000000000000
2	43	55
0.991705564698	-0.036499171566	0.123239131053	0.862975143285
-0.016120815141	0.915938956252	0.400993700373	-0.307634898199
-0.127515458933	-0.399654399319	0.907753363441	-0.423630614666
0.000000000000	0.000000000000	0.000000000000	1.000000000000
2	47	55
0.662002333629	0.372193007054	-0.650557665215	-0.038750304153
-0.349948570421	0.921058057569	0.170845113035	0.079280105425
0.662788735821	0.114561861401	0.739990994257	0.209338006627
0.000000000000	0.000000000000	0.000000000000	1.000000000000
3	11	55
0.946718562077	0.253432033036	-0.198736430605	-0.211418356247
-0.137600367497	0.876208675699	0.461870648012	-0.318281225864
0.291187401999	-0.409915309865	0.864395358418	0.240299036500
0.000000000000	0.000000000000	0.000000000000	1.000000000000
3	18	55
-0.622927471401	-0.245132811654	0.742880387427	-1.406822926266
0.053960097607	0.933909107652	0.353414892882	-0.270365868018
-0.780416346087	0.260237743794	-0.568530248505	2.451533989841
0.000000000000	0.000000000000	0.000000000000	1.000000000000
3	20	55
-0.475989683759	-0.110472980672	0.872484694133	-1.231795002751
0.031921257567	0.989254975760	0.142673144811	-0.305298422258
-0.878871352514	0.095761753724	-0.467348726599	2.430234537342
0.000000000000	0.000000000000	0.000000000000	1.000000000000
3	34	55
0.974018320995	-0.129080207818	0.186082267603	-1.641810004756
0.031091111043	0.890102613624	0.454698449562	-0.031845739468
-0.224324883107	-0.437099115956	0.870989500310	-0.419373272532
0.000000000000	0.000000000000	0.000000000000	1.000000000000
3	36	55
0.322796998681	-0.282473158232	0.903333278763	-1.060686428734
0.029397938695	0.956957198657	0.288736352298	-0.077680277090
-0.946011553229	-0.066647091582	0.317207040181	0.695423873380
0.000000000000	0.000000000000	0.000000000000	1.000000000000
3	43	55
0.999369691849	0.004550538721	-0.035206698383	1.163374025158
0.022573531478	0.683959600817	0.729170556267	-0.520769959731
0.027398078222	-0.729505693636	0.683425773776	-0.446512362016
0.000000000000	0.000000000000	0.000000000000	1.000000000000
3	44	55
0.966611881043	-0.235826446118	0.100236513999	0.983154475352
0.159414780916	0.859689446232	0.485305041868	-0.483873639459
-0.200620036519	-0.453122437481	0.868580253977	-0.477032675824
0.000000000000	0.000000000000	0.000000000000	1.000000000000
3	46	55
0.825206519674	0.176059162854	-0.536691131902	0.599303190021
0.014398109931	0.943314288403	0.331588370913	-0.147526376825
0.564647584178	-0.281356223442	0.775894181711	-0.018370305448
0.000000000000	0.000000000000	0.000000000000	1.000000000000
3	53	55
0.753834107032	0.210515324250	-0.622428660436	0.383339871726
-0.042025812655	0.960794519985	0.274057879722	-0.069603066200
0.655719429441	-0.180436106761	0.733126756592	-0.116790266846
0.000000000000	0.000000000000	0.000000000000	1.000000000000
4	7	55
0.904138927453	-0.032921652595	0.425968267192	0.706112990693
-0.122926721199	0.934820108460	0.333167204320	-0.018269591646
-0.409172116694	-0.353592321197	0.841160299414	-0.422155705591
0.000000000000	0.000000000000	0.000000000000	1.000000000000
4	8	55
0.986864231106	-0.087309140270	0.135926831013	0.799149482137
-0.007088492530	0.817170236620	0.576352806583	-0.342595267343
-0.161396228697	-0.569745485640	0.805817187056	-0.248441548453
0.000000000000	0.000000000000	0.000000000000	1.000000000000
4	10	55
0.809874480308	0.332321308564	-0.483389981300	0.515719558935
-0.141051370721	0.910194626754	0.389422973444	-0.366342376901
0.569392515725	-0.247200908783	0.784017776414	-0.242551589203
0.000000000000	0.000000000000	0.000000000000	1.000000000000
4	19	55
0.924577072063	-0.030279659457	0.379789915662	-2.309432632106
-0.033836271818	0.986372041583	0.161013360603	-0.133749107603
-0.379489584211	-0.161719936329	0.910952423384	-0.175335474091
0.000000000000	0.000000000000	0.000000000000	1.000000000000
4	38	55
0.759904683908	-0.254048960198	0.598334352346	0.471391258068
0.001153241877	0.920990957213	0.389582246471	-0.200337256232
-0.650033492528	-0.295355349629	0.700158322122	0.159487370662
0.000000000000	0.000000000000	0.000000000000	1.000000000000
4	39	55
0.998539660101	-0.007117812471	0.053552627859	0.990175803923
-0.019782838578	0.874252163562	0.485068854706	-0.220570293064
-0.050271129913	-0.485419912296	0.872834647710	0.294338433427
0.000000000000	0.000000000000	0.000000000000	1.000000000000
4	40	55
0.999735729705	0.009283715636	0.021030534367	1.314146357496
-0.021231617295	0.723639704809	0.689851285460	-0.360174141401
-0.008814146515	-0.690115490514	0.723645576628	0.137120592517
0.000000000000	0.000000000000	0.000000000000	1.000000000000
4	41	55
0.999395807959	0.016344053289	0.030673945877	1.256664348714
-0.034214310014	0.617913171294	0.785501555524	-0.520952636167
-0.006115555891	-0.786076449630	0.618099033581	0.257191216519
0.000000000000	0.000000000000	0.000000000000	1.000000000000
4	43	55
0.403353230447	0.664543308685	-0.629037647817	1.325058965795
-0.032908628885	0.697529796601	0.715799696143	-0.549032550837
0.914452400966	-0.268019353285	0.303220105915	0.524447302456
0.000000000000	0.000000000000	0.000000000000	1.000000000000
4	44	55
0.634877102948	0.404035052066	-0.658548966178	1.171151810135
0.052061288288	0.828056717046	0.558221905354	-0.595377555530
0.770857111542	-0.388687213653	0.504679664271	0.416471507511
0.000000000000	0.000000000000	0.000000000000	1.000000000000
4	45	55
0.339287086770	0.511586362551	-0.789407161358	1.188162406565
-0.087260279779	0.852683411526	0.515088966375	-0.409861860660
0.936626882128	-0.105879145069	0.333945639761	0.418713078130
0.000000000000	0.000000000000	0.000000000000	1.000000000000
5	36	55
0.971981880687	0.154382823007	-0.177248885968	-0.601731483321
-0.107969135585	0.963048680455	0.246738535368	0.113857916887
0.208791497379	-0.220687976643	0.952734447570	-1.165904813528
0.000000000000	0.000000000000	0.000000000000	1.000000000000
5	42	55
0.372835299941	0.804900794120	-0.461658478470	0.736348835552
-0.068334238719	0.519998319315	0.851429491930	-0.559167372162
0.925377907093	-0.285895889328	0.248876012361	0.634763385123
0.000000000000	0.000000000000	0.000000000000	1.000000000000
5	43	55
0.111253645371	0.777430128804	-0.619051711265	0.759402553026
-0.071162601221	0.627551806211	0.775315816109	-0.622277890997
0.991240894324	-0.042203380792	0.125141376333	0.656256133366
0.000000000000	0.000000000000	0.000000000000	1.000000000000
5	44	55
0.477932323418	0.514155847484	-0.712196924123	0.635743195004
-0.068441553628	0.830124183707	0.553362081608	-0.549468709140
0.875726240311	-0.215725761378	0.431932804853	0.351270938460
0.000000000000	0.000000000000	0.000000000000	1.000000000000
6	36	55
0.962253496594	0.221902468971	-0.157567453994	-1.067903031913
-0.213870578589	0.974600110012	0.066437949843	0.445776989352
0.168308003100	-0.030231106990	0.985270773068	-0.825434638374
0.000000000000	0.000000000000	0.000000000000	1.000000000000
6	42	55
0.313906064898	0.870530526136	-0.378998133881	0.274698145548
-0.258102628453	0.462382396158	0.848283886979	-0.691375295322
0.913699083728	-0.168461042344	0.369830855400	0.816470864644
0.000000000000	0.000000000000	0.000000000000	1.000000000000
6	43	55
0.064372927598	0.834583673615	-0.547107135695	0.281448592727
-0.258375387206	0.543488430875	0.798662935656	-0.761516875708
0.963897445519	0.089946746696	0.250621821238	0.847601683659
0.000000000000	0.000000000000	0.000000000000	1.000000000000
6	44	55
0.242907275733	0.545241716431	-0.802313857576	0.411570944479
-0.082614309348	0.835708339203	0.542923979648	-0.698725164376
0.966525183990	-0.065597579602	0.248044403814	0.879525544163
0.000000000000	0.000000000000	0.000000000000	1.000000000000
7	36	55
0.968961684913	-0.013770622464	-0.246827111818	-1.228137302347
0.005799218419	0.999438743800	-0.032993430530	0.088878857262
0.247142918647	0.030537965704	0.968497708006	-0.839447570255
0.000000000000	0.000000000000	0.000000000000	1.000000000000
7	42	55
0.393383928313	0.748040695531	-0.534494343070	0.082821576958
-0.386493346349	0.662055532121	0.642110088393	-0.735818680477
0.834189413846	-0.046017281723	0.549554757609	0.625174456228
0.000000000000	0.000000000000	0.000000000000	1.000000000000
7	43	55
0.189170984762	0.689396045367	-0.699247760923	0.117259396138
-0.449717395345	0.693858565326	0.562418488003	-0.790507615710
0.872908129673	0.208070622519	0.441291301972	0.606226042164
0.000000000000	0.000000000000	0.000000000000	1.000000000000
8	10	55
0.692903537262	0.430195540372	-0.578633290690	-0.362888423500
-0.551731413461	0.832994487142	-0.041383955724	-0.027952692978
0.464195148026	0.347925252654	0.814537220214	-0.044910273317
0.000000000000	0.000000000000	0.000000000000	1.000000000000
8	18	55
0.963308206590	-0.010507456225	-0.268191894881	0.397194791455
0.167241698107	-0.758034290272	0.630407986296	-2.035739409518
-0.209922637012	-0.652130054618	-0.728463367874	4.130844720663
0.000000000000	0.000000000000	0.000000000000	1.000000000000
8	20	55
-0.309662159621	0.707634286837	0.635108701713	-2.454602996232
0.533668904766	0.682159781608	-0.499855511565	0.414327202938
-0.786960511706	0.184151428041	-0.588881486010	3.831305093526
0.000000000000	0.000000000000	0.000000000000	1.000000000000
8	36	55
0.999682284582	0.024572106619	-0.005616179313	-1.418768427442
-0.024973994577	0.935445314186	-0.352588093621	0.749407697025
-0.003410203608	0.352616329379	0.935761772444	-0.435478027191
0.000000000000	0.000000000000	0.000000000000	1.000000000000
8	43	55
0.337921917950	0.700306563408	-0.628792091726	0.296909060919
-0.587808120963	0.678808270631	0.440114694885	-0.580445977037
0.735044481851	0.220884696100	0.641030077867	0.456718760127
0.000000000000	0.000000000000	0.000000000000	1.000000000000
8	44	55
0.521206318467	0.383485440023	-0.762419104483	0.300449186132
-0.422262388305	0.892222132933	0.160106654848	-0.526330230427
0.741645770576	0.238492311813	0.626963290946	0.440095747667
0.000000000000	0.000000000000	0.000000000000	1.000000000000
9	18	55
0.155933702503	-0.384862729352	0.909706194317	-3.221082664460
0.487259038455	0.831090167351	0.268081635283	-0.500955175922
-0.859222503120	0.401459603557	0.317122810350	0.497049189657
0.000000000000	0.000000000000	0.000000000000	1.000000000000
9	19	55
0.796666669596	-0.141229787835	0.587687301703	-3.071771025627
0.318850987143	0.924218252619	-0.210130125216	-0.392384709677
-0.513474698065	0.354788343317	0.781325134559	0.621161717317
0.000000000000	0.000000000000	0.000000000000	1.000000000000
9	20	55
0.343939122979	-0.191760255150	0.919202852601	-3.037456328199
0.560379058941	0.827406372247	-0.037067579715	-0.296837061020
-0.753446209085	0.527851020375	0.392035853340	0.538578614133
0.000000000000	0.000000000000	0.000000000000	1.000000000000
9	37	55
0.636226132466	-0.376591827829	0.673346050392	-0.786664774483
0.479909814383	0.876546311517	0.036784967372	0.040324803086
-0.604071914945	0.299741820535	0.738411783896	0.241441929572
0.000000000000	0.000000000000	0.000000000000	1.000000000000
9	38	55
0.626583693399	-0.420700952279	0.656051510110	-0.122577252473
0.502757596362	0.861405982854	0.072211716522	0.055613441455
-0.595506233776	0.284588196267	0.751253541808	0.365470065337
0.000000000000	0.000000000000	0.000000000000	1.000000000000
9	39	55
0.972681653719	-0.158525234331	0.169588179421	0.402216577472
0.176141253036	0.979832501807	-0.094353205467	0.104201549021
-0.151210646112	0.121647106350	0.980987931638	0.396236579717
0.000000000000	0.000000000000	0.000000000000	1.000000000000
9	40	55
0.982865021461	-0.154530057426	0.100482888795	0.685377771568
0.124752722886	0.958982738215	0.254536570924	-0.053431938950
-0.135694906762	-0.237639578263	0.961828635008	0.185353612764
0.000000000000	0.000000000000	0.000000000000	1.000000000000
9	41	55
0.985916541319	-0.164578111044	0.029708903034	0.713993568005
0.137465343102	0.898681073395	0.416504030915	-0.291577786724
-0.095246275518	-0.406554269056	0.908648322131	0.243199747203
0.000000000000	0.000000000000	0.000000000000	1.000000000000
9	42	55
0.833854542637	0.429501388968	-0.346720577120	0.554209206467
-0.243907780396	0.850184956716	0.466577468420	-0.315543657853
0.495172289599	-0.304489895151	0.813689318699	0.340683695681
0.000000000000	0.000000000000	0.000000000000	1.000000000000
10	11	55
0.696088914501	0.401779788668	-0.595006911327	-0.406572615955
-0.387486201337	0.907925934113	0.159765271379	-0.074195016869
0.604412662741	0.119346133510	0.787681302009	0.244036104274
0.000000000000	0.000000000000	0.000000000000	1.000000000000
10	34	55
0.972940711155	0.046816227713	-0.226262266849	-1.502817705889
-0.029139781701	0.996300783422	0.080843194365	0.627323526946
0.229210047117	-0.072062401954	0.970705807403	-0.786396351472
0.000000000000	0.000000000000	0.000000000000	1.000000000000
10	46	55
0.467344327258	0.282264442327	-0.837804311506	0.409672879184
-0.328093582859	0.935361020442	0.132114958745	0.030720293699
0.820940850894	0.213135041781	0.529744819038	0.437147391598
0.000000000000	0.000000000000	0.000000000000	1.000000000000
10	53	55
0.369346334957	0.233159236834	-0.899566592940	0.290202212846
-0.367123175822	0.925881116217	0.089245349503	0.208222807686
0.853700098763	0.297289301712	0.427568956379	0.250835277712
0.000000000000	0.000000000000	0.000000000000	1.000000000000
11	18	55
-0.799031716673	-0.305800960544	0.517720086805	-0.512018112949
0.207891872837	0.667418155995	0.715076201713	-1.155875110323
-0.564206775003	0.678998363458	-0.469714740520	2.165553396655
0.000000000000	0.000000000000	0.000000000000	1.000000000000
11	19	55
-0.188722638877	-0.401247604173	0.896316978374	-0.284962366922
0.435488583708	0.783870086287	0.442602961224	-1.269239156259
-0.880189444969	0.473865010282	0.026804719637	2.101431159606
0.000000000000	0.000000000000	0.000000000000	1.000000000000
11	20	55
-0.729263133046	-0.216350288632	0.649128519932	-0.296046484364
0.254239102387	0.795094382171	0.550624556534	-1.161312182494
-0.635246221239	0.566584041471	-0.524828317026	2.128499919141
0.000000000000	0.000000000000	0.000000000000	1.000000000000
11	21	55
-0.956321927187	-0.220492724860	0.191914902666	-0.480036517049
0.037411219217	0.558814195479	0.828448607705	-1.085451017776
-0.289911662853	0.799443339590	-0.526157366695	2.057149515533
0.000000000000	0.000000000000	0.000000000000	1.000000000000
11	33	55
0.973914300872	-0.102697011187	-0.202346876553	-1.724366018366
0.108616468218	0.993914533721	0.018340187813	0.319783648871
0.199232018986	-0.039839974278	0.979142164887	-0.282776451427
0.000000000000	0.000000000000	0.000000000000	1.000000000000
11	43	55
0.932858908682	-0.344333889582	0.105869868135	0.975860145632
0.286078398303	0.886705022455	0.363198779151	0.421145196416
-0.218936992118	-0.308526134449	0.925677167183	-0.963241847277
0.000000000000	0.000000000000	0.000000000000	1.000000000000
11	44	55
0.801966879790	-0.511898887362	0.307910137600	0.846840943199
0.509711962436	0.855177189253	0.094157794854	0.503697290891
-0.311516996438	0.081434047543	0.946744768579	-0.959761712350
0.000000000000	0.000000000000	0.000000000000	1.000000000000
11	45	55
0.938552260058	-0.287926448656	0.190310313184	0.868782804627
0.313224321156	0.942154635156	-0.119311223658	0.725483015810
-0.144948886772	0.171589637270	0.974446928573	-0.747539761492
0.000000000000	0.000000000000	0.000000000000	1.000000000000
11	52	55
0.554244619941	0.101551823347	-0.826135659829	0.056856993726
-0.247282838415	0.967806037668	-0.046932624881	0.130638182374
0.794772985884	0.230301325719	0.561513312648	-0.332089279715
0.000000000000	0.000000000000	0.000000000000	1.000000000000
12	22	55
0.737825201082	0.658807407657	0.146924376003	0.578791155808
0.092511694849	0.116915575324	-0.988823712581	2.599211163299
-0.668622134665	0.743171277609	0.025315868012	1.952019272925
0.000000000000	0.000000000000	0.000000000000	1.000000000000
12	25	55
0.959964477337	-0.262271885648	0.098395427990	0.548058265787
0.225617466525	0.932102255351	0.283341038976	0.453856275688
-0.166026988919	-0.249797605208	0.953958172764	-0.429687474267
0.000000000000	0.000000000000	0.000000000000	1.000000000000
12	30	55
-0.519089366071	0.590677163590	-0.617775621439	1.015262798251
-0.337739320523	0.522209076121	0.783089925991	-0.778057883287
0.785161372843	0.615140771881	-0.071578274401	1.827145588672
0.000000000000	0.000000000000	0.000000000000	1.000000000000
12	34	55
0.298622875833	-0.590751419835	0.749557961729	-1.341447258798
0.531319553313	0.755334294428	0.383626948907	-0.188874549945
-0.792794998910	0.283695018679	0.539437879723	0.095443895404
0.000000000000	0.000000000000	0.000000000000	1.000000000000
12	46	55
0.854666444108	-0.313334543620	-0.413964651983	-0.249427194580
0.074663307945	0.863237719932	-0.499245460003	1.273096405795
0.513780750674	0.395780371748	0.761174906034	-0.333724794839
0.000000000000	0.000000000000	0.000000000000	1.000000000000
13	15	55
0.465100698885	0.352776935303	-0.811929660632	0.466210350166
-0.485294701525	0.868677550487	0.099440263237	-0.320593079478
0.740385300076	0.347775426387	0.575223313360	0.562854604292
0.000000000000	0.000000000000	0.000000000000	1.000000000000
13	16	55
0.372129938391	0.402833947890	-0.836208179451	0.677129209821
-0.543343622966	0.824961295571	0.155616734935	-0.012253805777
0.752527086779	0.396438735792	0.525870052796	0.203881812973
0.000000000000	0.000000000000	0.000000000000	1.000000000000
13	23	55
0.437005198299	0.382750371006	-0.813958604693	0.075929575455
-0.485506942205	0.862165210439	0.144755514508	-0.117270243645
0.757172018587	0.331923640923	0.562598641009	0.405304781744
0.000000000000	0.000000000000	0.000000000000	1.000000000000
13	27	55
0.994456526655	-0.102258788796	0.024481762736	1.180668677009
-0.018156563959	0.062333978377	0.997890181495	-2.594689231531
-0.103569086980	-0.992802908564	0.060131763390	1.615000857088
0.000000000000	0.000000000000	0.000000000000	1.000000000000
13	30	55
-0.007896065805	-0.656444620392	0.754332892365	-0.281829646123
0.633649070642	0.580288845855	0.511618716087	-1.148689449749
-0.773580317368	0.482022111250	0.411373524727	2.201955195322
0.000000000000	0.000000000000	0.000000000000	1.000000000000
13	31	55
-0.134101586083	-0.774651585537	0.618006218120	-0.283602027283
0.535562178509	0.468063555336	0.702915116580	-0.733588544963
-0.833780497230	0.425242788523	0.352106025578	1.545251066404
0.000000000000	0.000000000000	0.000000000000	1.000000000000
13	33	55
0.117927280736	-0.582564365432	0.804184006672	-1.389880044141
0.603129355486	0.685369336831	0.408048836150	-0.379210014322
-0.788877770640	0.436906891981	0.432185412445	0.847473960387
0.000000000000	0.000000000000	0.000000000000	1.000000000000
13	47	55
0.558938002983	-0.369542616306	0.742311635067	-1.627728013485
0.482034916436	0.873209234580	0.071749369204	0.578594215203
-0.674707824290	0.317716677841	0.666202269933	-0.726750831806
0.000000000000	0.000000000000	0.000000000000	1.000000000000
13	51	55
0.999616080853	-0.002799643635	-0.027565429344	-1.902146589678
-0.008544453018	0.915245289550	-0.402806470006	0.499427183195
0.026356843932	0.402887356405	0.914869987936	-0.497371547241
0.000000000000	0.000000000000	0.000000000000	1.000000000000
14	22	55
0.684927576417	0.397213992655	-0.610815241380	0.242063745376
-0.301295045461	0.917701655160	0.258930430225	0.573282357012
0.663396948022	0.006687013885	0.748237778518	-0.503681912601
0.000000000000	0.000000000000	0.000000000000	1.000000000000
14	27	55
0.693732972954	-0.456760707843	0.556870018951	0.331792380005
0.430016062411	0.882924022096	0.188497632010	-0.415896982352
-0.577772228741	0.108696030175	0.808927947793	1.095414287316
0.000000000000	0.000000000000	0.000000000000	1.000000000000
14	28	55
0.838126919064	-0.356316008540	0.413015943516	0.815001390788
0.285783041451	0.931766894259	0.223916296822	-0.515739245287
-0.464619544100	-0.069637323478	0.882767989009	1.606883813842
0.000000000000	0.000000000000	0.000000000000	1.000000000000
14	48	55
0.355667258535	-0.391967935254	0.848446780263	-2.086721759837
0.490053187277	0.851217932974	0.187818806896	0.157905957790
-0.795832064475	0.348983048753	0.494835484618	0.164153008192
0.000000000000	0.000000000000	0.000000000000	1.000000000000
14	50	55
0.915390104398	-0.106847090118	0.388129689799	-2.256210122064
0.213477983907	0.946246600284	-0.242990785501	-0.182664539767
-0.341303541085	0.305288504180	0.888994275605	0.565887508375
0.000000000000	0.000000000000	0.000000000000	1.000000000000
14	52	55
0.254845634837	-0.198074006248	0.946477886933	-2.492460475444
0.366084809244	0.925703685858	0.095155653696	-0.004633650585
-0.895005930061	0.322241173717	0.308423428287	0.324622924447
0.000000000000	0.000000000000	0.000000000000	1.000000000000
15	17	55
0.848877521880	0.225632995959	-0.478013288500	-0.229406627354
-0.208271476065	0.973934288668	0.089860968246	0.258200232831
0.485829131594	0.023275577137	0.873743842555	-0.646811684144
0.000000000000	0.000000000000	0.000000000000	1.000000000000
15	26	55
0.543339842187	-0.477092100361	0.690771267255	0.158135440765
0.433831515079	0.864007575848	0.255501713109	-0.213836562901
-0.718729457039	0.160854084967	0.676427328642	0.660026125447
0.000000000000	0.000000000000	0.000000000000	1.000000000000
15	48	55
-0.082418200345	-0.359935035932	0.929329871553	-2.173920219027
0.491155359860	0.796723271426	0.352134123948	-0.324558443473
-0.867164144054	0.485467608267	0.111119523896	1.120359611883
0.000000000000	0.000000000000	0.000000000000	1.000000000000
15	50	55
0.663893069713	-0.113178430560	0.739213524527	-2.167675125808
0.346814924773	0.922350943888	-0.170259050463	-0.550764809433
-0.662544639962	0.369404086558	0.651594368371	1.446154494492
0.000000000000	0.000000000000	0.000000000000	1.000000000000
15	52	55
-0.062869463503	-0.237823671805	0.969271546930	-2.358185611010
0.369908287029	0.896467813596	0.243953516828	-0.440219599586
-0.926938665579	0.373878804314	0.031612496564	1.028163999721
0.000000000000	0.000000000000	0.000000000000	1.000000000000
16	21	55
0.765203753635	0.275004274452	-0.582096095551	-0.404432802610
-0.266801171554	0.958335918215	0.102026480468	0.203114377227
0.585901314455	0.077232874426	0.806693704467	-0.459682945559
0.000000000000	0.000000000000	0.000000000000	1.000000000000
16	25	55
0.730841476098	-0.549357059024	0.405064881859	0.240858032773
0.366857018785	0.816612240239	0.445601141000	-0.346736897655
-0.575575072934	-0.177062900666	0.798349587978	0.879820349076
0.000000000000	0.000000000000	0.000000000000	1.000000000000
16	47	55
-0.529147537236	-0.384591132728	0.756367995399	-1.957208980490
0.432355824282	0.644789944229	0.630328778520	-0.656626632541
-0.730117336492	0.660557028914	-0.174908794821	1.400549780325
0.000000000000	0.000000000000	0.000000000000	1.000000000000
16	50	55
0.553520469189	-0.112003611899	0.825269823215	-1.689117702590
0.399119384880	0.905390257243	-0.144817812102	-0.880969525381
-0.730971139513	0.409540807503	0.545854852674	2.011775177014
0.000000000000	0.000000000000	0.000000000000	1.000000000000
16	52	55
-0.265103690126	-0.182714873797	0.946749865791	-2.045095840043
0.413296725712	0.865576309585	0.282778126456	-0.681677721507
-0.871152024619	0.466254144410	-0.153952014677	1.831254508806
0.000000000000	0.000000000000	0.000000000000	1.000000000000
17	18	55
0.762369816379	0.216209912243	-0.609955356500	-0.118867938594
-0.256689936379	0.966250745480	0.021674257109	0.053691998946
0.594056007155	0.140045602242	0.792139312025	-0.151122791460
0.000000000000	0.000000000000	0.000000000000	1.000000000000
17	23	55
0.906003345854	-0.156830768438	0.393143799865	0.429470963163
0.178102107146	0.983847975797	-0.017966634369	-0.229609328991
-0.383976010620	0.086297570020	0.919301448208	0.715684605690
0.000000000000	0.000000000000	0.000000000000	1.000000000000
17	34	55
-0.879459513546	0.277975610474	-0.386368378642	0.764662976416
-0.137998334558	0.627965119793	0.765908785681	-0.885037180812
0.455529827445	0.726903960854	-0.513909727484	2.196916287869
0.000000000000	0.000000000000	0.000000000000	1.000000000000
17	47	55
-0.766449922497	-0.239647104752	0.595922630455	-0.935190710043
0.323724496131	0.657203380336	0.680651281847	-0.933342796824
-0.554758476194	0.714599875496	-0.426133841688	2.199832169138
0.000000000000	0.000000000000	0.000000000000	1.000000000000
17	53	55
-0.960312164912	-0.007145827279	0.278835942940	-1.111297468815
0.164166269326	0.793706429856	0.585729920031	-0.993678601225
-0.225499405627	0.608259024065	-0.761032836154	2.721420677251
0.000000000000	0.000000000000	0.000000000000	1.000000000000
18	21	55
0.933650369250	-0.149240624054	0.325613611710	0.002597350668
0.112638814316	0.985277227036	0.128612920790	-0.037597401362
-0.340013948991	-0.083402769838	0.936714733777	0.098884096882
0.000000000000	0.000000000000	0.000000000000	1.000000000000
18	34	55
-0.376201070651	0.452608903342	-0.808466409356	2.383909229844
-0.291359910427	0.770512791809	0.566938656517	-0.340318957962
0.879535193745	0.448837630189	-0.157995647693	1.396354647215
0.000000000000	0.000000000000	0.000000000000	1.000000000000
18	35	55
-0.163798296926	0.275217050771	-0.947325547470	1.940332837904
-0.317520519594	0.894484505324	0.314766880995	-0.283122539359
0.933997236378	0.352353579093	-0.059127977637	1.103131130638
0.000000000000	0.000000000000	0.000000000000	1.000000000000
18	43	55
-0.550148631668	0.651337210385	-0.522586185659	0.926737581563
-0.232875535334	0.481310250598	0.845049955750	-1.522362357255
0.801938568793	0.586600614590	-0.113111674223	3.326348918352
0.000000000000	0.000000000000	0.000000000000	1.000000000000
18	44	55
-0.462649760140	0.534171805477	-0.707541999938	0.777877662239
-0.130873320553	0.748197025581	0.650440915748	-1.528929186289
0.876828018148	0.393524704619	-0.276244336494	3.439795503028
0.000000000000	0.000000000000	0.000000000000	1.000000000000
18	46	55
-0.944631855485	0.148833869517	-0.292436551900	0.779686984207
-0.070525673991	0.778297268972	0.623922663812	-0.943592000875
0.320463394026	0.610001508518	-0.724707784348	2.904544129547
0.000000000000	0.000000000000	0.000000000000	1.000000000000
18	53	55
-0.974643280047	0.070837324453	-0.212255860044	0.980152866874
-0.069204623828	0.806638293229	0.586979883759	-0.868852337518
0.212793789147	0.586785086178	-0.781282321532	2.813490632907
0.000000000000	0.000000000000	0.000000000000	1.000000000000
18	54	55
-0.893714027021	0.186142158707	-0.408198891055	0.763032129057
-0.120581667882	0.776721420494	0.618194060402	-0.917550009570
0.432128799407	0.601710006313	-0.671721496623	3.074695799651
0.000000000000	0.000000000000	0.000000000000	1.000000000000
19	35	55
0.433042230458	0.245354885449	-0.867338115631	2.470883509972
-0.185487142125	0.965902785238	0.180627599153	0.223462213148
0.882082165530	0.082660689905	0.463786873033	-0.325764484840
0.000000000000	0.000000000000	0.000000000000	1.000000000000
19	44	55
0.194813012852	0.477498524683	-0.856763123009	3.138454740064
-0.129509123891	0.878373696643	0.460094594485	-0.735240755931
0.972252681587	0.021326227295	0.232959041844	2.071165372498
0.000000000000	0.000000000000	0.000000000000	1.000000000000
19	45	55
0.034935402455	0.360210296749	-0.932216745060	3.102751037391
-0.230650976222	0.910509930060	0.343178953944	-0.388141966792
0.972409196184	0.203027607429	0.114891887436	1.901031071197
0.000000000000	0.000000000000	0.000000000000	1.000000000000
19	54	55
-0.530994926938	0.335331275167	-0.778201338640	2.640134038229
-0.219598150937	0.832537249443	0.508584683603	-0.319931008543
0.818425952467	0.440947461934	-0.368434927963	2.046045819747
0.000000000000	0.000000000000	0.000000000000	1.000000000000
20	21	55
0.873473610404	-0.224024749434	0.432269318330	0.128121813241
0.080045779028	0.941847176864	0.326368761822	0.055120435034
-0.480246317204	-0.250473166376	0.840610889614	-0.025278272455
0.000000000000	0.000000000000	0.000000000000	1.000000000000
20	34	55
-0.312124408348	0.471108477816	-0.825006155034	2.656201544297
-0.082345022655	0.851706435880	0.517508883328	-0.003375572154
0.946465874164	0.229462304551	-0.227044929106	1.156610749818
0.000000000000	0.000000000000	0.000000000000	1.000000000000
20	35	55
-0.082896087341	0.259490628508	-0.962181299143	2.235613073701
-0.110400227024	0.957170263762	0.267650660456	0.036881780665
0.990424165990	0.128412226390	-0.050697845487	0.885451814460
0.000000000000	0.000000000000	0.000000000000	1.000000000000
20	37	55
-0.523296487625	-0.556934879914	0.644968468667	-1.098776402238
0.717857449261	-0.695943812797	-0.018517342434	0.874982736406
0.459174769103	0.453305359514	0.763984805120	1.613763338497
0.000000000000	0.000000000000	0.000000000000	1.000000000000
20	43	55
-0.454080506252	0.669354323143	-0.588026941501	1.469147274187
-0.135967859496	0.600200928560	0.788207832072	-0.793908087095
0.880524636240	0.437862575981	-0.181528866931	3.254960767522
0.000000000000	0.000000000000	0.000000000000	1.000000000000
20	44	55
-0.230930939258	0.531652277723	-0.814872233473	1.539583167461
0.024356669517	0.840406394899	0.541409128168	-0.676725328095
0.972665232207	0.105180544802	-0.207025116959	3.150608968043
0.000000000000	0.000000000000	0.000000000000	1.000000000000
20	45	55
-0.485523117582	0.331547505372	-0.808915047440	1.521648324075
-0.089984876963	0.901427318100	0.423475515350	-0.435049847718
0.869580372485	0.278397273450	-0.407829540279	3.200872800762
0.000000000000	0.000000000000	0.000000000000	1.000000000000
20	46	55
-0.880585803666	0.201253842863	-0.429028592421	1.305519680493
-0.015559417536	0.892572890728	0.450634596168	-0.264792575608
0.473631235148	0.403497863031	-0.782855623740	2.761174239240
0.000000000000	0.000000000000	0.000000000000	1.000000000000
20	53	55
-0.931039656610	0.111107321537	-0.347592176151	1.493731761893
-0.046361438147	0.908788336400	0.414673819618	-0.201820987084
0.361961012919	0.402192643797	-0.840966885438	2.589636162857
0.000000000000	0.000000000000	0.000000000000	1.000000000000
20	54	55
-0.762609035671	0.258484755785	-0.592969720762	1.405265701054
-0.040574860521	0.895769734229	0.442662697698	-0.164806711501
0.645585888482	0.361638236732	-0.672634110291	2.830682095787
0.000000000000	0.000000000000	0.000000000000	1.000000000000
21	34	55
-0.657405251023	0.388732922542	-0.645526955951	1.764591276213
-0.292847746023	0.657522708882	0.694193117910	-0.768448851998
0.694304352267	0.645407314985	-0.318419321315	1.832514373805
0.000000000000	0.000000000000	0.000000000000	1.000000000000
21	35	55
-0.550743537596	0.247608060782	-0.797102128985	1.378472879658
-0.339147475636	0.806213722763	0.484766359186	-0.707406013344
0.762666732961	0.537317114435	-0.360041348972	1.611582839152
0.000000000000	0.000000000000	0.000000000000	1.000000000000
21	36	55
0.231679242740	0.299350736185	-0.925588388664	0.636888906978
-0.398611396872	0.897143061081	0.190376685123	-0.541298509294
0.887374601151	0.324843754289	0.327174040126	1.446381854253
0.000000000000	0.000000000000	0.000000000000	1.000000000000
21	43	55
0.069604512898	-0.025989421367	0.997236061202	-0.551468796281
-0.488311618197	0.870820332720	0.056777739085	-0.203293643328
-0.869889059202	-0.490913941642	0.047922088677	2.059680568516
0.000000000000	0.000000000000	0.000000000000	1.000000000000
21	45	55
-0.850501640515	0.229054334778	-0.473477635376	-0.380868647547
-0.168031995914	0.734695731507	0.657257506959	-1.517859780344
0.498409678709	0.638557980002	-0.586371467881	3.182954915049
0.000000000000	0.000000000000	0.000000000000	1.000000000000
21	46	55
-0.997030985728	0.076402485747	0.009585075416	-0.281913303949
0.057395928762	0.654413241195	0.753955580329	-1.273350594343
0.051331480210	0.752267219756	-0.656855470571	2.631244217997
0.000000000000	0.000000000000	0.000000000000	1.000000000000
21	47	55
-0.936035038431	-0.065198594593	0.345814328929	0.108117957237
0.208683550228	0.688416118653	0.694646977567	-0.982115419706
-0.283354164772	0.722379672223	-0.630775733890	2.491930283153
0.000000000000	0.000000000000	0.000000000000	1.000000000000
21	53	55
-0.992769746662	-0.003303709830	0.119988814540	-0.071290160474
0.076835287126	0.750500824656	0.656387729047	-1.162596670857
-0.092220218854	0.660861254495	-0.744820672070	2.733721600101
0.000000000000	0.000000000000	0.000000000000	1.000000000000
21	54	55
-0.983820772067	0.156951867173	-0.086387498174	-0.387013078521
0.035599701111	0.643842287569	0.764329621315	-1.237963006829
0.175582885643	0.748887989041	-0.639012856005	2.768646523457
0.000000000000	0.000000000000	0.000000000000	1.000000000000
22	24	55
0.759741704276	-0.404111148988	0.509398392271	0.704947098103
0.466167638110	0.884672126353	0.006554542873	-0.869662145076
-0.453299322703	0.232485285809	0.860505848858	0.814102564077
0.000000000000	0.000000000000	0.000000000000	1.000000000000
22	33	55
0.926507888005	-0.214437243149	0.309192176835	-0.361227340872
0.222839821485	0.974819505863	0.008327361527	-0.073746275394
-0.303192261488	0.061184963349	0.950963118546	0.293690903271
0.000000000000	0.000000000000	0.000000000000	1.000000000000
22	47	55
-0.753326511455	-0.220109183954	0.619718576676	-1.214806972522
0.444530354158	0.524027016901	0.726490502202	-1.265981340440
-0.484656508644	0.822768273997	-0.296918231054	1.857396926739
0.000000000000	0.000000000000	0.000000000000	1.000000000000
22	48	55
0.528170285208	0.848933364628	0.018662589473	-1.021493599980
-0.832761037735	0.513562542257	0.206791124621	-0.211331466421
0.165967478305	-0.124762404646	0.978207104110	-0.225685030916
0.000000000000	0.000000000000	0.000000000000	1.000000000000
22	49	55
0.948081209763	0.147073546003	0.281977644079	-2.447219972393
-0.064629001164	0.957241714745	-0.281977644079	0.018339368591
-0.311392215546	0.249113772437	0.917048099327	0.483793730888
0.000000000000	0.000000000000	0.000000000000	1.000000000000
22	51	55
0.964920196377	-0.260556413246	0.032239263965	-1.693596529194
0.179925557447	0.566846640986	-0.803935121375	1.303013132560
0.191195733221	0.781533902731	0.593842530036	0.428924707823
0.000000000000	0.000000000000	0.000000000000	1.000000000000
22	52	55
-0.432407770379	-0.155056741048	0.888245983482	-1.285429790475
0.553801419257	0.731732018940	0.397331398818	-1.334761163852
-0.711566938626	0.663721070566	-0.230535967567	2.030412873431
0.000000000000	0.000000000000	0.000000000000	1.000000000000
23	25	55
0.771721548580	-0.475491344642	0.422319585892	0.218477276495
0.306788966374	0.860032578132	0.407706382906	-0.125064764027
-0.557069458477	-0.185072811947	0.809581171168	0.309131347512
0.000000000000	0.000000000000	0.000000000000	1.000000000000
