0	1	55
0.989020858135	0.106398889993	0.102552515238	-0.299200999896
-0.103532665818	0.994082008671	-0.032892964980	0.076906351089
-0.105445385304	0.021914293162	0.994183601994	-0.173441759270
0.000000000000	0.000000000000	0.000000000000	1.000000000000
0	2	55
0.996360684148	0.004496087951	-0.085118577744	-0.480394166399
0.015751334170	0.971697076117	0.235704662103	-0.029315387656
0.083769222008	-0.236187589552	0.968089944161	-0.413495393905
0.000000000000	0.000000000000	0.000000000000	1.000000000000
0	3	55
0.996821268867	0.076693595334	-0.021574298793	-0.517483766692
-0.078883853915	0.988059838620	-0.132344599047	0.023598573183
0.011166715060	0.133625774984	0.990968948421	-0.150981972321
0.000000000000	0.000000000000	0.000000000000	1.000000000000
0	10	55
0.899903649350	-0.067451712116	0.430840676374	-0.466537974136
-0.023394211357	0.979075867875	0.202146372265	-0.225534974932
-0.435460828044	-0.191991435948	0.879495966882	-0.379731243220
0.000000000000	0.000000000000	0.000000000000	1.000000000000
0	19	55
0.063676919460	-0.172933751728	0.982872915204	-1.802280191704
0.151577170428	0.975121220385	0.161749704665	-0.621275045379
-0.986392219826	0.138681372460	0.088305524173	2.313961605375
0.000000000000	0.000000000000	0.000000000000	1.000000000000
0	35	55
0.916940067976	-0.032619109996	0.397689458502	-2.099101007322
0.007490543323	0.997884591889	0.064577341474	0.110133688831
-0.398954638400	-0.056234641763	0.915244700375	-0.067333804944
0.000000000000	0.000000000000	0.000000000000	1.000000000000
0	36	55
0.345404975121	-0.222575731058	0.911677271355	-1.605189597409
0.159991859226	0.971211736368	0.176494668820	-0.050184617309
-0.924715095661	0.084898804965	0.371071670668	0.499651435914
0.000000000000	0.000000000000	0.000000000000	1.000000000000
0	43	55
0.997949326935	0.026324654173	0.058345123637	0.397738138860
-0.054818572852	0.822089703540	0.566712840338	-0.301687956730
-0.033046405856	-0.568749093992	0.821846946301	-0.743739209201
0.000000000000	0.000000000000	0.000000000000	1.000000000000
0	44	55
0.982924323658	-0.159976531476	0.090924602489	0.509263971047
0.124313072032	0.941625378107	0.312870432331	-0.344686598719
-0.135668839763	-0.296224841433	0.945433661996	-0.709052769066
0.000000000000	0.000000000000	0.000000000000	1.000000000000
0	45	55
0.997675249236	0.064087960077	-0.023169601542	0.353744468590
-0.058721497079	0.980994270787	0.184937898938	-0.146557182817
0.034581539053	-0.183147410726	0.982477044567	-0.639743401638
0.000000000000	0.000000000000	0.000000000000	1.000000000000
0	54	55
0.877702540908	0.235330321071	-0.417442079416	0.199624034511
-0.130675418855	0.955635461882	0.263978784943	-0.079471697707
0.461044666589	-0.177145431715	0.869515561352	-0.239300491625
0.000000000000	0.000000000000	0.000000000000	1.000000000000
1	2	55
0.976071764535	-0.062980618036	-0.208128211035	-0.129983973638
0.116084169633	0.960258120912	0.253828301776	-0.149762192208
0.183870541516	-0.271915028959	0.944591891236	-0.251402615850
0.000000000000	0.000000000000	0.000000000000	1.000000000000
1	3	55
0.990623187921	-0.023238768913	-0.134631568263	-0.178405812545
0.010676637655	0.995581875960	-0.093288464820	-0.126783861480
0.136204658371	0.090976303945	0.986494603715	0.006133938008
0.000000000000	0.000000000000	0.000000000000	1.000000000000
1	10	55
0.936435902817	-0.153050598513	0.315694970202	-0.098572785506
0.058704857902	0.955498328990	0.289096321244	-0.383400994356
-0.345892381493	-0.252187346219	0.903747753985	-0.215194870363
0.000000000000	0.000000000000	0.000000000000	1.000000000000
1	11	55
0.918806992985	0.260577604676	-0.296467572567	-0.467710424305
-0.144104360974	0.920716475184	0.362650114398	-0.443268429887
0.367461076566	-0.290483191021	0.883511105161	0.176884354935
0.000000000000	0.000000000000	0.000000000000	1.000000000000
1	35	55
0.956383951749	-0.110599828993	0.270365335543	-1.730540415953
0.073497000246	0.986884822141	0.143723828168	-0.196702623950
-0.282715276898	-0.117584121611	0.951969561779	-0.127486856385
0.000000000000	0.000000000000	0.000000000000	1.000000000000
1	43	55
0.989248316701	0.033079616326	-0.142455280311	0.953275232175
0.065883353185	0.768835393582	0.636043647361	-0.480271835929
0.130564741328	-0.638590539046	0.758389722875	-0.388410065760
0.000000000000	0.000000000000	0.000000000000	1.000000000000
1	44	55
0.975654691441	-0.214847171914	-0.044029714850	0.919524996466
0.215698010858	0.903740122011	0.369767710839	-0.428156001197
-0.039652127068	-0.370262723735	0.928080397504	-0.426050127555
0.000000000000	0.000000000000	0.000000000000	1.000000000000
1	45	55
0.989429717487	-0.031774505775	-0.141489274985	0.715993014376
0.064092732657	0.971047388785	0.230128421441	-0.237371065237
0.130080574159	-0.236764333288	0.962819658456	-0.379242923014
0.000000000000	0.000000000000	0.000000000000	1.000000000000
1	54	55
0.852447204122	0.144483660811	-0.502452222548	0.419034412850
-0.026442493726	0.971739780758	0.234568951522	-0.105589550080
0.522144193408	-0.186671557156	0.832177367536	-0.044421995247
0.000000000000	0.000000000000	0.000000000000	1.000000000000
2	3	55
0.992392402241	0.110914167019	0.053435639129	-0.008450108626
-0.083559008559	0.925549853262	-0.369290348122	0.001199036719
-0.090416879305	0.362015906670	0.927776520103	0.274684712809
0.000000000000	0.000000000000	0.000000000000	1.000000000000
2	10	55
0.851400428393	-0.088079942884	0.517067920290	-0.005562061855
0.092480204486	0.995564012356	0.017312107900	-0.250595509445
-0.516299062860	0.033079010919	0.855769277742	-0.009443765184
0.000000000000	0.000000000000	0.000000000000	1.000000000000
2	11	55
0.932616911572	0.339829220401	-0.121415802971	-0.191145689242
-0.326651367279	0.937973067749	0.116212772241	-0.339951229931
0.153377248977	-0.068721358683	0.985775225068	0.413706727778
0.000000000000	0.000000000000	0.000000000000	1.000000000000
2	34	55
0.956050450768	-0.046344960078	0.289516286694	-1.689036006658
0.023518418212	0.996368562133	0.081832587633	0.248285096206
-0.292257454294	-0.071427117185	0.953668573111	0.084460530481
0.000000000000	0.000000000000	0.000000000000	1.000000000000
2	35	55
0.904002666145	-0.006424916769	0.427478537528	-1.460082072116
0.071052410116	0.988239530866	-0.135403783736	0.016703219884
-0.421581231342	0.152778761868	0.893827676514	0.408815960451
0.000000000000	0.000000000000	0.000000000000	1.000000000000
2	43	55
0.988708842418	-0.021445998625	0.148306756645	0.813314921134
-0.042819926246	0.908003858430	0.416767857437	-0.380248920153
-0.143601110162	-0.418412550265	0.896833127700	-0.415204765801
0.000000000000	0.000000000000	0.000000000000	1.000000000000
2	44	55
0.960985649500	-0.185021929894	0.205605123751	0.850874271921
0.167134423652	0.980710548996	0.101355332960	-0.278329325081
-0.220392073100	-0.063037326617	0.973372297514	-0.443419149975
0.000000000000	0.000000000000	0.000000000000	1.000000000000
2	45	55
0.996552203596	0.035168317799	0.075145824441	0.785747228468
-0.031771984329	0.998439545257	-0.045924018536	-0.060199156906
-0.076643633262	0.043378149914	0.996114496225	-0.310835042420
0.000000000000	0.000000000000	0.000000000000	1.000000000000
2	46	55
0.844607036622	0.292887435335	-0.448169503549	0.552296960175
-0.295487666910	0.953065456053	0.065979354214	-0.148644879091
0.446459396129	0.076701934142	0.891510415478	0.147497329376
0.000000000000	0.000000000000	0.000000000000	1.000000000000
2	53	55
0.792747374087	0.261444600432	-0.550634472025	0.332130535104
-0.303223671379	0.952787769717	0.015838907564	-0.030775796035
0.528778787390	0.154409153815	0.834596194111	0.081177003374
0.000000000000	0.000000000000	0.000000000000	1.000000000000
2	54	55
0.916176412391	0.222893136832	-0.333075713513	0.662068332367
-0.230898332943	0.972847879450	0.015904819816	-0.002456297664
0.327577076767	0.062335006235	0.942765933715	0.091400483096
0.000000000000	0.000000000000	0.000000000000	1.000000000000
3	10	55
0.891039425034	-0.130182879063	0.434857633064	0.035763001200
-0.035682254871	0.934940258035	0.353006360555	-0.282718176459
-0.452521292010	-0.330059285438	0.828423411290	-0.193240990611
0.000000000000	0.000000000000	0.000000000000	1.000000000000
3	35	55
0.929151128501	-0.083244000903	0.360206352970	-1.450208942385
-0.001523538378	0.973449906652	0.228895080921	-0.037116490093
-0.369696982997	-0.213226910949	0.904355253875	0.019612999401
0.000000000000	0.000000000000	0.000000000000	1.000000000000
3	45	55
0.999701501125	-0.022136011834	-0.010339517831	0.843386394927
0.024294379174	0.945482887208	0.324764365558	-0.195771107944
0.002586849331	-0.324918615927	0.945738442295	-0.485629547590
0.000000000000	0.000000000000	0.000000000000	1.000000000000
3	54	55
0.898326995028	0.146376160958	-0.414225336632	0.672287028476
-0.004555085258	0.945915027202	0.324382509564	0.007668530753
0.439303837000	-0.289514733332	0.850407759831	-0.142055105350
0.000000000000	0.000000000000	0.000000000000	1.000000000000
4	5	55
0.922995914386	-0.055949123532	0.380720681869	0.220651716809
0.049556174802	0.998417530804	0.026582319729	-0.015020546660
-0.381605460608	-0.005668311843	0.924307926329	0.093882742792
0.000000000000	0.000000000000	0.000000000000	1.000000000000
4	6	55
0.899390854822	-0.134830950280	0.415832544553	0.393785731686
0.116866837582	0.990783335071	0.068487409198	0.122765838932
-0.421234177788	-0.012999915058	0.906858737440	-0.331463192142
0.000000000000	0.000000000000	0.000000000000	1.000000000000
4	9	55
0.969295708220	0.210840393550	-0.126539157871	0.700559257272
-0.137971016504	0.892286818967	0.429870016752	-0.239426802613
0.203543186159	-0.399212426091	0.893979647544	-0.212918523281
0.000000000000	0.000000000000	0.000000000000	1.000000000000
4	10	55
0.806336348488	0.328810098843	-0.491635649649	0.544882648732
-0.132077803966	0.910339652607	0.392220818661	-0.376923114079
0.576521592663	-0.251327745763	0.777468467144	-0.237289114006
0.000000000000	0.000000000000	0.000000000000	1.000000000000
4	18	55
0.445898659192	-0.266478664050	0.854496054606	-2.374762435533
0.037361100278	0.959364229969	0.279686292910	-0.126206745806
-0.894303379126	-0.092786830220	0.437735159910	-0.374694470462
0.000000000000	0.000000000000	0.000000000000	1.000000000000
4	19	55
0.897059763788	-0.060443029939	0.437756119687	-2.443161521120
-0.008172277119	0.988163403395	0.153187147232	-0.122016651847
-0.441833672414	-0.140995490432	0.885947672044	-0.064087983832
0.000000000000	0.000000000000	0.000000000000	1.000000000000
4	20	55
0.574933894795	-0.056626157891	0.816238013607	-2.324793320930
0.039770596529	0.998357127897	0.041247361473	-0.046483365476
-0.817232718549	0.008747766529	0.576241408017	-0.251638983045
0.000000000000	0.000000000000	0.000000000000	1.000000000000
4	36	55
0.986593328569	0.025405686224	0.161208421401	-0.705621733304
-0.061089949834	0.973482571807	0.220453397384	0.120278189817
-0.151332818821	-0.227346065496	0.961983442920	-0.813427175520
0.000000000000	0.000000000000	0.000000000000	1.000000000000
4	37	55
0.772792261852	-0.222548591176	0.594360365929	-0.160152703707
0.076183156820	0.962260449517	0.261248835237	-0.012868531885
-0.630070033122	-0.156610829323	0.760581883494	-0.162384021099
0.000000000000	0.000000000000	0.000000000000	1.000000000000
5	6	55
0.998126561047	-0.056788139230	0.022770054342	0.364593652163
0.054702131703	0.994994425836	0.083628759068	0.043685251615
-0.027405198760	-0.082226515181	0.996236796792	-0.326445938926
0.000000000000	0.000000000000	0.000000000000	1.000000000000
5	7	55
0.994686594085	0.099530622821	0.026310352865	0.739258195093
-0.102563488553	0.935942128612	0.336887314552	-0.035159650067
0.008905636573	-0.337795777077	0.941177296064	-0.274755407032
0.000000000000	0.000000000000	0.000000000000	1.000000000000
5	8	55
0.968709166517	0.162883266959	-0.187274109399	0.695851811810
-0.041923564813	0.851073046157	0.523370886483	-0.277958450822
0.244632306574	-0.499142976961	0.831270908387	-0.147108697004
0.000000000000	0.000000000000	0.000000000000	1.000000000000
5	9	55
0.806033786238	0.426650120350	-0.410218490865	0.489383341255
-0.224558675254	0.861713776763	0.454997547582	-0.291715087593
0.547615683496	-0.274625275133	0.790378403961	-0.119819183059
0.000000000000	0.000000000000	0.000000000000	1.000000000000
5	37	55
0.958170011552	-0.100367633425	0.268023445101	-0.257326237985
0.022078498293	0.959622421755	0.280423514668	-0.084653246303
-0.285346751999	-0.262775847113	0.921697393561	-0.350023197356
0.000000000000	0.000000000000	0.000000000000	1.000000000000
5	38	55
0.964364866543	-0.108999010539	0.241080110914	0.281111877705
0.023284064419	0.942623202244	0.333045568857	-0.131225123727
-0.263549343617	-0.315564120731	0.911570638616	0.116855910269
0.000000000000	0.000000000000	0.000000000000	1.000000000000
5	39	55
0.921892920290	0.225097898026	-0.315348029682	0.700209990300
-0.065992121806	0.893251383186	0.444687537824	-0.198872735749
0.381783293741	-0.389143807275	0.838336814103	0.452032230724
0.000000000000	0.000000000000	0.000000000000	1.000000000000
5	40	55
0.915881043473	0.325278269262	-0.235278477028	0.991148095160
-0.094497954178	0.744288135132	0.661139401759	-0.382078873817
0.390169259249	-0.583291710423	0.712417524833	0.442400502566
0.000000000000	0.000000000000	0.000000000000	1.000000000000
5	41	55
0.895096689131	0.383201082170	-0.227944834840	0.929494264498
-0.081961815535	0.643934350288	0.760677864351	-0.544769334100
0.438274089926	-0.662197465371	0.607791361370	0.526174062774
0.000000000000	0.000000000000	0.000000000000	1.000000000000
6	7	55
0.986230009875	0.159379555276	0.044142099883	0.314143545527
-0.165317929011	0.957376943792	0.236853055378	-0.100187969908
-0.004511094047	-0.240889071680	0.970542170735	0.029228300897
0.000000000000	0.000000000000	0.000000000000	1.000000000000
6	8	55
0.952022056605	0.239573123028	-0.190417232570	0.326815889554
-0.127742834532	0.876515257822	0.464115040730	-0.388291243477
0.278093099452	-0.417523318545	0.865065608211	0.151135831470
0.000000000000	0.000000000000	0.000000000000	1.000000000000
6	9	55
0.779267820293	0.435575478189	-0.450572599096	0.165358248795
-0.274049800772	0.883432611598	0.380057268661	-0.352532314188
0.563594154470	-0.172687068320	0.807799978634	0.180372513405
0.000000000000	0.000000000000	0.000000000000	1.000000000000
6	37	55
0.960490579174	-0.025890279768	0.277105649044	-0.649529274866
-0.005267940179	0.993794069473	0.111110738844	0.021629857797
-0.278262638751	-0.108180593887	0.954393452923	-0.079589727913
0.000000000000	0.000000000000	0.000000000000	1.000000000000
6	38	55
0.978354383805	-0.077002706845	0.192076242226	-0.013788187386
0.039330886685	0.980463342218	0.192729644629	-0.168960940118
-0.203164418739	-0.181003363794	0.962269193757	0.382945084858
0.000000000000	0.000000000000	0.000000000000	1.000000000000
6	39	55
0.913193060960	0.236873987786	-0.331615963616	0.329017432401
-0.153139618828	0.953548278603	0.259410750584	-0.214453585101
0.377659490228	-0.186108555106	0.907048463511	0.681571592661
0.000000000000	0.000000000000	0.000000000000	1.000000000000
6	40	55
0.888111673507	0.390176055294	-0.242940941911	0.624703756362
-0.193076689359	0.796361752884	0.573174799315	-0.500461616924
0.417107956538	-0.462136997458	0.782592070094	0.707242925053
0.000000000000	0.000000000000	0.000000000000	1.000000000000
6	41	55
0.863560695317	0.464854399001	-0.195379920241	0.472360177009
-0.193546981130	0.663362410617	0.722834613364	-0.725904127290
0.465620544650	-0.586396367579	0.662824870151	0.805215672996
0.000000000000	0.000000000000	0.000000000000	1.000000000000
7	8	55
0.963911958145	0.077564077393	-0.254671456672	0.026155080285
-0.028409677437	0.981122823014	0.191287470550	-0.299468417929
0.264701014681	-0.177149146370	0.947919591931	0.053959486752
0.000000000000	0.000000000000	0.000000000000	1.000000000000
7	37	55
0.946460559728	-0.217932686314	0.238154893118	-0.958499781027
0.240230814788	0.968285683288	-0.068643944853	-0.031547143339
-0.215642214110	0.122180930487	0.968798356584	-0.118367227537
0.000000000000	0.000000000000	0.000000000000	1.000000000000
7	38	55
0.944623946532	-0.238096824484	0.225821836429	-0.446406371381
0.244881765310	0.969550674645	-0.002100074908	-0.214292210415
-0.218445692693	0.057283430998	0.974166355340	0.335811278217
0.000000000000	0.000000000000	0.000000000000	1.000000000000
7	39	55
0.924940256799	0.111285885298	-0.363456975565	0.021662856647
-0.123414093496	0.992302436746	-0.010238923516	-0.280801122620
0.359519794837	0.054326105710	0.931554717319	0.620707030373
0.000000000000	0.000000000000	0.000000000000	1.000000000000
7	40	55
0.925689625543	0.211823832187	-0.313415668528	0.351124325815
-0.106680570566	0.941071445654	0.320942035326	-0.484806730783
0.362929708105	-0.263657350159	0.893737561414	0.561383037847
0.000000000000	0.000000000000	0.000000000000	1.000000000000
7	41	55
0.923446763018	0.274068541132	-0.268574962783	0.230273060122
-0.093622367216	0.839679695831	0.534951269525	-0.785659075962
0.372130257073	-0.468854394425	0.801058442687	0.614649747718
0.000000000000	0.000000000000	0.000000000000	1.000000000000
8	9	55
0.934558148987	0.240331886726	-0.262376924262	-0.157445981691
-0.270798285326	0.958755052786	-0.086354139577	-0.027345290964
0.230801548579	0.151754186039	0.961093810298	0.044385125102
0.000000000000	0.000000000000	0.000000000000	1.000000000000
8	36	55
0.999773561337	0.020740139254	-0.004761583169	-1.405991831312
-0.020919075054	0.916888537697	-0.398594783883	0.820770139671
-0.003901070295	0.398604134529	0.917114783213	-0.395972831681
0.000000000000	0.000000000000	0.000000000000	1.000000000000
8	37	55
0.842801538709	-0.209845604341	0.495631303177	-1.024409222635
0.365668261663	0.898949592485	-0.241197745810	0.224021208241
-0.394933271278	0.384518468361	0.834369977125	0.153842605611
0.000000000000	0.000000000000	0.000000000000	1.000000000000
8	38	55
0.876931549100	-0.238745258218	0.417123195077	-0.297722898877
0.323670524673	0.934940627515	-0.145338964077	-0.028251839678
-0.355286433249	0.262462806316	0.897153735794	0.363543547765
0.000000000000	0.000000000000	0.000000000000	1.000000000000
8	39	55
0.989755316620	0.087971893831	-0.112451585660	0.146114694936
-0.104526658157	0.982992010141	-0.150999621636	-0.160558659765
0.097255287548	0.161206866776	0.982116976306	0.528584909148
0.000000000000	0.000000000000	0.000000000000	1.000000000000
8	40	55
0.989730118216	0.114793455052	-0.085186593858	0.439519033466
-0.106031701077	0.989210157264	0.101096701884	-0.223081745767
0.095872683611	-0.091025971251	0.991222831201	0.358847133079
0.000000000000	0.000000000000	0.000000000000	1.000000000000
8	41	55
0.980452336529	0.169926063586	-0.099188450480	0.386597794197
-0.130602138177	0.939098996931	0.317861849655	-0.523025063596
0.147160787229	-0.298694169473	0.942934513010	0.375381012306
0.000000000000	0.000000000000	0.000000000000	1.000000000000
8	42	55
0.561662678613	0.706725956825	-0.430201647374	0.233084036943
-0.530620935845	0.706639304928	0.468083662579	-0.519242342912
0.634804267390	-0.034631123008	0.771896513416	0.434922145255
0.000000000000	0.000000000000	0.000000000000	1.000000000000
9	10	55
0.919863752505	0.160695813416	-0.357809351998	-0.188928240850
-0.215630756050	0.969187417506	-0.119076138644	0.001239257230
0.327649284865	0.186688524820	0.926171334489	-0.028377002677
0.000000000000	0.000000000000	0.000000000000	1.000000000000
9	20	55
0.374999031791	-0.163167130794	0.912552581271	-3.024932628538
0.530171995479	0.845260115203	-0.066730748962	-0.268830544172
-0.760456035130	0.508833789243	0.403478368142	0.511628686115
0.000000000000	0.000000000000	0.000000000000	1.000000000000
9	36	55
0.933141387484	-0.162925336565	0.320472285337	-1.540239240869
0.242569217497	0.943260283031	-0.226760254851	0.433945336285
-0.265343787730	0.289336090321	0.919715880667	-0.168947038675
0.000000000000	0.000000000000	0.000000000000	1.000000000000
9	43	55
0.685307504518	0.520019070045	-0.509837023999	0.570827168846
-0.381109739238	0.852652867727	0.357405167582	-0.326445327186
0.620571503462	-0.050628588227	0.782513741186	0.292666854362
0.000000000000	0.000000000000	0.000000000000	1.000000000000
9	44	55
0.808874137211	0.157725036713	-0.566432205074	0.555170725537
-0.160261502488	0.986015936907	0.045703643020	-0.273935054695
0.565719790154	0.053808781427	0.822840041606	0.261685660563
0.000000000000	0.000000000000	0.000000000000	1.000000000000
9	45	55
0.649561460636	0.210042059956	-0.730720358212	0.552477943102
-0.350320896550	0.935666882278	-0.042458860657	-0.038235314563
0.674792692830	0.283566250561	0.681355269479	0.379093345474
0.000000000000	0.000000000000	0.000000000000	1.000000000000
10	18	55
-0.173539096389	-0.356353166301	0.918094005477	-2.500821107889
0.404131070385	0.824363749231	0.396361560830	-0.607325611441
-0.898088113703	0.439814540257	0.000954046395	1.528908567113
0.000000000000	0.000000000000	0.000000000000	1.000000000000
10	19	55
0.474757005673	-0.261106047549	0.840493555893	-2.353572798565
0.373004162711	0.924665473850	0.076561452898	-0.830227163396
-0.797166030489	0.277159508952	0.536385054259	1.706000195801
0.000000000000	0.000000000000	0.000000000000	1.000000000000
10	20	55
-0.034285739617	-0.171855695228	0.984525321196	-2.333670270438
0.414502166878	0.893938041877	0.170477948539	-0.661136076065
-0.909402244176	0.413932841536	0.040585231125	1.570833970254
0.000000000000	0.000000000000	0.000000000000	1.000000000000
10	35	55
0.995589858522	-0.014303413944	-0.092715942307	-1.502123540245
0.000786319023	0.989546055948	-0.144215064609	0.400904169929
0.093809462800	0.143506151462	0.985193264889	-0.409888242189
0.000000000000	0.000000000000	0.000000000000	1.000000000000
10	36	55
0.710079460950	-0.277384808463	0.647182220994	-1.393657196882
0.329183647648	0.943280953203	0.043118087225	0.082559989153
-0.622434964681	0.182424536066	0.761114973827	0.316145233888
0.000000000000	0.000000000000	0.000000000000	1.000000000000
10	43	55
0.909855594339	0.267396225805	-0.317272841376	0.926748826560
-0.113636907829	0.896001185462	0.429265103205	-0.185747951390
0.399060710454	-0.354515350973	0.845617771393	0.078510188883
0.000000000000	0.000000000000	0.000000000000	1.000000000000
10	44	55
0.950508723008	-0.029310218275	-0.309312267118	0.937390985865
0.067656784528	0.991176126906	0.113984406647	-0.111728885733
0.303242027088	-0.129270246213	0.944104589784	0.061050744284
0.000000000000	0.000000000000	0.000000000000	1.000000000000
10	45	55
0.892485328130	0.091531019628	-0.441692213559	0.816133766124
-0.111419130117	0.993587338172	-0.019234834778	0.110108958177
0.437099206722	0.066379770043	0.896960428119	0.120876977176
0.000000000000	0.000000000000	0.000000000000	1.000000000000
10	54	55
0.587777141457	0.284378762377	-0.757394713138	0.524671485125
-0.317645465194	0.942126793485	0.107230888460	0.130725580861
0.744056039840	0.177555130895	0.644092217831	0.420918340376
0.000000000000	0.000000000000	0.000000000000	1.000000000000
11	34	55
0.858964252546	-0.368631555711	0.355374716296	-1.546948162005
0.358880999956	0.928467977311	0.095664219947	0.121710934919
-0.365218894251	0.045365088361	0.929815663473	-0.145682487132
0.000000000000	0.000000000000	0.000000000000	1.000000000000
11	35	55
0.743939339499	-0.310540842294	0.591708242644	-1.342492940201
0.420596920178	0.905669312838	-0.053491368656	-0.084585316200
-0.519280742838	0.288664997967	0.804375552255	0.216685215400
0.000000000000	0.000000000000	0.000000000000	1.000000000000
11	46	55
0.946460029386	-0.019885035556	-0.322208004457	0.645413254368
-0.031001588138	0.987889227682	-0.152032152399	0.449776852091
0.321328981432	0.153881315276	0.934381199779	-0.300145158196
0.000000000000	0.000000000000	0.000000000000	1.000000000000
11	47	55
0.815035218063	0.081923272469	-0.573590595063	0.093372260791
-0.142705541982	0.987841023369	-0.061686634193	0.364402517279
0.561562749481	0.132131336095	0.816816128892	-0.161572516234
0.000000000000	0.000000000000	0.000000000000	1.000000000000
11	53	55
0.915814700903	-0.030372537129	-0.400450924082	0.381784198283
-0.068972074948	0.970425226313	-0.231339000200	0.508836631567
0.395634031003	0.239483588424	0.886634831477	-0.324763498560
0.000000000000	0.000000000000	0.000000000000	1.000000000000
11	54	55
0.983627881112	-0.078661300246	-0.162137569187	0.626084151637
0.058500741597	0.990358212799	-0.125571786541	0.543880538642
0.170451913251	0.114030742285	0.978745694797	-0.397080503868
0.000000000000	0.000000000000	0.000000000000	1.000000000000
12	13	55
0.830020883543	0.258183130306	-0.494375165344	-0.008701512570
-0.281532466815	0.959136420753	0.028227584286	-0.259250293779
0.481461112669	0.115753175381	0.868790192956	0.705601452313
0.000000000000	0.000000000000	0.000000000000	1.000000000000
12	32	55
0.764993238952	-0.509257415007	0.394261625850	-1.476517899357
0.400161696200	0.855508521674	0.328596692371	-0.477076471729
-0.504634482821	-0.093605847059	0.858243545938	1.214117427873
0.000000000000	0.000000000000	0.000000000000	1.000000000000
12	33	55
0.611385820432	-0.463642852291	0.641282062819	-1.862600859150
0.436775180445	0.873474595637	0.215103632055	-0.278334608781
-0.659874852015	0.148584778142	0.736537672752	0.853401393559
0.000000000000	0.000000000000	0.000000000000	1.000000000000
12	47	55
0.944287542293	-0.195953225603	0.264430275963	-0.716725828820
0.223993380668	0.971291713594	-0.080120986765	0.566758657697
-0.241138970071	0.134887881142	0.961070890535	-0.708966265888
0.000000000000	0.000000000000	0.000000000000	1.000000000000
12	48	55
0.992479227562	-0.111322737260	-0.050913957084	-0.981218810773
0.104732571561	0.987520298717	-0.117621205897	0.414346740775
0.063372480709	0.111404253920	0.991752499819	-0.449075750512
0.000000000000	0.000000000000	0.000000000000	1.000000000000
12	52	55
0.997903178548	-0.062549664322	0.016636878804	-1.002035271570
0.064692208662	0.955790228805	-0.286844830281	0.545459279049
0.002040681648	0.287319644322	0.957832583286	-0.732267673982
0.000000000000	0.000000000000	0.000000000000	1.000000000000
12	53	55
0.830317824696	-0.239694721605	0.503109084022	-0.756747763237
0.305013469228	0.951019029834	-0.050295014498	0.367640956925
-0.466410863489	0.195215894149	0.862758170689	-1.099160586658
0.000000000000	0.000000000000	0.000000000000	1.000000000000
13	14	55
0.764429389372	0.229720274510	-0.602392151462	0.338265656567
-0.344426486646	0.935366398258	-0.080374724301	-0.191618218754
0.544993673322	0.268920613729	0.794143311721	0.413865944330
0.000000000000	0.000000000000	0.000000000000	1.000000000000
13	24	55
0.646051946699	0.268883189329	-0.714365951500	-0.109932078656
-0.405271028454	0.913919127776	-0.022521575916	-0.306717412126
0.646817034147	0.304061931820	0.699409798298	0.678098238850
0.000000000000	0.000000000000	0.000000000000	1.000000000000
13	25	55
0.917773173752	0.234413355685	-0.320535146617	-0.168266995384
-0.154562280191	0.954396458265	0.255417113743	-0.264023490501
0.365790791413	-0.184872331968	0.912150929282	0.687915402598
0.000000000000	0.000000000000	0.000000000000	1.000000000000
13	26	55
0.990222278692	-0.051772825632	-0.129535374734	-0.077840714559
0.039796441460	0.994833420076	-0.093395447145	-0.419271480067
0.133701466067	0.087327205534	0.987166590371	0.966881835372
0.000000000000	0.000000000000	0.000000000000	1.000000000000
13	47	55
0.547386259268	-0.390172246917	0.740360655964	-1.636382757571
0.474729985561	0.873324302536	0.109252475530	0.456477731651
-0.689202237354	0.291668099619	0.663272188239	-0.757122196277
0.000000000000	0.000000000000	0.000000000000	1.000000000000
13	48	55
0.833970123660	-0.303052723633	0.461143014195	-1.522873782820
0.373404928386	0.925226995708	-0.067258946398	0.404971336679
-0.406278958721	0.228285026036	0.884773052589	-0.541879509707
0.000000000000	0.000000000000	0.000000000000	1.000000000000
13	49	55
0.996305245150	-0.058618393075	0.062767367962	-1.803344796902
0.075216586934	0.948318052980	-0.308278016475	0.471825347139
-0.041452666231	0.311860151967	0.949223325713	-0.346700710909
0.000000000000	0.000000000000	0.000000000000	1.000000000000
13	51	55
0.994748802880	0.088836836820	0.050821605566	-2.164741582342
-0.057895587073	0.897911789981	-0.436351370355	0.657710308453
-0.084397394308	0.431117656606	0.898339938997	-0.364706093435
0.000000000000	0.000000000000	0.000000000000	1.000000000000
13	52	55
0.803325699875	-0.176697808113	0.568722871466	-1.770286973512
0.345201317866	0.916333366964	-0.202901973208	0.480582175757
-0.485287409753	0.359320254364	0.797110459560	-0.701945869361
0.000000000000	0.000000000000	0.000000000000	1.000000000000
14	15	55
0.930161650061	0.137350601330	-0.340490994111	0.213086290316
-0.133425724618	0.990439272664	0.035037453901	0.004491933721
0.342048067919	0.012839761681	0.939594731655	0.040473992590
0.000000000000	0.000000000000	0.000000000000	1.000000000000
14	16	55
0.865780137402	0.214546632679	-0.452100095206	0.199438575063
-0.197028991474	0.976606127246	0.086139704805	0.165896975581
0.460004706713	0.014498780342	0.887798093696	-0.340933555188
0.000000000000	0.000000000000	0.000000000000	1.000000000000
14	23	55
0.897011434687	0.136260250308	-0.420480237618	-0.125237489834
-0.114867299898	0.990475062051	0.075925324290	-0.011235138239
0.426820793138	-0.019806454515	0.904119303469	0.140631997709
0.000000000000	0.000000000000	0.000000000000	1.000000000000
14	24	55
0.991810828947	0.008499633858	-0.127432475482	-0.234439374583
-0.013234868954	0.999251178898	-0.036358213855	-0.108630079161
0.127028019850	0.037747022336	0.991180631610	0.503569634832
0.000000000000	0.000000000000	0.000000000000	1.000000000000
14	25	55
0.960148616920	-0.243202465637	0.137721436732	-0.173448654125
0.168994513586	0.897658306322	0.407001743815	-0.099190820300
-0.222610619255	-0.367507994197	0.902985263665	0.516067426275
0.000000000000	0.000000000000	0.000000000000	1.000000000000
14	26	55
0.813815386569	-0.352517527334	0.461991243971	0.078434594275
0.317853567712	0.935556951449	0.153955513343	-0.153894438316
-0.486491136688	0.021554199542	0.873419595845	0.715313622992
0.000000000000	0.000000000000	0.000000000000	1.000000000000
14	49	55
0.732423457382	-0.268197509074	0.625800267819	-2.185084363146
0.340987479500	0.940060179429	0.003794453224	-0.170175905246
-0.589307574956	0.210610909445	0.779974119393	0.504641452318
0.000000000000	0.000000000000	0.000000000000	1.000000000000
14	51	55
0.823142202623	-0.111085383064	0.556863494881	-2.294606945979
0.224318552483	0.964526627982	-0.139174605891	-0.072561898551
-0.521649404556	0.239475304745	0.818861085376	0.372250157088
0.000000000000	0.000000000000	0.000000000000	1.000000000000
15	16	55
0.990174129874	0.051763196197	-0.129906751356	-0.160286056111
-0.048514924748	0.998428569896	0.028048046124	0.162352257728
0.131154468490	-0.021470033399	0.991129428007	-0.347712376614
0.000000000000	0.000000000000	0.000000000000	1.000000000000
15	22	55
0.929529175953	0.169154615044	-0.327661757400	-0.403444288675
-0.098097016647	0.969992017612	0.222469011537	0.326908998380
0.355460949160	-0.174648796098	0.918229443899	-0.547192445447
0.000000000000	0.000000000000	0.000000000000	1.000000000000
15	23	55
0.995518742639	-0.024304930986	-0.091387654443	-0.279237923247
0.025818540753	0.999547760914	0.015416763782	-0.022347966948
0.090971621994	-0.017707173176	0.995696048004	0.205040163614
0.000000000000	0.000000000000	0.000000000000	1.000000000000
15	24	55
0.968362379445	-0.114580039468	0.221688332196	-0.237920013815
0.123175879612	0.992062345341	-0.025298332715	-0.183307697559
-0.217029962812	0.051804608982	0.974789350439	0.557845468894
0.000000000000	0.000000000000	0.000000000000	1.000000000000
15	49	55
0.400316496811	-0.284971255392	0.870940919914	-2.092178725743
0.408973566033	0.906074529377	0.108487646765	-0.507146713040
-0.820053245019	0.312762419122	0.479262291985	1.358235893481
0.000000000000	0.000000000000	0.000000000000	1.000000000000
15	50	55
0.678962843380	-0.106448994595	0.726414529631	-2.129046706576
0.311195774532	0.937878604215	-0.153430484809	-0.571920881486
-0.664956124284	0.330230730407	0.669911201185	1.387663224886
0.000000000000	0.000000000000	0.000000000000	1.000000000000
15	51	55
0.479986744315	-0.153134324027	0.863807041003	-2.292311646882
0.335372525097	0.941886269536	-0.019378458920	-0.532656571277
-0.810640484242	0.298998551945	0.503449968958	1.440496484744
0.000000000000	0.000000000000	0.000000000000	1.000000000000
16	17	55
0.937070069666	0.132426797111	-0.323052360992	-0.268716085003
-0.135172689717	0.990722738029	0.014028553263	0.152625323523
0.321913075985	0.030522119172	0.946277111501	-0.294691832462
0.000000000000	0.000000000000	0.000000000000	1.000000000000
16	22	55
0.969350993634	0.118707862429	-0.215097871998	-0.262602914007
-0.080328719750	0.980540021658	0.179132807462	0.160911862251
0.232176544732	-0.156364028228	0.960023094906	-0.155184057323
0.000000000000	0.000000000000	0.000000000000	1.000000000000
16	23	55
0.997685369809	-0.067958047840	0.002367826558	0.044274120502
0.067989190049	0.997532305783	-0.017514821055	-0.194441463832
-0.001171710439	0.017635267331	0.999843800021	0.567984836384
0.000000000000	0.000000000000	0.000000000000	1.000000000000
16	24	55
0.920791648917	-0.166468288300	0.352747853680	0.056444984256
0.188601797428	0.981623345481	-0.029068361036	-0.389242969461
-0.341426567935	0.093294783333	0.935266797289	0.944432161978
0.000000000000	0.000000000000	0.000000000000	1.000000000000
16	48	55
-0.174912375044	-0.356044418707	0.917953175802	-1.750417084408
0.477317931247	0.784776123531	0.395340395665	-0.630141734423
-0.861146476255	0.507305438412	0.032679329725	1.619352517193
0.000000000000	0.000000000000	0.000000000000	1.000000000000
16	49	55
0.329654348003	-0.258127284188	0.908129019468	-1.670564501839
0.447053007470	0.889900905874	0.090664139747	-0.653718776287
-0.831547725242	0.376093981449	0.408756281619	1.806018077136
0.000000000000	0.000000000000	0.000000000000	1.000000000000
16	51	55
0.357712911786	-0.099112406809	0.928557054552	-1.884583646997
0.356110951636	0.933689869832	-0.037526218820	-0.663865035232
-0.863265001530	0.344092949347	0.369287935550	2.072731988419
0.000000000000	0.000000000000	0.000000000000	1.000000000000
17	21	55
0.946147722498	0.167118283567	-0.277265155599	-0.250680223819
-0.161392640484	0.985930371518	0.043516871628	0.071276519307
0.280636602762	0.003575166595	0.959807436611	-0.105773209344
0.000000000000	0.000000000000	0.000000000000	1.000000000000
17	22	55
0.992103805898	-0.076446711408	0.099428057602	0.036333733994
0.055727176259	0.978900761757	0.196590387501	-0.026074305788
-0.112358889946	-0.189497226752	0.975431330696	0.119645855678
0.000000000000	0.000000000000	0.000000000000	1.000000000000
18	19	55
0.789614411304	0.200308295882	-0.579987644749	-0.311608706052
-0.221781469129	0.974481881951	0.034612738976	-0.209260388287
0.572120670324	0.101299794419	0.813889605683	0.034504603570
0.000000000000	0.000000000000	0.000000000000	1.000000000000
18	20	55
0.987885464067	0.050890159634	-0.146603211211	-0.100956610633
-0.076783568449	0.981249682097	-0.176786156132	-0.112904320252
0.134857678688	0.185901191594	0.973269825620	0.107584455878
0.000000000000	0.000000000000	0.000000000000	1.000000000000
18	36	55
0.565663366580	0.251516447659	-0.785343512271	1.158746401604
-0.245262544953	0.960568100282	0.130977894178	-0.327228429766
0.787319020316	0.118525951914	0.605045749486	1.295139079510
0.000000000000	0.000000000000	0.000000000000	1.000000000000
18	45	55
-0.633703300372	0.325843948688	-0.701602343355	0.854346752606
-0.175330571458	0.822858398722	0.540521272814	-1.183749162171
0.753444966676	0.465542454300	-0.464317677280	3.435984114317
0.000000000000	0.000000000000	0.000000000000	1.000000000000
19	20	55
0.844313236139	-0.102423649166	0.525970108820	0.081310769779
0.174804755114	0.980511626134	-0.089667433365	0.132489895158
-0.506535740960	0.167649476910	0.845763085043	-0.050689444511
0.000000000000	0.000000000000	0.000000000000	1.000000000000
19	35	55
0.478991444944	0.228322645435	-0.847606020066	2.389090074226
-0.223327629730	0.965505955776	0.133876880602	0.383129772512
0.848935784067	0.125167962922	0.513459848078	-0.437930546578
0.000000000000	0.000000000000	0.000000000000	1.000000000000
19	36	55
0.960584443301	0.073413465830	-0.268119358351	1.839877426344
-0.060790789104	0.996628979570	0.055092259354	0.258844810490
0.271260036216	-0.036621579913	0.961809156037	0.110287527751
0.000000000000	0.000000000000	0.000000000000	1.000000000000
20	36	55
0.690082327475	0.218878127069	-0.689839652962	1.406337404482
-0.073907371623	0.969501036190	0.233678071815	0.022345408627
0.719947277047	-0.110272872086	0.685212238620	1.017261122453
0.000000000000	0.000000000000	0.000000000000	1.000000000000
21	22	55
0.900146137276	-0.281532277093	0.332380066344	0.371201858533
0.220793877438	0.952668906983	0.208978509310	-0.029195192269
-0.375482350096	-0.114723714298	0.919701839807	0.112035556191
0.000000000000	0.000000000000	0.000000000000	1.000000000000
22	23	55
0.953440219886	-0.117689237877	0.277670650936	0.391143780206
0.171466779577	0.968962085274	-0.178077569626	-0.447281500935
-0.248094519498	0.217397609440	0.944027218254	0.560131736986
0.000000000000	0.000000000000	0.000000000000	1.000000000000
23	24	55
0.941883437049	-0.098424017546	0.321198231288	0.045744448074
0.115169142463	0.992780608452	-0.033507194844	-0.191915419839
-0.315581462759	0.068551996703	0.946419021423	0.367568306947
0.000000000000	0.000000000000	0.000000000000	1.000000000000
23	49	55
0.341828829241	-0.250891438234	0.905652548012	-1.707747306096
0.432602354382	0.897534747762	0.085361464036	-0.503890832359
-0.834271091722	0.362608415208	0.415339478905	1.287563386906
0.000000000000	0.000000000000	0.000000000000	1.000000000000
23	50	55
0.605462069223	-0.060380413640	0.793580423385	-1.779636871694
0.320854943441	0.931015792339	-0.173958902289	-0.578811264318
-0.728332196186	0.359949718801	0.583068102312	1.409129576760
0.000000000000	0.000000000000	0.000000000000	1.000000000000
23	51	55
0.410236910805	-0.118621575949	0.904231496207	-1.911043844853
0.348207926512	0.936760410399	-0.035088080934	-0.519376255831
-0.842886064025	0.329255000309	0.425598669927	1.406512511417
0.000000000000	0.000000000000	0.000000000000	1.000000000000
24	25	55
0.922168219075	-0.312107217113	0.228461945965	0.084378874151
0.187149611826	0.876960869383	0.442622476118	-0.003217959241
-0.338497856007	-0.365415816020	0.867116187648	0.028524819741
0.000000000000	0.000000000000	0.000000000000	1.000000000000
24	49	55
0.623244745673	-0.247745094316	0.741746826912	-2.006795323113
0.363050498700	0.931749122006	0.006157031234	-0.014638557021
-0.692647329010	0.265454218054	0.670651724618	0.341064196394
0.000000000000	0.000000000000	0.000000000000	1.000000000000
24	50	55
0.824077658742	-0.091092286565	0.559104827104	-2.084813348417
0.250392074867	0.943907635409	-0.215272349966	-0.128968569790
-0.508133664705	0.317396551878	0.800661980894	0.416247480377
0.000000000000	0.000000000000	0.000000000000	1.000000000000
24	51	55
0.705676315127	-0.092251099780	0.702503147935	-2.177587650602
0.233586674787	0.966348113917	-0.107743157977	-0.026625152331
-0.668923167210	0.240127169055	0.703477603802	0.325137362760
0.000000000000	0.000000000000	0.000000000000	1.000000000000
25	26	55
0.941108551108	-0.191332390660	0.278759056024	0.193503117420
0.274847727751	0.913099477433	-0.301177806057	-0.165922470917
-0.196909678739	0.360057301822	0.911912999043	0.190967669253
0.000000000000	0.000000000000	0.000000000000	1.000000000000
25	48	55
0.556718377105	-0.302985907882	0.773475396001	-1.860015963314
0.636784367888	0.753585736746	-0.163138610348	0.665374419814
-0.533451326184	0.583359303515	0.612471718200	-0.441561454509
0.000000000000	0.000000000000	0.000000000000	1.000000000000
25	49	55
0.882951242705	-0.106240304098	0.457285579033	-2.049511903997
0.326174314938	0.839390299310	-0.434780682298	0.450064863894
-0.337649847151	0.533044954211	0.775793566298	-0.240764501462
0.000000000000	0.000000000000	0.000000000000	1.000000000000
25	51	55
0.914794187109	0.026838710084	0.403027640332	-2.218251951891
0.224537997507	0.795624645138	-0.562640304035	0.566575370551
-0.335759263322	0.605195098865	0.721806490275	-0.254662822735
0.000000000000	0.000000000000	0.000000000000	1.000000000000
25	52	55
