0	1	66
0.978020711498	-0.059875687913	0.199725786713	-0.498113767651
0.060258455338	0.998174108587	0.004167434053	0.010899283021
-0.199610637095	0.007959330581	0.979842968345	0.114183081213
0.000000000000	0.000000000000	0.000000000000	1.000000000000
0	2	66
0.842942918851	-0.033219862493	0.536976420613	-0.709487644977
0.089227600759	0.992901622089	-0.078643525582	0.016386131255
-0.530552231944	0.114205120678	0.839923520084	0.136579347424
0.000000000000	0.000000000000	0.000000000000	1.000000000000
0	5	66
0.392299675299	-0.008061773245	0.919802137730	-0.932897776602
0.239859631366	0.966262321277	-0.093832210464	0.005148595126
-0.888013694715	0.257433747383	0.380998088850	0.064027803842
0.000000000000	0.000000000000	0.000000000000	1.000000000000
0	6	66
0.717857786251	-0.136588903845	0.682659263517	-0.783452872464
0.233984716177	0.970859574769	-0.051796126056	0.092969283224
-0.655691506209	0.196914086406	0.728898821003	0.190641933012
0.000000000000	0.000000000000	0.000000000000	1.000000000000
0	7	66
0.680288537630	-0.010937988593	0.732862787959	-0.772305890238
0.045710597768	0.998575370107	-0.027527649151	-0.087669182968
-0.731517632611	0.052226340305	0.679819360241	0.483038178009
0.000000000000	0.000000000000	0.000000000000	1.000000000000
0	34	66
0.620363834886	0.395786635771	-0.677127500040	0.761108181979
-0.252810685042	0.918164865375	0.305057433149	-0.226222635465
0.742452335099	-0.018061531943	0.669655367461	0.567114844963
0.000000000000	0.000000000000	0.000000000000	1.000000000000
0	35	66
0.873013115106	0.267945291808	-0.407496529373	1.024720783915
-0.198301280100	0.958389795662	0.205342645063	-0.214582428803
0.445561110471	-0.098459738820	0.889820755359	0.573705832918
0.000000000000	0.000000000000	0.000000000000	1.000000000000
0	36	66
0.981825121182	0.097812711846	-0.162641030549	1.041329146654
-0.073674609061	0.986188269361	0.148339978950	-0.208790319189
0.174904212061	-0.133661403465	0.975470730380	0.466298415976
0.000000000000	0.000000000000	0.000000000000	1.000000000000
0	37	66
0.991998840394	0.117244243471	-0.046819739755	1.048389043546
-0.108916647264	0.982326731349	0.152221407255	-0.156612639614
0.063839365650	-0.145904010400	0.987236828295	0.403905253746
0.000000000000	0.000000000000	0.000000000000	1.000000000000
0	38	66
0.986077081336	-0.012425992698	0.165823955959	0.799697266562
-0.011824158038	0.989440534818	0.144456281783	-0.154177347097
-0.165867956372	-0.144405757383	0.975517707827	0.383130203138
0.000000000000	0.000000000000	0.000000000000	1.000000000000
0	45	66
0.849519183213	-0.147099474005	0.506634880462	0.470735006482
0.285406150682	0.935817571158	-0.206854544704	-0.166089885584
-0.443689628576	0.320323614895	0.836978073330	0.005896890751
0.000000000000	0.000000000000	0.000000000000	1.000000000000
0	46	66
0.836193374964	-0.111336162790	0.537014802889	0.153132853523
0.165894787103	0.984654277541	-0.054174471215	-0.071480515399
-0.522742345021	0.134388290319	0.841831472533	0.248518295470
0.000000000000	0.000000000000	0.000000000000	1.000000000000
0	47	66
0.718554427861	-0.370969782982	0.588269457235	-0.296560070917
0.248049197916	0.926931365091	0.281549000751	-0.016049330412
-0.649731582743	-0.056388514124	0.758069393829	0.392012701616
0.000000000000	0.000000000000	0.000000000000	1.000000000000
0	48	66
0.662253653866	-0.447956277766	0.600629062859	-0.684063980244
0.210468823834	0.880548755878	0.424660761921	0.040073836794
-0.719112628268	-0.154819448815	0.677427461898	0.320157873471
0.000000000000	0.000000000000	0.000000000000	1.000000000000
0	49	66
0.677834236930	-0.377549611934	0.630870064097	-0.749690141273
0.213042892460	0.922125362799	0.322951298580	-0.141267858917
-0.703671424187	-0.084505063817	0.705482403020	0.632397902662
0.000000000000	0.000000000000	0.000000000000	1.000000000000
1	2	66
0.940212985704	0.009599324255	0.340451750602	-0.173039607260
0.026615014620	0.994475193570	-0.101541766627	0.011886514857
-0.339545552925	0.104532015894	0.934763004800	-0.032684144605
0.000000000000	0.000000000000	0.000000000000	1.000000000000
1	3	66
0.681963162524	-0.180002806844	0.708890142750	-0.247274635788
0.233131318629	0.972183011065	0.022582764884	-0.016355841123
-0.693235914559	0.149863879984	0.704957292495	-0.017194329135
0.000000000000	0.000000000000	0.000000000000	1.000000000000
1	5	66
0.615437560413	-0.032091306597	0.787532067457	-0.258569832402
0.245684827506	0.957200349295	-0.152991688803	0.084601417771
-0.748916266859	0.287641511870	0.596981394923	-0.210579966488
0.000000000000	0.000000000000	0.000000000000	1.000000000000
1	6	66
0.841380926959	-0.100317928053	0.531050326298	-0.330038507217
0.170725807618	0.981640507421	-0.085056527104	0.081654917251
-0.512767817207	0.162228935462	0.843060459359	0.032507954163
0.000000000000	0.000000000000	0.000000000000	1.000000000000
1	7	66
0.813406482460	0.056872728733	0.578908789895	-0.343124690425
-0.010835185711	0.996517660492	-0.082674972503	-0.041986329872
-0.581594784229	0.060975774322	0.811190151508	0.304748303239
0.000000000000	0.000000000000	0.000000000000	1.000000000000
1	34	66
0.438267445827	0.460696486301	-0.771803338577	1.125678129936
-0.299949287034	0.884401421284	0.357581530897	-0.317479121869
0.847320524439	0.074785516915	0.525789934597	0.693908030885
0.000000000000	0.000000000000	0.000000000000	1.000000000000
1	35	66
0.764762202642	0.326946729635	-0.555197811047	1.391368408641
-0.225324529342	0.942992380477	0.244937189580	-0.339795965945
0.603628718574	-0.062219019147	0.794834047943	0.745041506004
0.000000000000	0.000000000000	0.000000000000	1.000000000000
1	36	66
0.941026969565	0.161417607215	-0.297342561084	1.335239192483
-0.128011571083	0.983384373004	0.128717569118	-0.237307505550
0.313179310013	-0.083063415603	0.946054537946	0.573429335797
0.000000000000	0.000000000000	0.000000000000	1.000000000000
1	37	66
0.957225406677	0.197624517726	-0.211338758411	1.393418801379
-0.165853640493	0.973264389935	0.158899330457	-0.256322890930
0.237090891323	-0.117051173758	0.964410147175	0.561901341810
0.000000000000	0.000000000000	0.000000000000	1.000000000000
1	38	66
0.992107830219	0.109131349290	-0.061744650131	1.288299795672
-0.101478614957	0.988071644728	0.115829683551	-0.211878481068
0.073648787662	-0.108649774447	0.991348113726	0.545185903886
0.000000000000	0.000000000000	0.000000000000	1.000000000000
1	45	66
0.936944924954	-0.095221528628	0.336254469246	0.861398645912
0.205403216641	0.928480221935	-0.309409107929	-0.088003977697
-0.282743216004	0.358967043002	0.889493640136	0.074467559683
0.000000000000	0.000000000000	0.000000000000	1.000000000000
1	46	66
0.910960405036	-0.088538673481	0.402879688934	0.485365474915
0.116762018629	0.992094712553	-0.045986001467	-0.186656640254
-0.395623269617	0.088932472267	0.914096955423	0.258676333949
0.000000000000	0.000000000000	0.000000000000	1.000000000000
1	47	66
0.847607873636	-0.295164517979	0.440952151460	0.134873890457
0.191596211237	0.945189546580	0.264400478205	-0.080163887711
-0.494825003804	-0.139623165563	0.857702505096	0.316898058671
0.000000000000	0.000000000000	0.000000000000	1.000000000000
1	48	66
0.799452857095	-0.347259826088	0.490189496489	-0.228389876743
0.140434141548	0.901415840833	0.409545765187	-0.015887228264
-0.584083368339	-0.258573190955	0.769406604955	0.177895772490
0.000000000000	0.000000000000	0.000000000000	1.000000000000
1	49	66
0.824510562510	-0.295972450573	0.482268224965	-0.306740782904
0.186361251117	0.946782292211	0.262436230803	-0.086041100361
-0.534276909843	-0.126505334504	0.835789796510	0.445001008669
0.000000000000	0.000000000000	0.000000000000	1.000000000000
2	3	66
0.868367602500	-0.211019490922	0.448785562802	-0.125923640510
0.190172166432	0.977464805663	0.091635696125	0.025250634452
-0.458009010876	0.005773052994	0.888928803570	-0.004476005586
0.000000000000	0.000000000000	0.000000000000	1.000000000000
2	5	66
0.829760765950	-0.105538213012	0.548049958384	-0.064709003630
0.169480033656	0.983236153341	-0.067254627763	0.018300542321
-0.531764599689	0.148688776838	0.833737403599	-0.195459749435
0.000000000000	0.000000000000	0.000000000000	1.000000000000
2	6	66
0.966297687911	-0.141533153090	0.215028242130	-0.182393613138
0.143779880251	0.989595828033	0.005238623355	0.095146878144
-0.213532490203	0.025854665268	0.976593780398	-0.011201625195
0.000000000000	0.000000000000	0.000000000000	1.000000000000
2	7	66
0.965031828688	0.038827853728	0.259241137542	-0.249275768170
-0.046221651069	0.998678135652	0.022484224296	-0.052578347983
-0.258025441753	-0.033680545491	0.965550875026	0.270430906746
0.000000000000	0.000000000000	0.000000000000	1.000000000000
2	8	66
0.984343666088	-0.087276456969	0.153135126904	-0.545841618292
0.083362148781	0.996011458929	0.031810781699	-0.119928991636
-0.155300673481	-0.018547068246	0.987693123939	0.755692459249
0.000000000000	0.000000000000	0.000000000000	1.000000000000
2	35	66
0.512471373213	0.377092050538	-0.771475649037	1.120949769193
-0.199118643616	0.926115291209	0.320409477316	-0.239626060015
0.835299262182	-0.010585500012	0.549693632661	1.225020733259
0.000000000000	0.000000000000	0.000000000000	1.000000000000
2	36	66
0.774099361565	0.202812809750	-0.599697542622	1.198780394566
-0.064556721895	0.967644628438	0.243918639536	-0.187713673342
0.629763930440	-0.150102755659	0.762146019251	1.110757117520
0.000000000000	0.000000000000	0.000000000000	1.000000000000
2	37	66
0.808864947039	0.258741946866	-0.528005778741	1.269718459885
-0.148034665705	0.958663549774	0.243001926093	-0.158484008282
0.569054685598	-0.118392581134	0.813732119024	1.115217284591
0.000000000000	0.000000000000	0.000000000000	1.000000000000
2	38	66
0.914362469061	0.157103877980	-0.373175088525	1.134223605681
-0.065524125071	0.966920732603	0.246517516408	-0.198297967786
0.399559587804	-0.200954393796	0.894410122599	1.049160775499
0.000000000000	0.000000000000	0.000000000000	1.000000000000
2	45	66
0.980872697913	-0.189583079699	0.044124895240	0.852731247928
0.194015909984	0.970511658377	-0.143055750068	-0.216909539502
-0.015702775588	0.148880411224	0.988730522434	0.450021053293
0.000000000000	0.000000000000	0.000000000000	1.000000000000
2	46	66
0.994920739875	-0.093738714405	0.036684803225	0.586106604068
0.094074026505	0.995536805559	-0.007519728419	-0.021392038145
-0.035816182140	0.010932620913	0.999298593463	0.505835136252
0.000000000000	0.000000000000	0.000000000000	1.000000000000
2	47	66
0.965889204333	-0.211534166534	0.149369814027	0.125740144806
0.150993904981	0.928672690346	0.338774076435	-0.009593574347
-0.210377958951	-0.304664291630	0.928935295806	0.422794005065
0.000000000000	0.000000000000	0.000000000000	1.000000000000
2	48	66
0.947224392126	-0.237976745802	0.214785985154	-0.165752719477
0.114510134104	0.876984715465	0.466674659725	0.075308684637
-0.299421742946	-0.417450448915	0.857952063085	0.165659662184
0.000000000000	0.000000000000	0.000000000000	1.000000000000
2	49	66
0.963637372673	-0.207358166876	0.168539623286	-0.299403973571
0.135306906450	0.922542010147	0.361397676503	-0.054205415871
-0.230423642569	-0.325451732434	0.917052950925	0.401167935257
0.000000000000	0.000000000000	0.000000000000	1.000000000000
3	4	66
0.947752474901	-0.003572084544	0.318986655725	0.050277798132
0.055122779004	0.986729830303	-0.152727604663	0.326660884485
-0.314208092756	0.162331396233	0.935372541955	-0.074820957116
0.000000000000	0.000000000000	0.000000000000	1.000000000000
3	5	66
0.996763981981	0.041569913480	0.068800483414	0.158134682367
-0.027161606780	0.979733753948	-0.198454071494	0.012279003384
-0.075655874470	0.195943138866	0.977692423510	-0.131437381704
0.000000000000	0.000000000000	0.000000000000	1.000000000000
3	6	66
0.961215535372	0.034978953046	-0.273571137737	0.023941074488
-0.046078675211	0.998350426668	-0.034251733723	0.076398856805
0.271921772298	0.045529094171	0.961241723675	-0.014658054841
0.000000000000	0.000000000000	0.000000000000	1.000000000000
3	7	66
0.939653949706	0.231288548938	-0.252103276323	-0.154486969391
-0.249446408081	0.967470461768	-0.042159163915	-0.013232730193
0.234151541311	0.102501281633	0.966781538387	0.195000891087
0.000000000000	0.000000000000	0.000000000000	1.000000000000
3	38	66
0.601331899016	0.412229314878	-0.684446447271	0.588888194010
-0.241364858946	0.910329399843	0.336219256806	-0.492221277575
0.761671157451	-0.036978043979	0.646907777176	1.495063740577
0.000000000000	0.000000000000	0.000000000000	1.000000000000
3	39	66
0.906908868538	0.177999278536	-0.381880296700	0.477276733687
-0.122446844805	0.978604674693	0.165347092099	-0.428358424711
0.403141506626	-0.103194706787	0.909300708306	1.560436708013
0.000000000000	0.000000000000	0.000000000000	1.000000000000
3	43	66
0.876709701489	-0.125644640157	0.464320496764	0.895214037227
0.130478086397	0.991210231037	0.021857421100	-0.366647475206
-0.462985494682	0.041421036765	0.885397497979	0.787403967171
0.000000000000	0.000000000000	0.000000000000	1.000000000000
3	45	66
0.869929723535	-0.140067360044	-0.472867223182	0.744122785054
0.044413790992	0.977175249979	-0.207740092420	-0.261003153183
0.491171753341	0.159717455149	0.856294717513	0.883887150261
0.000000000000	0.000000000000	0.000000000000	1.000000000000
3	46	66
0.912994205689	0.094621805241	-0.396847948654	0.325098110285
-0.097191239108	0.995171668705	0.013682574615	-0.244491034584
0.396226505195	0.026078032525	0.917782377691	0.727514580639
0.000000000000	0.000000000000	0.000000000000	1.000000000000
3	47	66
0.956882762022	0.133726012282	-0.257861849414	0.076942765082
-0.053822231889	0.953978980143	0.295003852179	-0.062541904623
0.285444472882	-0.268405400626	0.920043473873	0.514148934233
0.000000000000	0.000000000000	0.000000000000	1.000000000000
3	48	66
0.980434304050	0.130280115254	-0.147565805699	-0.051774446461
-0.058294572858	0.908185144714	0.414489427726	0.072848788792
0.188016803020	-0.397777367997	0.898010493977	0.155728168425
0.000000000000	0.000000000000	0.000000000000	1.000000000000
4	5	66
0.966378741292	0.080695723418	-0.244131785315	0.122514319074
-0.090406033765	0.995488021527	-0.028815760534	-0.349041784987
0.240704959313	0.049917924821	0.969313841511	0.067610593318
0.000000000000	0.000000000000	0.000000000000	1.000000000000
4	39	66
-0.572178469957	-0.093844092126	0.814742342640	-1.982268435796
0.545438231861	0.698338326545	0.463487558520	-0.865793167144
-0.612461373266	0.709589224870	-0.348387999515	3.976344426092
0.000000000000	0.000000000000	0.000000000000	1.000000000000
4	40	66
0.991350809144	0.031695953397	-0.127353601233	0.009079225201
-0.004714159536	0.978371377698	0.206802379101	-0.320112760785
0.131153916863	-0.204413340661	0.970058676705	1.440199397110
0.000000000000	0.000000000000	0.000000000000	1.000000000000
4	41	66
0.939029713460	-0.151059860153	0.308875567000	0.079678159779
0.088767343370	0.974376526631	0.206665776321	-0.297747554653
-0.332180005404	-0.166647241206	0.928377693080	1.271367209665
0.000000000000	0.000000000000	0.000000000000	1.000000000000
4	42	66
0.937652234502	-0.093339189708	0.334807530977	-0.073550220364
0.159327619859	0.971526098740	-0.175361766119	-0.312685180128
-0.308906129244	0.217772438869	0.925825128296	1.207198889406
0.000000000000	0.000000000000	0.000000000000	1.000000000000
4	43	66
0.986209298431	-0.095953454747	0.134848634438	-0.023916122042
0.097058526734	0.995277341975	-0.001629398504	-0.142029015341
-0.134055444037	0.014695137746	0.990864870126	1.160314865787
0.000000000000	0.000000000000	0.000000000000	1.000000000000
4	45	66
0.586524153441	0.068912232487	-0.806994746974	1.571345186494
-0.199914161854	0.977862862397	-0.061794419127	-0.321602879157
0.784871801838	0.197573597828	0.587316718748	1.217904958150
0.000000000000	0.000000000000	0.000000000000	1.000000000000
4	46	66
0.706354863759	0.115497822308	-0.698371720136	1.117988776772
-0.093910653375	0.993168059821	0.069267554699	-0.165966244321
0.701600738046	0.016657070374	0.712375565541	0.971217242908
0.000000000000	0.000000000000	0.000000000000	1.000000000000
4	47	66
0.857072723829	0.191661051013	-0.478217928976	0.086975512998
0.000893006823	0.927672177519	0.373394608419	-0.088217478727
0.515194670594	-0.320453385974	0.794911365380	0.575713544280
0.000000000000	0.000000000000	0.000000000000	1.000000000000
4	48	66
-0.286127775563	0.149903345362	-0.946393091215	2.902948761544
0.228651766296	0.969835200137	0.084487006957	1.116638649903
0.930510218010	-0.192220372552	-0.311772453169	3.346666367853
0.000000000000	0.000000000000	0.000000000000	1.000000000000
5	6	66
0.937446446601	-0.005260780293	-0.348089764207	-0.136878931854
0.052082825754	0.990751930772	0.125291623551	0.135566089258
0.344211474266	-0.135583685823	0.929050873269	0.095830140689
0.000000000000	0.000000000000	0.000000000000	1.000000000000
5	7	66
0.924249044453	0.210890339116	-0.318259279039	-0.337981515370
-0.171242467533	0.974029968803	0.148127098083	0.005620428285
0.341232649581	-0.082406824603	0.936359649984	0.307586316715
0.000000000000	0.000000000000	0.000000000000	1.000000000000
5	38	66
0.523578653593	0.351909246793	-0.775902877636	0.387976808669
-0.060646382911	0.923792474182	0.378060155114	-0.063852113541
0.849816103485	-0.150888523973	0.505020042762	1.737758098830
0.000000000000	0.000000000000	0.000000000000	1.000000000000
5	39	66
0.887667609766	0.018904046327	-0.460096567694	0.272979394425
-0.020560542763	0.999787614311	0.001410798459	0.451597589091
0.460025519567	0.008207515059	0.887867759322	1.525727392168
0.000000000000	0.000000000000	0.000000000000	1.000000000000
5	43	66
0.921173353055	-0.187114799982	0.341215042530	0.337405374240
0.130881126805	0.974704140795	0.181168343159	-0.029781323566
-0.366482993149	-0.122228840886	0.922361277477	1.089987631028
0.000000000000	0.000000000000	0.000000000000	1.000000000000
5	45	66
0.858623391454	-0.126196785207	-0.496830195390	0.409263007149
0.122600943087	0.991649499375	-0.040003489137	-0.114123097614
0.497729726260	-0.026563918996	0.866925301168	1.004563324883
0.000000000000	0.000000000000	0.000000000000	1.000000000000
5	46	66
0.858179661490	0.068318713094	-0.508783079559	0.191401981225
0.008912965346	0.988972375905	0.147831656776	-0.012882798405
0.513272079557	-0.131400887126	0.848107056455	0.945451986664
0.000000000000	0.000000000000	0.000000000000	1.000000000000
5	47	66
0.930711431039	0.109836503193	-0.348872719914	-0.098735981933
0.057839370535	0.897643930300	0.436909580590	0.105910272746
0.361152100022	-0.426815319502	0.829094592726	0.627393405795
0.000000000000	0.000000000000	0.000000000000	1.000000000000
5	48	66
0.956403089078	0.166006036209	-0.240281349971	-0.178101250567
0.002720558446	0.817640924405	0.575722083387	0.106439549952
0.292037206128	-0.551276078458	0.781542676734	0.275068927779
0.000000000000	0.000000000000	0.000000000000	1.000000000000
5	49	66
0.931294093042	0.101403274017	-0.349869530374	-0.391721003888
0.073175219148	0.888814683730	0.452386831472	0.086886308894
0.356842681820	-0.446906963478	0.820327657968	0.401466137401
0.000000000000	0.000000000000	0.000000000000	1.000000000000
6	7	66
0.977735916062	0.204528947560	0.046908294072	-0.155024795290
-0.205314397962	0.978615791677	0.012535161339	-0.138429700691
-0.043341393984	-0.021887025611	0.998820545282	0.250085143181
0.000000000000	0.000000000000	0.000000000000	1.000000000000
6	35	66
0.267854542182	0.473136923086	-0.839282667666	0.996887993738
-0.213052275843	0.878635630953	0.427326755279	-0.462334500714
0.939607722398	0.064349670025	0.336149442923	1.550389778017
0.000000000000	0.000000000000	0.000000000000	1.000000000000
6	36	66
0.581541211562	0.390127650013	-0.713869901278	1.048312881825
-0.191271688188	0.918481524358	0.346131233365	-0.465398901471
0.790711679788	-0.064746475647	0.608755232699	1.401331256214
0.000000000000	0.000000000000	0.000000000000	1.000000000000
6	37	66
0.618897340116	0.426520616189	-0.659580356259	1.142078908986
-0.240225055932	0.902270732109	0.358049505631	-0.469148596323
0.747835546695	-0.063148158691	0.660873895047	1.462066299542
0.000000000000	0.000000000000	0.000000000000	1.000000000000
6	38	66
0.789229326508	0.323541259045	-0.521956055502	1.010335514561
-0.199694374474	0.938975014316	0.280085842724	-0.373538495856
0.580723020882	-0.116820273012	0.805675987498	1.279663116001
0.000000000000	0.000000000000	0.000000000000	1.000000000000
6	39	66
-0.938189898055	0.110776283052	-0.327915126673	0.117141158673
0.109823022314	-0.803170570165	-0.585539015772	1.774432261224
-0.328235615005	-0.585359419788	0.741360729138	0.313979961641
0.000000000000	0.000000000000	0.000000000000	1.000000000000
6	44	66
0.973286374690	-0.044925998372	0.225156140298	0.497658178102
0.040312939391	0.998873138851	0.025046345035	-0.279850496531
-0.226027652647	-0.015300560521	0.974000715137	0.576430474439
0.000000000000	0.000000000000	0.000000000000	1.000000000000
6	45	66
0.972381678983	-0.062258811207	-0.224939349172	0.896314552245
0.026714917747	0.987120714458	-0.157730809475	-0.382320711316
0.231862423753	0.147365313134	0.961521336704	0.685015391485
0.000000000000	0.000000000000	0.000000000000	1.000000000000
6	46	66
0.985152922692	0.055043604851	-0.162615867847	0.571248385471
-0.052528125353	0.998424491836	0.019731450749	-0.227761984209
0.163445755397	-0.010896589684	0.986492143596	0.656814397273
0.000000000000	0.000000000000	0.000000000000	1.000000000000
6	47	66
0.999660420254	0.004803216773	0.025611975427	0.123583208209
-0.013249997900	0.940016476475	0.340871620278	-0.152861160357
-0.022438398613	-0.341095225800	0.939760908531	0.471063174096
0.000000000000	0.000000000000	0.000000000000	1.000000000000
6	48	66
0.998698005722	-0.011109749692	0.049788219778	0.070239583747
-0.012313505876	0.894636530867	0.446624960354	0.007330896503
-0.049504251736	-0.446656524748	0.893334919255	0.195875226586
0.000000000000	0.000000000000	0.000000000000	1.000000000000
6	49	66
0.999952688108	-0.006312727646	0.007400744225	-0.199177072401
0.003517783364	0.944003824454	0.329915753818	-0.056455514938
-0.009068999152	-0.329874110664	0.943981368655	0.361513316756
0.000000000000	0.000000000000	0.000000000000	1.000000000000
7	37	66
0.642793795012	0.205666962114	-0.737914112746	1.262818054406
-0.126829112912	0.978563434238	0.162258994483	-0.014840729364
0.755467082812	-0.010710082514	0.655099061914	1.209468588242
0.000000000000	0.000000000000	0.000000000000	1.000000000000
7	38	66
0.776190726433	0.149381856750	-0.612546338715	1.158594288282
-0.051834167894	0.983357529494	0.174129802811	-0.056467339194
0.628363887599	-0.103407108374	0.771016079404	1.102187907695
0.000000000000	0.000000000000	0.000000000000	1.000000000000
7	39	66
0.988114156636	-0.098192294821	-0.118273778555	0.879260367353
0.117679656959	0.978213446004	0.171026174592	-0.149645915421
0.098903547934	-0.182911801958	0.978141789778	1.086851292694
0.000000000000	0.000000000000	0.000000000000	1.000000000000
7	44	66
0.957883081397	-0.271767378694	0.092749632087	0.850325450024
0.267177299921	0.961839666141	0.058997856272	0.002121894233
-0.105243967909	-0.031732452092	0.993940017659	0.408634630925
0.000000000000	0.000000000000	0.000000000000	1.000000000000
7	45	66
0.935713492709	-0.272434952360	-0.224096979663	1.046806561681
0.226990681549	0.951278293726	-0.208674000239	-0.049923762207
0.270028683757	0.144391151454	0.951964130275	0.458201085477
0.000000000000	0.000000000000	0.000000000000	1.000000000000
7	46	66
0.968139401921	-0.128349282399	-0.215017581041	0.715192213803
0.139574842298	0.989489790845	0.037799698564	-0.115768391660
0.207906137106	-0.066606422526	0.975878385165	0.465871622957
0.000000000000	0.000000000000	0.000000000000	1.000000000000
7	47	66
0.974235637599	-0.192823035408	-0.116979483024	0.326135758505
0.220428964645	0.923809207890	0.313029741338	0.055552759959
0.047707378654	-0.330750395968	0.942511634724	0.253747148106
0.000000000000	0.000000000000	0.000000000000	1.000000000000
7	48	66
0.982813623561	-0.173479718888	-0.063104425181	0.152906136589
0.182668807208	0.864615882998	0.468050725608	0.084714951901
-0.026636220005	-0.471533839722	0.881445602281	-0.057122935255
0.000000000000	0.000000000000	0.000000000000	1.000000000000
7	49	66
0.980642380550	-0.175110044133	-0.087618456463	-0.079007220567
0.194428563791	0.923819885569	0.329779248300	-0.005494352192
0.023196013700	-0.340431037761	0.939983326170	0.117088878893
0.000000000000	0.000000000000	0.000000000000	1.000000000000
8	37	66
0.698120911106	0.344409744952	-0.627701458544	1.721381533548
-0.223628832026	0.937731230154	0.265801214218	-0.189437700568
0.680159789287	-0.045189241808	0.731669729770	0.646739281590
0.000000000000	0.000000000000	0.000000000000	1.000000000000
8	38	66
0.835080893880	0.237806520635	-0.496072534435	1.609889587274
-0.149652892921	0.965934894134	0.211125062309	-0.119232748498
0.529380687519	-0.102067815877	0.842222208591	0.513846784826
0.000000000000	0.000000000000	0.000000000000	1.000000000000
8	39	66
0.996927346555	0.037144000849	-0.068965128088	1.474106926536
-0.024770572309	0.984733553223	0.172296975898	-0.230552305705
0.074312074650	-0.170059261309	0.982627886437	0.587810045973
0.000000000000	0.000000000000	0.000000000000	1.000000000000
8	44	66
0.982036702982	-0.137138257061	0.129603288719	1.414431705429
0.138113345164	0.990415327825	0.001477259590	-0.012309937092
-0.128563672489	0.016449220612	0.991564826553	-0.132169947836
0.000000000000	0.000000000000	0.000000000000	1.000000000000
8	45	66
0.983381573028	-0.100651454955	-0.151095884937	1.423026094022
0.071875352413	0.980089367836	-0.185091233641	-0.196350896416
0.166717172316	0.171155238513	0.971036183046	-0.088342195104
0.000000000000	0.000000000000	0.000000000000	1.000000000000
8	46	66
0.994599042580	-0.007086044579	-0.103549661864	1.102982138018
0.006222865243	0.999943168160	-0.008656581176	-0.032674452029
0.103605117866	0.007965451758	0.994586613187	-0.065880790072
0.000000000000	0.000000000000	0.000000000000	1.000000000000
8	47	66
0.994703493091	-0.101348722143	0.017128845641	0.748787595296
0.091360638215	0.948131441181	0.304466753571	0.077698040747
-0.047097713513	-0.301289241037	0.952368940389	-0.201776866689
0.000000000000	0.000000000000	0.000000000000	1.000000000000
8	48	66
0.989390831548	-0.112591708613	0.091808984307	0.524366405107
0.066097409198	0.911622574963	0.405678953502	0.261259357358
-0.129371229202	-0.395306701143	0.909393037738	-0.507232678769
0.000000000000	0.000000000000	0.000000000000	1.000000000000
8	49	66
0.991800327003	-0.112053197473	0.061450730620	0.259625350213
0.091089405739	0.957098484409	0.275073101745	0.182811985447
-0.089637221732	-0.267220081726	0.959457448980	-0.326039891594
0.000000000000	0.000000000000	0.000000000000	1.000000000000
8	50	66
0.997046798216	0.001179371400	0.076787311783	0.022020612891
0.002264805144	0.998995608088	-0.044750929369	-0.045522726089
-0.076762965194	0.044792679143	0.996042701429	0.046821286255
0.000000000000	0.000000000000	0.000000000000	1.000000000000
8	51	66
0.999127734116	0.027744336933	-0.031209336559	-0.268541306193
-0.028850578339	0.998950572811	-0.035572422055	-0.086525136134
0.030189651370	0.036441800854	0.998879662472	0.248491421583
0.000000000000	0.000000000000	0.000000000000	1.000000000000
9	10	66
0.998792622093	-0.047860104494	0.011077384656	-0.446402600519
0.043995569742	0.971781495382	0.231743640855	-0.109230964187
-0.021856072293	-0.230976482853	0.972713820439	0.560594998828
0.000000000000	0.000000000000	0.000000000000	1.000000000000
9	51	66
0.998216585951	-0.014324731744	-0.057952131915	0.284844114218
0.023198285386	0.987566923743	0.155478007073	0.015172198387
0.055004427897	-0.156545115506	0.986137992232	-0.075958681017
0.000000000000	0.000000000000	0.000000000000	1.000000000000
9	52	66
0.987906268479	-0.126755293998	0.089298936971	-0.280068538061
0.112260846727	0.981991437347	0.151954990935	0.020420579758
-0.106951891020	-0.140092513796	0.984345153178	0.224358899043
0.000000000000	0.000000000000	0.000000000000	1.000000000000
9	53	66
0.982044505619	-0.098084524122	0.161145943514	-0.560868658641
0.073914548140	0.985967400577	0.149682746412	-0.068896848002
-0.173566207991	-0.135084089101	0.975513741736	0.581191803999
0.000000000000	0.000000000000	0.000000000000	1.000000000000
10	11	66
0.982454101140	-0.015468732532	-0.185861931196	0.158013859384
-0.001400124746	0.995914716192	-0.090287971082	-0.069771316626
0.186499272933	0.088964017362	0.978418839153	0.396965518306
0.000000000000	0.000000000000	0.000000000000	1.000000000000
10	51	66
0.997744437396	0.008437534400	-0.066594636865	0.764471213391
-0.016192404329	0.993025314503	-0.116784120490	0.376856551248
0.065144790183	0.117599033882	0.990922107707	-0.579956980189
0.000000000000	0.000000000000	0.000000000000	1.000000000000
10	52	66
0.993951347298	-0.069344940376	0.085158666312	0.167361987275
0.075599645659	0.994494642993	-0.072560999406	0.157559186173
-0.079658099274	0.078560068119	0.993721743204	-0.279932529920
0.000000000000	0.000000000000	0.000000000000	1.000000000000
10	53	66
0.985323717970	-0.054105552761	0.161894286392	-0.154433219461
0.068183879114	0.994238885959	-0.082704269997	0.029978217331
-0.156486834702	0.092529059258	0.983336282132	0.040101767287
0.000000000000	0.000000000000	0.000000000000	1.000000000000
10	54	66
0.998950693204	0.003538518168	-0.045661706445	-0.103868878655
-0.013766969865	0.974100566803	-0.225695716165	-0.157594419584
0.043680465738	0.226087515453	0.973127151131	0.346012250895
0.000000000000	0.000000000000	0.000000000000	1.000000000000
11	12	66
0.947499797710	0.080993071961	-0.309328717766	0.051909861180
-0.148196091623	0.968448465481	-0.200363390205	-0.160559482336
0.283340875569	0.235685578687	0.929607581849	0.158343841636
0.000000000000	0.000000000000	0.000000000000	1.000000000000
11	52	66
0.965761070355	-0.050631619366	0.254444481383	-0.079867883118
0.045420203815	0.998621205078	0.026319077772	0.150149370198
-0.255426232152	-0.013861020516	0.966729182366	-0.707304467885
0.000000000000	0.000000000000	0.000000000000	1.000000000000
11	53	66
0.941249803690	-0.011353714739	0.337520221936	-0.350774873150
0.005763160095	0.999829183554	0.017561027887	0.021895493487
-0.337661950832	-0.014584130976	0.941154456019	-0.310707577385
0.000000000000	0.000000000000	0.000000000000	1.000000000000
11	54	66
0.988375887633	0.047832138434	0.144309359639	-0.294980315450
-0.026951828315	0.989309509108	-0.143318854793	-0.052958180635
-0.149621869046	0.137763499236	0.979098827791	-0.001957300097
0.000000000000	0.000000000000	0.000000000000	1.000000000000
11	55	66
0.993524868720	0.048823383686	-0.102589533777	-0.188047521159
-0.055424579222	0.996504122479	-0.062511198200	-0.100257197269
0.099178885117	0.067792411727	0.992757642962	-0.019507649533
0.000000000000	0.000000000000	0.000000000000	1.000000000000
12	52	66
0.805507036346	-0.201182050423	0.557390524664	-0.531004221911
0.067025480977	0.965501729953	0.251622722259	0.133336454245
-0.588783491019	-0.165324505277	0.791202760775	-0.781650175940
0.000000000000	0.000000000000	0.000000000000	1.000000000000
12	54	66
0.906779109782	-0.064049635935	0.416712479054	-0.337479741546
0.014696365840	0.992594309989	0.120584213764	-0.015730587769
-0.421349810601	-0.103219086969	0.901005081668	-0.076903903454
0.000000000000	0.000000000000	0.000000000000	1.000000000000
12	55	66
0.977204073092	-0.058570705075	0.204062911962	-0.319483797616
0.024885482589	0.986166007489	0.163882025948	-0.006419675908
-0.210838592976	-0.155067979220	0.965142999525	-0.092073021393
0.000000000000	0.000000000000	0.000000000000	1.000000000000
12	56	66
0.954744887472	0.074611813853	-0.287915399171	-0.207886189655
0.057328092751	0.903707651359	0.424294674321	0.050265905942
0.291848744434	-0.421598811798	0.858532906919	-0.048952407813
0.000000000000	0.000000000000	0.000000000000	1.000000000000
13	14	66
0.963592853430	0.046211473962	-0.263350170863	0.199558584994
-0.071912247225	0.993450200296	-0.088799370663	-0.086679030680
0.257521730186	0.104504541554	0.960604684184	0.113029489459
0.000000000000	0.000000000000	0.000000000000	1.000000000000
13	15	66
0.771573510160	0.223386472400	-0.595628073858	0.456277161341
-0.117974697342	0.970321301615	0.211088944331	-0.067760363969
0.625105022542	-0.092601595991	0.775028164142	0.294370230497
0.000000000000	0.000000000000	0.000000000000	1.000000000000
13	54	66
-0.634316918358	0.010568862818	-0.773000870778	1.765712255720
0.254997562927	-0.941084986829	-0.222115489026	1.550387797927
-0.729807022429	-0.338004950708	0.594251094497	0.339776994741
0.000000000000	0.000000000000	0.000000000000	1.000000000000
13	55	66
0.739506065326	-0.078725217618	0.668530567332	-0.583751166665
0.128768537343	0.991341591486	-0.025700443187	-0.006165437410
-0.660718883594	0.105091336943	0.743240450838	0.024703740173
0.000000000000	0.000000000000	0.000000000000	1.000000000000
13	56	66
0.967622061421	-0.111812032677	0.226286578478	-0.515232958139
0.066077539104	0.977476322071	0.200434025595	0.085940266136
-0.243600708284	-0.178991924787	0.953215917715	0.023358047778
0.000000000000	0.000000000000	0.000000000000	1.000000000000
13	57	66
0.976438778427	0.099004528711	-0.191743097084	-0.411801175717
-0.052325188866	0.970652766528	0.234723840802	0.023607433645
0.209354690883	-0.219160466612	0.952963432289	0.244442766974
0.000000000000	0.000000000000	0.000000000000	1.000000000000
14	15	66
0.920598677946	0.125543419180	-0.369779561447	0.249195018040
-0.012118209888	0.955642508749	0.294279704466	-0.010791541183
0.390321948079	-0.266432440540	0.881284591648	0.161851935084
0.000000000000	0.000000000000	0.000000000000	1.000000000000
14	18	66
0.583737298918	0.221214407959	-0.781226568649	0.539843917814
-0.082631736730	0.973359581922	0.213876413767	0.103782115904
0.807726910494	-0.060293531928	0.586465623947	0.077758550380
0.000000000000	0.000000000000	0.000000000000	1.000000000000
14	56	66
0.849970416710	-0.248860572744	0.464347613379	-0.756065422369
0.096832679884	0.940179689411	0.326627591801	0.086427736133
-0.517854924495	-0.232659766511	0.823222758568	0.148951112697
0.000000000000	0.000000000000	0.000000000000	1.000000000000
14	57	66
0.995115553707	-0.097939325640	0.012366214580	-0.489028022317
0.089538428646	0.948230549451	0.304699351628	0.083838788441
-0.041568071467	-0.302103812588	0.952368301580	0.272229256737
0.000000000000	0.000000000000	0.000000000000	1.000000000000
15	18	66
0.754805472914	0.189356602981	-0.628022909587	0.570529939306
-0.235600723233	0.971800050913	0.009846839987	0.022455297173
0.612177259681	0.140530202993	0.778132549618	0.117595640713
0.000000000000	0.000000000000	0.000000000000	1.000000000000
15	56	66
0.604495478627	-0.356139607185	0.712565643652	-0.848358112570
0.323599182552	0.927152672286	0.188868979255	-0.107470331109
-0.727920864772	0.116415215788	0.675706084153	0.337275896953
0.000000000000	0.000000000000	0.000000000000	1.000000000000
15	57	66
0.901764559499	-0.200465793245	0.382928380993	-0.659601096753
0.187201533311	0.979677545845	0.072024246563	-0.071969522471
-0.389584734246	0.006735867095	0.920965994452	0.409099812358
0.000000000000	0.000000000000	0.000000000000	1.000000000000
15	62	66
0.147757127950	0.496570784405	-0.855327590585	0.739709695465
-0.328637729134	0.840331166329	0.431092535177	-1.102299797008
0.932826390134	0.217395922157	0.287356814605	2.461032297610
0.000000000000	0.000000000000	0.000000000000	1.000000000000
16	17	66
0.996023670395	-0.043866854325	-0.077540615843	0.076913494051
0.039460760030	0.997567050608	-0.057470235417	-0.176190054683
0.079873001894	0.054181903184	0.995331414623	-0.176801382558
0.000000000000	0.000000000000	0.000000000000	1.000000000000
16	61	66
0.993765043220	0.001643982147	0.111482447933	0.096310473341
-0.052757745052	0.887800022350	0.457195516877	-0.382744977042
-0.098222498500	-0.460226485155	0.882351360372	1.269660746067
0.000000000000	0.000000000000	0.000000000000	1.000000000000
17	18	66
0.932116984009	0.169442076922	-0.320073914417	0.152273899322
-0.040211285097	0.926755514624	0.373506718366	0.008519933964
0.359918019377	-0.335281372406	0.870658038868	0.198640135283
0.000000000000	0.000000000000	0.000000000000	1.000000000000
17	19	66
0.859865836498	0.223331093339	-0.459079476748	-0.165661537142
-0.055127455018	0.934599105347	0.351405002792	0.061387899803
0.507534931731	-0.276853273471	0.815941516312	0.002688673788
0.000000000000	0.000000000000	0.000000000000	1.000000000000
17	64	66
0.268900507665	0.541339531934	-0.796645484606	0.685724677515
0.027668403354	0.822426764388	0.568197744340	-0.034141498869
0.962770469236	-0.174830570505	0.206172973940	2.152259611840
0.000000000000	0.000000000000	0.000000000000	1.000000000000
18	19	66
0.978378454322	0.050737408310	-0.200502657130	-0.234964557572
-0.053361986753	0.998545518155	-0.007703670717	-0.010887372143
0.199820165369	0.018236325582	0.979662869533	-0.056609630191
0.000000000000	0.000000000000	0.000000000000	1.000000000000
18	20	66
0.930887882135	0.076791450522	-0.357142582201	-0.405509548097
-0.045947432057	0.994504436619	0.094073157879	-0.071206755820
0.362403896753	-0.071161778173	0.929300498733	-0.177640981801
0.000000000000	0.000000000000	0.000000000000	1.000000000000
18	62	66
0.766663366423	0.284860866654	-0.575396879757	1.850401360274
-0.174140428526	0.954852272850	0.240691188428	-0.642178217593
0.617982518958	-0.084329257575	0.781656051329	1.652118022243
0.000000000000	0.000000000000	0.000000000000	1.000000000000
18	63	66
0.510767615210	0.391827860900	-0.765236806927	1.932353400404
-0.256474576922	0.919016723966	0.299381115744	-0.654274234371
0.820571285536	0.043349607774	0.569897865288	1.847478326686
0.000000000000	0.000000000000	0.000000000000	1.000000000000
18	64	66
0.476384781471	0.356761218489	-0.803603741259	1.351242081072
-0.243436483524	0.931767334112	0.269347941464	-0.512360196863
0.844864615470	0.067313208685	0.530728474329	1.732006452511
0.000000000000	0.000000000000	0.000000000000	1.000000000000
19	20	66
0.989007325826	0.047086694543	-0.140169014622	-0.287571348112
-0.037722320508	0.996921731001	0.068732007047	0.031969021849
0.142973899711	-0.062688957994	0.987739114618	-0.076774745456
0.000000000000	0.000000000000	0.000000000000	1.000000000000
19	21	66
0.994525681508	0.044169281918	-0.094698169755	-0.664509312217
-0.029693601114	0.988368264075	0.149152487820	0.074128016182
0.100184623935	-0.145524049919	0.984269166449	-0.299735603276
0.000000000000	0.000000000000	0.000000000000	1.000000000000
19	64	66
0.673410963398	0.298757779469	-0.676211108739	1.938501884094
-0.159486230073	0.951874520883	0.261723210493	-0.420802039038
0.721859970349	-0.068400918855	0.688650490094	1.442233146514
0.000000000000	0.000000000000	0.000000000000	1.000000000000
19	65	66
0.746075804366	0.213998926054	-0.630535767255	1.170231974075
-0.152476247425	0.976693433030	0.151065985078	-0.361351962459
0.648168101738	-0.016564948671	0.761317091864	1.499524174233
0.000000000000	0.000000000000	0.000000000000	1.000000000000
20	21	66
0.998620157852	-0.035330476130	0.038852770665	-0.414160104415
0.032483101990	0.996902674955	0.071623353404	0.055417532348
-0.041262918183	-0.070262465970	0.996674750086	-0.167502929758
0.000000000000	0.000000000000	0.000000000000	1.000000000000
20	22	66
0.994888035285	-0.069397252451	0.073360879213	-0.949800463273
0.072449673111	0.996577759641	-0.039797158882	0.078001590436
-0.070348007170	0.044908688928	0.996511097553	-0.084444045725
0.000000000000	0.000000000000	0.000000000000	1.000000000000
20	23	66
0.996945063589	-0.042234852739	0.065702034981	-1.398109017895
0.058934501335	0.958794662324	-0.277919988577	-0.096896064557
-0.051256850653	0.280943077353	0.958354695584	0.023502797520
0.000000000000	0.000000000000	0.000000000000	1.000000000000
20	34	66
0.428921285157	-0.390619356351	0.814520134547	-2.206623343850
0.286033603776	0.914007389024	0.287706917400	-0.270517850978
-0.856861312378	0.109576508673	0.503767486145	1.020209374033
0.000000000000	0.000000000000	0.000000000000	1.000000000000
20	64	66
0.779921405887	0.286389759687	-0.556510113282	2.404489636890
-0.219878620020	0.957866216711	0.184785560427	-0.450589528423
0.585982929015	-0.021753538340	0.810031351537	1.090870969803
0.000000000000	0.000000000000	0.000000000000	1.000000000000
20	65	66
0.831118611022	0.138177976812	-0.538654528560	1.720036321562
