0	7	60
0.971229151842	-0.133676256216	0.197090317207	0.731717452076
0.145502437205	0.988253654949	-0.046730656396	0.162819046661
-0.188528447137	0.074063297280	0.979270980177	0.091696995269
0.000000000000	0.000000000000	0.000000000000	1.000000000000
0	8	60
0.412487224934	-0.298502598714	0.860668628351	-0.610639134422
-0.301466034575	-0.936284890900	-0.180246589623	-0.131478344321
0.859635108208	-0.185112942914	-0.476193951139	2.621447171519
0.000000000000	0.000000000000	0.000000000000	1.000000000000
0	9	60
0.958312921339	0.038232280738	0.283151262586	1.163042223652
-0.027296660963	0.998724879783	-0.042467714830	-0.125340656955
-0.284413848282	0.032968275845	0.958134570764	0.030246882907
0.000000000000	0.000000000000	0.000000000000	1.000000000000
0	16	60
0.200411418838	0.434597759177	-0.878043308111	0.975596675581
-0.389408396748	0.857725832415	0.335659793468	-0.253405101396
0.898997421432	0.274647381431	0.341134067679	0.593894286645
0.000000000000	0.000000000000	0.000000000000	1.000000000000
0	17	60
0.432447959983	-0.494320096942	0.754079839052	0.069487270184
0.525399929705	0.817817466604	0.234796731629	-0.510316797780
-0.732764406731	0.294656126826	0.613379239257	0.778650506415
0.000000000000	0.000000000000	0.000000000000	1.000000000000
0	18	60
0.615720643316	-0.410581412704	0.672540699836	0.015379844605
0.440768608068	0.886956901767	0.137951036784	-0.454304123195
-0.653154747006	0.211495527021	0.727089071926	0.630862160471
0.000000000000	0.000000000000	0.000000000000	1.000000000000
0	20	60
0.839928393087	-0.310643769476	0.444995216797	0.224967856800
0.283337468280	0.950355090722	0.128627682117	-0.172861112440
-0.462860857662	0.018045775777	0.886247243393	-0.421815738286
0.000000000000	0.000000000000	0.000000000000	1.000000000000
0	25	60
-0.667007502350	0.375371366156	-0.643581641502	0.340670714783
-0.437906390326	0.501340431274	0.746254490962	-2.105968387154
0.602776065483	0.779585857645	-0.170020308906	2.644870235266
0.000000000000	0.000000000000	0.000000000000	1.000000000000
0	30	60
0.128581590852	0.284733473506	-0.949944010750	2.167398872759
-0.267725817120	-0.912361922562	-0.309707295855	-0.738189808255
-0.954876778093	0.294147193296	-0.041082445580	2.661974305755
0.000000000000	0.000000000000	0.000000000000	1.000000000000
0	31	60
-0.872122136151	0.406972431991	-0.271618149680	-0.939160004391
0.147819673238	-0.310037580984	-0.939162415443	2.064549032794
-0.466425046326	-0.859214838080	0.210232105501	2.344372477566
0.000000000000	0.000000000000	0.000000000000	1.000000000000
0	32	60
-0.676774387865	0.546027657323	-0.493791682159	0.048732701177
-0.384159312652	0.310244886441	0.869580205007	-1.339205135828
0.628011186551	0.778204284154	-0.000204183583	1.876059394124
0.000000000000	0.000000000000	0.000000000000	1.000000000000
0	33	60
-0.975243808489	0.169638400563	-0.141853188393	-0.042684515454
-0.115380393000	0.156882530761	0.980854340080	-1.210148234403
0.188644848628	0.972939198818	-0.133425771460	1.762405351991
0.000000000000	0.000000000000	0.000000000000	1.000000000000
0	34	60
-0.961091972366	-0.233604084465	0.147415577111	0.215632405027
0.117500947761	0.137242586493	0.983543593202	-1.217568463003
-0.249991495714	0.962597321923	-0.104454046820	1.561680678522
0.000000000000	0.000000000000	0.000000000000	1.000000000000
0	36	60
0.922123896317	-0.090923643909	-0.376059052303	-0.463657078482
0.138815950343	0.985027859734	0.102226451955	-0.518059503762
0.361133841908	-0.146468448913	0.920939380036	0.003463552290
0.000000000000	0.000000000000	0.000000000000	1.000000000000
0	37	60
0.373409461030	-0.686854958362	0.623534795009	-0.229301384986
0.518884197969	0.711818017741	0.473364868486	-1.104285217971
-0.768976308810	0.146783431603	0.622197766547	1.159047017309
0.000000000000	0.000000000000	0.000000000000	1.000000000000
0	38	60
0.635416764761	-0.618022440056	0.462918781913	-0.423063127419
0.434560781908	0.781766877179	0.447210774215	-0.864431870668
-0.638280864423	-0.082998875490	0.765316094682	0.702362976940
0.000000000000	0.000000000000	0.000000000000	1.000000000000
0	41	60
0.963582815534	-0.109399168658	-0.244008154585	-0.506161945884
0.000385217562	0.913053635516	-0.407839319191	-0.169547439147
0.267409815105	0.392892963245	0.879844935326	0.026273955027
0.000000000000	0.000000000000	0.000000000000	1.000000000000
0	42	60
0.980469815756	-0.107950911475	-0.164394467979	-0.499526743813
0.040235922839	0.928314366527	-0.369612645094	-0.432509227332
0.192509768333	0.355779478908	0.914527720457	0.469988934983
0.000000000000	0.000000000000	0.000000000000	1.000000000000
0	43	60
0.960132251005	-0.110888133271	-0.256612319424	-0.501677466411
0.004183367442	0.923557107402	-0.383438089922	-0.593314239344
0.279514865468	0.367077772776	0.887200850268	0.871219148120
0.000000000000	0.000000000000	0.000000000000	1.000000000000
0	44	60
0.994581163061	-0.100255285467	0.027517045994	-0.621956196532
0.103785140368	0.941992645939	-0.319184115574	-0.768828980671
0.006079039659	0.320310369379	0.947293150268	1.200112197926
0.000000000000	0.000000000000	0.000000000000	1.000000000000
0	45	60
0.973986446594	-0.118757826134	0.192994768279	-0.550750407898
0.159926323758	0.963621472603	-0.214143009475	-0.985366039492
-0.160542744526	0.239437332657	0.957546756514	1.456820964864
0.000000000000	0.000000000000	0.000000000000	1.000000000000
0	46	60
0.912970949997	-0.039723894926	0.406086267478	-0.435825835505
0.167249786332	0.944230450107	-0.283648314049	-0.791596813958
-0.372171403299	0.326880512210	0.868698783989	1.630311629888
0.000000000000	0.000000000000	0.000000000000	1.000000000000
0	47	60
0.742960193101	-0.188632679713	0.642205468375	-0.327584349636
0.335033108544	0.935425386203	-0.112836886818	-1.064539172656
-0.579450573945	0.298993409613	0.758182018622	1.802004195258
0.000000000000	0.000000000000	0.000000000000	1.000000000000
0	48	60
0.628149190289	-0.161288739809	0.761192838346	-0.221585260481
0.311527140086	0.948580791029	-0.056083187145	-0.998075610440
-0.713007318145	0.272360836578	0.646096075650	1.945296153618
0.000000000000	0.000000000000	0.000000000000	1.000000000000
0	49	60
0.578123433490	-0.225614656092	0.784137311066	0.012301130207
0.335763228857	0.941656036394	0.023387245886	-1.046999093827
-0.743664137765	0.249763760539	0.620146526333	1.910027274433
0.000000000000	0.000000000000	0.000000000000	1.000000000000
0	50	60
0.527536224589	-0.286815821356	0.799651309238	0.038043531205
0.332088235177	0.936008488166	0.116642677172	-1.047282136809
-0.781935378278	0.204021554501	0.589026543965	2.093035507390
0.000000000000	0.000000000000	0.000000000000	1.000000000000
0	51	60
0.747870165122	-0.334340334760	0.573503929083	-0.012886726390
0.238002347689	0.941521048942	0.238522529113	-1.090244508688
-0.619713723114	-0.041888601703	0.783709286937	2.124312300671
0.000000000000	0.000000000000	0.000000000000	1.000000000000
0	52	60
0.726339446749	-0.298079101477	0.619338241479	-0.012936814743
0.230467356569	0.954526039406	0.189115937066	-1.038519296472
-0.647545987288	0.005374882236	0.762007417936	2.077553548860
0.000000000000	0.000000000000	0.000000000000	1.000000000000
0	53	60
-0.700277248405	0.485663642021	-0.523204168738	0.700079016760
-0.706670128617	-0.575446495291	0.411677859957	-0.051516921808
-0.101139036416	0.658021396215	0.746176076698	0.317508748524
0.000000000000	0.000000000000	0.000000000000	1.000000000000
0	59	60
0.974038194778	0.097234895103	-0.204438182072	0.165747794090
-0.079481561683	0.992456233381	0.093345091866	-0.399795239728
0.211972348354	-0.074672618794	0.974418659271	0.958630679148
0.000000000000	0.000000000000	0.000000000000	1.000000000000
1	6	60
0.942802986991	-0.196304191517	0.269420103394	0.581238513014
0.223083957255	0.972109934428	-0.072358989774	0.071745810998
-0.247701586058	0.128323574524	0.960300465732	0.182579829168
0.000000000000	0.000000000000	0.000000000000	1.000000000000
1	7	60
0.530375516670	-0.215983572990	0.819788330922	-0.576975798710
-0.263019484054	-0.961207005612	-0.083077333668	0.102185830249
0.805929626161	-0.171558120065	-0.566608550161	2.252235217663
0.000000000000	0.000000000000	0.000000000000	1.000000000000
1	9	60
0.952442121457	-0.043749661684	0.301562551350	1.303494333269
0.058313810960	0.997518151633	-0.039459303252	0.025034357270
-0.299087787657	0.055167964112	0.952629514035	-0.125079756980
0.000000000000	0.000000000000	0.000000000000	1.000000000000
1	18	60
0.553869738045	-0.471722451509	0.686080346621	0.182876196533
0.482788672033	0.853303872039	0.196945678092	-0.452813019632
-0.678338714386	0.222149568320	0.700361448012	0.515088803540
0.000000000000	0.000000000000	0.000000000000	1.000000000000
1	19	60
0.769534415469	-0.444037586518	0.458963402863	0.297975950310
0.486261436420	0.873311668984	0.029606490296	-0.117396816967
-0.413964489853	0.200392990337	0.887961739359	0.157087458748
0.000000000000	0.000000000000	0.000000000000	1.000000000000
1	20	60
-0.835592468030	-0.218241340682	0.504138814801	-0.576142828336
-0.312329223466	-0.566217341754	-0.762789864947	1.401344369835
0.451924422376	-0.794838750385	0.404963797575	0.888442357414
0.000000000000	0.000000000000	0.000000000000	1.000000000000
1	25	60
0.894941417616	-0.004125810820	-0.446164584789	1.490465919646
-0.001047319336	0.999935067090	-0.011347454601	-0.404949851748
0.446182431475	0.010622583903	0.894878985425	0.658479744485
0.000000000000	0.000000000000	0.000000000000	1.000000000000
1	30	60
0.167537894689	0.347737803558	-0.922501747326	0.775832952147
-0.501291755212	0.835779559526	0.224006928544	-1.194854675652
0.848903781356	0.424912870899	0.314342841727	1.608721874091
0.000000000000	0.000000000000	0.000000000000	1.000000000000
1	33	60
-0.954901884202	0.153038931373	-0.254443465295	0.243114592409
-0.246909322134	0.066693493473	0.966740794925	-1.244359411865
0.164918701762	0.985967070146	-0.025899003776	1.521998425908
0.000000000000	0.000000000000	0.000000000000	1.000000000000
1	36	60
0.952183906293	-0.157229991984	-0.261962856559	-0.489819524921
0.192518428302	0.974550088505	0.114842412719	-0.586691075800
0.237239253413	-0.159783774569	0.958220581090	-0.081664285970
0.000000000000	0.000000000000	0.000000000000	1.000000000000
1	37	60
0.293897296228	-0.723910333473	0.624162004900	0.003086298482
0.566311375589	0.657925624557	0.496412427755	-1.086288283475
-0.770010263015	0.207575773254	0.603321218929	1.035096322224
0.000000000000	0.000000000000	0.000000000000	1.000000000000
1	38	60
0.567025909489	-0.670355917570	0.478648683010	-0.230734130950
0.473209559455	0.740741249993	0.476838666007	-0.865575948161
-0.674206445244	-0.043878745851	0.737238309405	0.620075084644
0.000000000000	0.000000000000	0.000000000000	1.000000000000
1	39	60
0.657031745581	-0.545955829679	0.519847590490	-0.131236476803
0.388111207890	0.836141627158	0.387604011388	-0.631663794751
-0.646280879810	-0.052909463933	0.761263169356	0.252549271918
0.000000000000	0.000000000000	0.000000000000	1.000000000000
1	41	60
0.970849509103	-0.131409860317	-0.200456177967	-0.347976528978
0.032184069382	0.900210971908	-0.434263044403	-0.149698076817
0.237519296798	0.415152567941	0.878198684228	-0.085370697980
0.000000000000	0.000000000000	0.000000000000	1.000000000000
1	42	60
0.988359962438	-0.122945350226	-0.089604829705	-0.396324498209
0.073708688381	0.902228958207	-0.424911680505	-0.348548049560
0.133084987530	0.413361038113	0.900789119752	0.356675815966
0.000000000000	0.000000000000	0.000000000000	1.000000000000
1	43	60
0.970110803672	-0.143567981831	-0.195635536628	-0.329318813852
0.058191765323	0.920317496464	-0.386819627412	-0.641886829679
0.235581720529	0.363873522388	0.901164420435	0.750748415202
0.000000000000	0.000000000000	0.000000000000	1.000000000000
1	44	60
0.974916380533	-0.216726031491	0.050674236487	-0.345792223664
0.222568142097	0.950539471084	-0.216652108311	-1.012521146200
-0.001213710299	0.222496159936	0.974932810875	1.047239688410
0.000000000000	0.000000000000	0.000000000000	1.000000000000
1	45	60
0.948238715821	-0.208723609895	0.239327792976	-0.290206514739
0.264304206765	0.936501649117	-0.230451616368	-0.989504442774
-0.176030179527	0.281778487243	0.943193649270	1.303199905563
0.000000000000	0.000000000000	0.000000000000	1.000000000000
1	46	60
0.874526901774	-0.165519284117	0.455857504774	-0.198539903941
0.286410201424	0.934802029335	-0.210034193576	-0.905771979360
-0.391371811190	0.314242792337	0.864915933990	1.475344307215
0.000000000000	0.000000000000	0.000000000000	1.000000000000
1	59	60
0.982946031314	-0.002745989792	-0.183873758499	0.470089055424
-0.005844838742	0.998916817962	-0.046163065895	-0.314193501644
0.183801353054	0.046450514882	0.981865271961	1.017804094913
0.000000000000	0.000000000000	0.000000000000	1.000000000000
2	5	60
0.616535801586	0.547015324238	0.566266580695	-0.072324780613
-0.535832283299	0.818489724141	-0.207263927517	-0.216524280874
-0.576859921937	-0.175638283198	0.797736688349	0.309292175071
0.000000000000	0.000000000000	0.000000000000	1.000000000000
2	10	60
0.936355677180	-0.107691772459	0.334126514897	0.732417712233
0.139155003198	0.987676479994	-0.071631389425	0.087758129458
-0.322294788815	0.113567834401	0.939802328201	-0.493428853987
0.000000000000	0.000000000000	0.000000000000	1.000000000000
2	15	60
0.634877645144	0.371930494458	-0.677198702737	1.485086674986
-0.349719219389	0.919911229514	0.177369099347	-0.583947758624
0.688931668082	0.124221725578	0.714102317324	0.921509247846
0.000000000000	0.000000000000	0.000000000000	1.000000000000
2	26	60
-0.553902779751	0.474388659471	-0.684212766871	1.318852235119
-0.362383002367	0.602503753507	0.711103217969	-1.642453834429
0.749580062555	0.641829125840	-0.161818117170	2.006449983208
0.000000000000	0.000000000000	0.000000000000	1.000000000000
2	32	60
-0.451916821840	0.704110954159	-0.547721599329	0.966790273773
-0.494431282841	0.313351925448	0.810770175430	-1.185194784057
0.742501779585	0.637211373918	0.206525476061	1.372735576558
0.000000000000	0.000000000000	0.000000000000	1.000000000000
2	44	60
0.943259983651	-0.144444293696	0.298992389971	0.052072809968
0.234917249424	0.926663951503	-0.293441317656	-0.743476353975
-0.234679545690	0.347029922345	0.908017479915	0.798353200238
0.000000000000	0.000000000000	0.000000000000	1.000000000000
2	45	60
0.880109162769	-0.125519427249	0.457878515540	0.182102763168
0.279299373479	0.916765799563	-0.285538664153	-0.760407902568
-0.383926713820	0.379190377165	0.841911477699	1.054666499633
0.000000000000	0.000000000000	0.000000000000	1.000000000000
3	6	60
0.795645472127	-0.225217289672	0.562339270473	0.504101751533
0.230892672872	0.970989347969	0.062195335393	0.541629802674
-0.560032906441	0.080354580227	0.824564300185	-0.547471500955
0.000000000000	0.000000000000	0.000000000000	1.000000000000
3	7	60
-0.699476799309	-0.634043426754	0.329728888965	0.980918183853
-0.658803826310	0.750886752505	0.046331451003	0.783618320439
-0.276965206603	-0.184818878641	-0.942938097878	2.520641916187
0.000000000000	0.000000000000	0.000000000000	1.000000000000
3	15	60
0.665369411189	-0.548476416846	0.506416001740	0.385547701578
0.440347141985	0.836148576228	0.327032036685	-0.047242716388
-0.602808378508	0.005401725332	0.797867708435	0.331583073795
0.000000000000	0.000000000000	0.000000000000	1.000000000000
3	19	60
0.575453310812	-0.404072319555	0.711040819956	0.261572555155
0.461832584612	0.878081706785	0.125232503767	0.382395972991
-0.674954925062	0.256316360731	0.691908789044	-0.444395411095
0.000000000000	0.000000000000	0.000000000000	1.000000000000
3	25	60
0.992147138994	-0.124740902633	-0.009152147044	1.403943909535
0.125048864386	0.987741668742	0.093430066605	0.169450273649
-0.002614593847	-0.093840838872	0.995583778925	-0.409090170648
0.000000000000	0.000000000000	0.000000000000	1.000000000000
3	31	60
0.040116566652	0.554479878414	-0.831229646676	0.843771858319
-0.436686997310	0.757974976395	0.484539370473	-0.582501470248
0.898718603046	0.343549122531	0.272541506835	1.203055072658
0.000000000000	0.000000000000	0.000000000000	1.000000000000
3	32	60
-0.419221462215	0.725570123523	-0.545711793412	0.779463221271
-0.372021374212	0.411012835646	0.832267112209	-0.651124395042
0.828162703065	0.551920687042	0.097622192492	1.126618668988
0.000000000000	0.000000000000	0.000000000000	1.000000000000
3	36	60
-0.214612724498	-0.522995495948	0.824873984134	0.766730946305
0.548286594357	0.634412174069	0.544888065424	-0.541018685265
-0.808284101620	0.569207259802	0.150598494205	0.764631706709
0.000000000000	0.000000000000	0.000000000000	1.000000000000
3	37	60
0.030652473060	-0.669259209110	0.742396482290	0.303261414821
0.469555010746	0.665326886255	0.580394888252	-0.517122441136
-0.882370963812	0.330805449544	0.334647929583	0.563729149645
0.000000000000	0.000000000000	0.000000000000	1.000000000000
3	38	60
0.326314023602	-0.698510365244	0.636869239049	-0.048101483452
0.394790862266	0.712883036276	0.579601545600	-0.359929893586
-0.858870964157	0.062298043604	0.508389241321	0.206300808194
0.000000000000	0.000000000000	0.000000000000	1.000000000000
3	39	60
0.407582634190	-0.602472891092	0.686223587329	-0.095038099040
0.331935647799	0.797817950907	0.503294389925	-0.188241301744
-0.850702722475	0.022648017777	0.525158971421	-0.217318640722
0.000000000000	0.000000000000	0.000000000000	1.000000000000
3	46	60
0.690011166382	-0.195827491475	0.696804265092	0.251813700339
0.299569436296	0.953644538692	-0.028639948663	-0.425242784467
-0.658895092640	0.228503145284	0.716689311690	1.006070522204
0.000000000000	0.000000000000	0.000000000000	1.000000000000
3	59	60
-0.958555104569	-0.131458962711	-0.252766003701	-0.619013907521
-0.283963189910	0.512982849231	0.810070060656	-0.985294009180
0.023173654870	0.848273032412	-0.529051835081	2.370105025949
0.000000000000	0.000000000000	0.000000000000	1.000000000000
4	8	60
0.987144149446	-0.022961951316	0.158174514405	1.206694613217
-0.006483637023	0.983059377916	0.183172656100	0.464372809744
-0.159700941345	-0.181843361945	0.970272436509	-0.336289261127
0.000000000000	0.000000000000	0.000000000000	1.000000000000
4	16	60
0.781258905848	-0.449282465513	0.433335653063	-0.034354395497
0.341111681959	0.888685341963	0.306400364575	-0.076601290070
-0.522759354257	-0.091562160110	0.847548835391	0.468729240225
0.000000000000	0.000000000000	0.000000000000	1.000000000000
4	17	60
0.526316125459	-0.454048236013	0.718909963386	-0.013346666594
0.376077817403	0.882600105301	0.282103756407	-0.091595480847
-0.762598722356	0.121890333890	0.635284137347	0.366853729038
0.000000000000	0.000000000000	0.000000000000	1.000000000000
4	20	60
0.927689247402	-0.204812025647	0.312161327530	0.452411356474
0.157755654565	0.972829094074	0.169460045956	0.200538733819
-0.338387076745	-0.107961047943	0.934793345301	-0.885303743438
0.000000000000	0.000000000000	0.000000000000	1.000000000000
4	21	60
-0.106223497717	-0.399111737297	0.910728493946	-1.434829667199
-0.355881896000	-0.839978267528	-0.409615168397	1.030731985792
0.928474364015	-0.367622539071	-0.052811212202	1.794942924902
0.000000000000	0.000000000000	0.000000000000	1.000000000000
4	24	60
0.975117168925	-0.126658930802	0.181945107426	1.809472878173
0.103801776139	0.986050740839	0.130111981617	0.215049655987
-0.195886952446	-0.107988201847	0.974662428805	-0.426546079565
0.000000000000	0.000000000000	0.000000000000	1.000000000000
4	28	60
-0.013496295157	0.397893531376	-0.917332321302	1.337724027728
-0.232090995168	0.891113788422	0.389935874274	-0.547187601724
0.972600442103	0.218167261003	0.080320770961	1.493236443031
0.000000000000	0.000000000000	0.000000000000	1.000000000000
4	29	60
-0.992414716666	0.098200768147	-0.073957009678	-0.191420267061
0.011697719687	0.674296794079	0.738367792396	-1.490120013310
0.122377258914	0.731901935118	-0.670330786904	3.557413719837
0.000000000000	0.000000000000	0.000000000000	1.000000000000
4	35	60
-0.361853972438	-0.643823704033	0.674205266040	-0.046374011199
0.529166669560	0.453554980522	0.717126568655	-0.792061513899
-0.767492239999	0.616262052839	0.176569373826	1.344648555978
0.000000000000	0.000000000000	0.000000000000	1.000000000000
4	36	60
0.369983946944	-0.636050657199	0.677164264030	-0.043113915221
0.501533880718	0.750296760916	0.430718628631	-0.655957000204
-0.782033020719	0.180261842979	0.596598711422	1.089803909433
0.000000000000	0.000000000000	0.000000000000	1.000000000000
4	40	60
0.912311963185	-0.039035629019	-0.407631085047	-0.124271661874
-0.092339412255	0.950196962734	-0.297656118626	0.520816057270
0.398949012750	0.309195652747	0.863271529444	-0.811890613475
0.000000000000	0.000000000000	0.000000000000	1.000000000000
4	41	60
0.885914645433	-0.105069064512	-0.451791691701	-0.214686235205
-0.048539088982	0.947660482280	-0.315568640972	0.303613221556
0.461301634344	0.301496437801	0.834446343478	-0.558627080365
0.000000000000	0.000000000000	0.000000000000	1.000000000000
4	43	60
0.887138301311	-0.086969113206	-0.453235046853	-0.442700809200
-0.055552810327	0.954818361580	-0.291951676917	-0.019673416597
0.458147923287	0.284179995316	0.842224560702	0.297968062627
0.000000000000	0.000000000000	0.000000000000	1.000000000000
4	48	60
0.797698912370	-0.225403454729	0.559347591217	-0.326563913197
0.259035045509	0.965666509471	0.019724038246	-0.499582810239
-0.544589102354	0.129156784890	0.828698518470	1.340964310264
0.000000000000	0.000000000000	0.000000000000	1.000000000000
4	49	60
0.746014162752	-0.229819023930	0.625016867943	-0.125490121563
0.263439068204	0.963847675668	0.039968931109	-0.513373453847
-0.611606676155	0.134836472625	0.779587326303	1.395526250086
0.000000000000	0.000000000000	0.000000000000	1.000000000000
4	50	60
0.788448790006	-0.226712867380	0.571795226722	-0.082857663221
0.174115435032	0.973837015529	0.146031785817	-0.458581034872
-0.589942641976	-0.015580210180	0.807294826089	1.512148433333
0.000000000000	0.000000000000	0.000000000000	1.000000000000
4	51	60
0.916516692748	-0.256302436854	0.307093166283	-0.043214740567
0.198302075268	0.957895292184	0.207636451895	-0.476222115947
-0.347380826845	-0.129405062010	0.928752330316	1.535518645723
0.000000000000	0.000000000000	0.000000000000	1.000000000000
4	52	60
0.886540561338	-0.202886601384	0.415791847061	-0.142190658441
0.144197790159	0.975121798169	0.168358177847	-0.407736897364
-0.439605312089	-0.089300087982	0.893740825894	1.515979205919
0.000000000000	0.000000000000	0.000000000000	1.000000000000
4	53	60
0.679881117464	-0.335178657745	0.652239935536	-0.158295088727
0.272331163933	0.941227963234	0.199814059508	-0.477710649741
-0.680879874329	0.041775454745	0.731202713421	1.462904843305
0.000000000000	0.000000000000	0.000000000000	1.000000000000
4	54	60
0.400192900626	-0.351833029167	0.846202790043	-0.052595205488
0.267690783760	0.927975925825	0.259234113069	-0.342436206527
-0.876462940790	0.122777036436	0.465551836797	1.266318722181
0.000000000000	0.000000000000	0.000000000000	1.000000000000
4	58	60
-0.670872939267	0.468733607462	-0.574646243001	1.414585067889
0.227052025400	-0.607854731481	-0.760894212870	1.354700194845
-0.705958127031	-0.640937930421	0.301366375408	0.766957037979
0.000000000000	0.000000000000	0.000000000000	1.000000000000
4	59	60
0.364107689652	-0.521119352153	0.771919821709	-0.397724142465
0.318688304320	0.848492408073	0.422490707746	0.002369319316
-0.875136192273	0.092169703554	0.475017253077	0.825385824592
0.000000000000	0.000000000000	0.000000000000	1.000000000000
5	13	60
0.896009727641	0.167460637054	-0.411246280238	-0.250218056046
-0.107412904029	0.980394876000	0.165191873775	-0.085866941784
0.430846882338	-0.103840368598	0.896430779162	0.334135735729
0.000000000000	0.000000000000	0.000000000000	1.000000000000
5	14	60
0.965751363372	0.053848361944	-0.253820129344	-0.586117897944
0.006378912524	0.973005074654	0.230695544327	-0.190928977470
0.259390851071	-0.224413632859	0.939337483425	0.531665828622
0.000000000000	0.000000000000	0.000000000000	1.000000000000
5	21	60
0.857027936214	-0.204115087396	0.473117477638	0.360699551954
0.106569996545	0.968556366068	0.224814148989	-0.075462506863
-0.504128904533	-0.142251878183	0.851832407677	-0.590380508981
0.000000000000	0.000000000000	0.000000000000	1.000000000000
5	24	60
0.997822243638	0.015837498622	0.064030803039	1.819106551222
-0.024536716810	0.990205015904	0.137448084769	-0.200686295725
-0.061226788488	-0.138719862009	0.988437190850	-0.106856218673
0.000000000000	0.000000000000	0.000000000000	1.000000000000
5	27	60
-0.011308062860	0.508810378568	-0.860804348488	1.508643693094
-0.235675697351	0.835251177267	0.496802210696	-0.800181446986
0.971765966369	0.208488535740	0.110469167972	1.524275758985
0.000000000000	0.000000000000	0.000000000000	1.000000000000
5	28	60
-0.057511195704	0.486711881540	-0.871667371614	0.910392613914
-0.162238749502	0.856950089507	0.489198458965	-0.771725859068
0.985074134534	0.169552612664	0.029679302723	1.680199223398
0.000000000000	0.000000000000	0.000000000000	1.000000000000
5	34	60
0.837372113184	0.315945365307	-0.446078995474	1.079701889458
-0.047097167442	0.854713189084	0.516959593416	-0.386506734647
0.544600588395	-0.411878490027	0.730593121082	0.380815950476
0.000000000000	0.000000000000	0.000000000000	1.000000000000
5	35	60
-0.195003160845	-0.589023729790	0.784235177102	-0.506579128218
0.583219123646	0.573225861552	0.575558481357	-0.785632548556
-0.788561488455	0.569616675838	0.231749048614	1.509019664202
0.000000000000	0.000000000000	0.000000000000	1.000000000000
5	40	60
0.775105034450	0.124565144937	-0.619431763988	0.208336335869
-0.296027185779	0.937708314770	-0.181854396954	0.383979406323
0.558193596210	0.324324900491	0.763697104925	-0.525599189289
0.000000000000	0.000000000000	0.000000000000	1.000000000000
5	41	60
0.740688781754	-0.003758357103	-0.671837780521	0.068704163137
-0.219550921880	0.943729390084	-0.247330206390	0.320480067446
0.634962614085	0.330697313329	0.698184621480	-0.262918090031
0.000000000000	0.000000000000	0.000000000000	1.000000000000
5	42	60
0.895522428130	0.083826020669	-0.437050087491	-0.662066870484
-0.193649873386	0.957643625060	-0.213115963548	0.060773876772
0.400673566952	0.275484819256	0.873824242686	0.003454325713
0.000000000000	0.000000000000	0.000000000000	1.000000000000
5	43	60
0.754959073277	-0.053648583900	-0.653573735031	-0.404036548470
-0.072515568566	0.983705900088	-0.164511988768	-0.251742028021
0.651750174524	0.171594089579	0.738767337143	0.448342980738
0.000000000000	0.000000000000	0.000000000000	1.000000000000
5	44	60
-0.517056555468	0.685114768475	0.513098696612	-0.252186298856
-0.849531054150	-0.484037222460	-0.209773581055	0.389757150715
0.104639889539	-0.544358081864	0.832300890439	0.901125888366
0.000000000000	0.000000000000	0.000000000000	1.000000000000
5	45	60
0.998428015774	-0.006848911088	-0.055629036785	-1.105240280413
-0.000348950957	0.991727318458	-0.128362003944	-0.452295119814
0.056047975431	0.128179632705	0.990165948824	1.004281230846
0.000000000000	0.000000000000	0.000000000000	1.000000000000
5	50	60
0.818395154007	-0.087594369729	0.567940664409	-0.561865350993
0.026215360156	0.992976329435	0.115372284688	-0.532564061247
-0.574057598843	-0.079531349630	0.814943334003	1.707098329755
0.000000000000	0.000000000000	0.000000000000	1.000000000000
5	51	60
0.486003472678	0.467935197158	0.738130934053	-0.814615347261
-0.373624218883	0.874759268327	-0.308546861172	-0.023245768055
-0.790066812117	-0.125828747655	0.599967964691	2.077652682916
0.000000000000	0.000000000000	0.000000000000	1.000000000000
5	52	60
0.923121753360	-0.028485226047	0.383451196856	-0.592880520283
-0.041103174361	0.984227405921	0.172066680363	-0.483272222818
-0.382304535064	-0.174599557075	0.907390895446	1.669989635826
0.000000000000	0.000000000000	0.000000000000	1.000000000000
5	53	60
0.748352874298	-0.171040260980	0.640869101029	-0.586347469503
0.077824479941	0.982149579235	0.171247056416	-0.568040036628
-0.658719459141	-0.078277922386	0.748305579971	1.630912456455
0.000000000000	0.000000000000	0.000000000000	1.000000000000
5	54	60
0.451168959585	-0.272354574775	0.849864433605	-0.451790000489
0.215644110290	0.957345707867	0.192319560433	-0.495043415184
-0.865993179883	0.096499643664	0.490656326942	1.460091067183
0.000000000000	0.000000000000	0.000000000000	1.000000000000
5	55	60
0.084227443619	-0.433144419503	0.897380437493	-0.474026347066
0.279435528944	0.874711188412	0.395974900758	-0.393492170734
-0.956463027464	0.217408023586	0.194710627278	1.349153325164
0.000000000000	0.000000000000	0.000000000000	1.000000000000
5	57	60
-0.127125065442	-0.525906443025	0.840988484417	-0.720061105088
0.271088443603	0.797165222281	0.539479994190	-0.302405433899
-0.954122776943	0.296563688895	0.041227478070	1.254683317288
0.000000000000	0.000000000000	0.000000000000	1.000000000000
5	58	60
0.156274852111	-0.512832566324	0.844145087953	-0.792982165781
0.241952417094	0.848482977766	0.470675752831	-0.230100914140
-0.957620592124	0.130688160743	0.256677630856	1.088261160096
0.000000000000	0.000000000000	0.000000000000	1.000000000000
5	59	60
0.456478996666	-0.447090455379	0.769244467196	-0.690213027506
0.228193920892	0.894488749808	0.384470299158	-0.154840610251
-0.859973522889	0.000034294687	0.510338651048	0.937077654091
0.000000000000	0.000000000000	0.000000000000	1.000000000000
6	13	60
0.878688351076	0.254742096278	-0.403748988936	-0.521757134090
-0.237115681885	0.966920127686	0.094029889290	-0.167949804881
0.414346395046	0.013112248450	0.910024798483	0.331731753001
0.000000000000	0.000000000000	0.000000000000	1.000000000000
6	14	60
0.966756643759	0.095168160778	-0.237328070235	-0.954941746597
-0.070132036833	0.991252044172	0.111807344726	-0.180603875991
0.245892434119	-0.091446192372	0.964973836300	0.529168541756
0.000000000000	0.000000000000	0.000000000000	1.000000000000
6	22	60
0.652476458068	-0.462098460527	0.600615920907	0.416348238550
0.328432775248	0.886700700950	0.325413243549	-0.248156568277
-0.682939516949	-0.015062526798	0.730319612551	-0.428345318717
0.000000000000	0.000000000000	0.000000000000	1.000000000000
6	27	60
0.037794809302	0.442888523617	-0.895779720712	1.247746627889
-0.284012384265	0.864213070070	0.415298368772	-0.881342142391
0.958075423948	0.238716411604	0.158448593736	1.365461567959
0.000000000000	0.000000000000	0.000000000000	1.000000000000
6	34	60
-0.855777593076	-0.346362299935	0.384288782524	-0.755913581969
0.267726556495	0.339110287176	0.901846275193	-0.981836070139
-0.442681829463	0.874664147153	-0.197472599485	1.293786914878
0.000000000000	0.000000000000	0.000000000000	1.000000000000
6	42	60
-0.712485874639	-0.100677452428	0.694426330875	-1.576349553579
-0.100977457029	0.994063417926	0.040515112155	-0.858672229380
-0.694382770244	-0.041254959866	-0.718422296894	5.048377214415
0.000000000000	0.000000000000	0.000000000000	1.000000000000
6	44	60
0.863698484585	-0.421391182523	-0.276503886081	-1.172912259553
0.297556098743	0.869121270035	-0.395080480501	-0.495676506973
0.406798839511	0.258954994669	0.876046240166	0.648671201112
0.000000000000	0.000000000000	0.000000000000	1.000000000000
6	45	60
0.997721353710	0.050259265641	-0.045012293524	-1.368365157118
-0.054531764417	0.993556976146	-0.099352009650	-0.692479058733
0.039728919198	0.101580221348	0.994033737662	0.963140105525
0.000000000000	0.000000000000	0.000000000000	1.000000000000
6	46	60
0.984886721597	-0.108373269984	0.135105070132	-1.243329692039
0.132046655649	0.974612505157	-0.180815224812	-0.677572845797
-0.112079553685	0.195922686652	0.974193242894	1.110572742691
0.000000000000	0.000000000000	0.000000000000	1.000000000000
6	47	60
0.936137926937	-0.088042727006	0.340432460220	-1.108179775357
0.131570161757	0.985523739116	-0.106921710491	-0.789904991718
-0.326090592145	0.144884222263	0.934169945917	1.289828664448
0.000000000000	0.000000000000	0.000000000000	1.000000000000
6	48	60
0.849044735838	-0.135244734406	0.510717043344	-1.075718645037
0.165947438547	0.986024013561	-0.014767949083	-0.801696801711
-0.501581981520	0.097290834593	0.859622015376	1.452041725558
0.000000000000	0.000000000000	0.000000000000	1.000000000000
6	50	60
0.822694891518	-0.199757523337	0.532231197264	-0.816625165938
0.141782386585	0.978743813955	0.148183337451	-0.863985709951
-0.550518728405	-0.046448665366	0.833529634243	1.631757248225
0.000000000000	0.000000000000	0.000000000000	1.000000000000
6	51	60
0.922778428742	-0.108979272919	0.369599092968	-0.911418432309
0.130057057121	0.990973156150	-0.032517159825	-0.621398659022
-0.362719083234	0.078075103997	0.928622175480	1.712606169239
0.000000000000	0.000000000000	0.000000000000	1.000000000000
6	52	60
0.914290202194	-0.114980276138	0.388397943186	-0.906406488071
0.052681291893	0.984475515400	0.167429510727	-0.770666601894
-0.401619356675	-0.132617855800	0.906153627519	1.635310319582
0.000000000000	0.000000000000	0.000000000000	1.000000000000
6	55	60
0.086510483689	-0.489870765549	0.867492114818	-0.788537354492
0.288162357426	0.845839871270	0.448906858860	-0.631955436845
-0.953665765336	0.211143423363	0.214336331022	1.299774161168
0.000000000000	0.000000000000	0.000000000000	1.000000000000
6	56	60
-0.031729285927	-0.547687720969	0.836080984543	-0.933333073699
0.321781018533	0.786368501105	0.527334387824	-0.540545289991
-0.946282319673	0.285766934352	0.151284601676	1.196158138845
0.000000000000	0.000000000000	0.000000000000	1.000000000000
6	57	60
-0.154890474673	-0.578527122607	0.800821646350	-1.010223949313
0.299541421379	0.744945347531	0.596096775760	-0.560681905175
-0.941426512126	0.332208966767	0.057907898128	1.205851048791
0.000000000000	0.000000000000	0.000000000000	1.000000000000
6	58	60
0.159482714484	-0.561201694008	0.812168653928	-1.103488791870
0.297759979687	0.811729568829	0.502428205404	-0.477664059496
-0.941224871260	0.161702707864	0.296560240072	1.004364277366
0.000000000000	0.000000000000	0.000000000000	1.000000000000
7	12	60
0.969742407689	0.031689910503	-0.242064892749	-0.741510749036
-0.032774452129	0.999462670232	-0.000453983830	-0.204539593784
0.241920437369	0.008373791611	0.970259955681	0.535016392806
0.000000000000	0.000000000000	0.000000000000	1.000000000000
7	13	60
0.858329551494	-0.149604805790	-0.490804220761	-0.836345064676
-0.342006781115	0.546254212431	-0.764616045524	1.371617226373
0.382494108065	0.824150919120	0.417700275090	2.350199835563
0.000000000000	0.000000000000	0.000000000000	1.000000000000
7	14	60
0.741566718479	-0.460230933552	-0.488125280891	-0.847568631448
0.537549635850	0.842948306309	0.021875600273	-0.842125250321
0.401396550858	-0.278613784102	0.872499380096	0.589538355980
0.000000000000	0.000000000000	0.000000000000	1.000000000000
7	22	60
0.707521913077	-0.357997420568	0.609303364001	0.096462529458
0.241332838915	0.932757781421	0.267808480187	-0.341766333330
-0.664207199131	-0.042435457645	0.746343103778	-0.354671448653
0.000000000000	0.000000000000	0.000000000000	1.000000000000
7	23	60
0.782684664626	-0.381598447185	0.491718761961	0.704488893038
0.319724006976	0.924309412538	0.208395463621	-0.211253547783
-0.534023665320	-0.005893640674	0.845448987153	-0.392105858918
0.000000000000	0.000000000000	0.000000000000	1.000000000000
7	27	60
0.765794959081	-0.392936665029	0.509076475514	-0.645675904219
0.368864966748	0.916838197966	0.152795140817	-0.053173205842
-0.526779571502	0.070770728603	0.847050640175	-0.681853424177
0.000000000000	0.000000000000	0.000000000000	1.000000000000
7	34	60
-0.898743546314	-0.248453452340	0.361290630904	-1.066513847881
0.295429337823	0.265749894614	0.917659250412	-1.133851139777
-0.324008555924	0.931476180873	-0.165440563814	1.451359321449
0.000000000000	0.000000000000	0.000000000000	1.000000000000
7	46	60
0.951633266672	0.042178113994	0.304327344257	-1.734835831830
0.043676724065	0.961899666396	-0.269891414390	-0.687766544036
-0.304115881758	0.270129669764	0.913533519897	1.457085560128
0.000000000000	0.000000000000	0.000000000000	1.000000000000
7	47	60
0.881785225378	-0.141245711030	0.450004961551	-1.518182159855
0.113797946868	0.989631380096	0.087634233135	-1.222734803283
-0.457716990719	-0.026064931310	0.888715801459	1.593655173957
0.000000000000	0.000000000000	0.000000000000	1.000000000000
7	48	60
0.760357902598	-0.148857753542	0.632216125361	-1.482289771701
0.266115589810	0.959329672096	-0.094175756414	-0.897898193346
-0.592484896699	0.239849847710	0.769047266257	1.680210819890
0.000000000000	0.000000000000	0.000000000000	1.000000000000
7	49	60
0.746979414510	-0.103852659021	0.656685906284	-1.231043404095
0.170844552352	0.984540284864	-0.038633747045	-0.979672371529
-0.642521511881	0.141049823443	0.753173986591	1.713345898527
0.000000000000	0.000000000000	0.000000000000	1.000000000000
7	50	60
-0.654873638975	-0.011611805265	-0.755649179815	-0.026091046051
-0.036328745525	0.999209721337	0.016129322182	-0.899742986684
0.754864715843	0.038014454671	-0.654777948630	3.617712968316
0.000000000000	0.000000000000	0.000000000000	1.000000000000
7	51	60
0.669982611739	-0.735823188660	0.098425276210	-0.486359361556
0.742052205367	0.659857601643	-0.118095173755	-0.652629830596
0.021950500617	0.152158406221	0.988112339230	1.783646530788
0.000000000000	0.000000000000	0.000000000000	1.000000000000
7	52	60
0.937090386665	-0.098669032084	0.334852249996	-1.101778530344
0.029227754330	0.978031768132	0.206396702737	-0.944922400927
-0.347861101011	-0.183625386675	0.919388042000	1.747531880014
0.000000000000	0.000000000000	0.000000000000	1.000000000000
7	56	60
-0.147700914540	-0.523358457410	0.839214135309	-1.294138450041
0.337153463623	0.771052867329	0.540189797896	-0.692107890717
-0.929791364668	0.362730479615	0.062566902970	1.480200332089
0.000000000000	0.000000000000	0.000000000000	1.000000000000
7	57	60
-0.218610916700	-0.557556068066	0.800837373043	-1.367133237663
0.312883819829	0.737306062484	0.598734904205	-0.688169167153
-0.924290529211	0.381459042608	0.013267118137	1.420977490597
0.000000000000	0.000000000000	0.000000000000	1.000000000000
8	10	60
0.942306669036	0.108979122197	-0.316514916578	-0.441812747916
-0.152265267746	0.981585947744	-0.115344334189	-0.317020128110
0.298116470074	0.156883963860	0.941548720011	0.011433967792
0.000000000000	0.000000000000	0.000000000000	1.000000000000
8	11	60
0.959422437846	-0.120145276463	-0.255095468992	-0.723832608494
0.091208698242	0.988278218063	-0.122421963177	-0.308607996128
0.266813716143	0.094187452703	0.959134591510	0.133956562285
0.000000000000	0.000000000000	0.000000000000	1.000000000000
8	15	60
0.951021131023	-0.266003835686	-0.157482595066	-1.268277367435
0.282553982047	0.954653360502	0.093809426563	-0.702336324586
0.125387621311	-0.133712081290	0.983055961652	0.495350707829
0.000000000000	0.000000000000	0.000000000000	1.000000000000
8	26	60
0.514953543389	0.233413934166	-0.824827729583	0.998326171232
-0.284936220512	0.954110755331	0.092108722724	-0.778096206232
0.808476467432	0.187591582697	0.557830798459	1.032398446836
0.000000000000	0.000000000000	0.000000000000	1.000000000000
8	34	60
-0.887952575893	-0.361378376994	0.284509914777	-1.504140990211
0.225351960220	0.197410599577	0.954067895487	-1.402344006506
-0.400944780475	0.911281912371	-0.093853924767	1.264600399606
0.000000000000	0.000000000000	0.000000000000	1.000000000000
8	38	60
0.857368305718	-0.461871013156	0.227144789852	-1.712904506648
0.381683384540	0.866598817145	0.321440949615	-0.844027163351
-0.345307663274	-0.188895890188	0.919282851115	-0.007360786727
0.000000000000	0.000000000000	0.000000000000	1.000000000000
8	48	60
0.848206176986	-0.269124680047	0.456199723710	-1.832255956710
0.374897514565	0.913475771993	-0.158157729988	-1.227157400676
-0.374163246319	0.305178506078	0.875709965989	1.230167638681
0.000000000000	0.000000000000	0.000000000000	1.000000000000
8	49	60
0.277808898754	0.935177397804	0.219693992658	-0.275779111956
-0.832104281101	0.119982405670	0.541485630191	-0.308157992885
0.480025708839	-0.333237838437	0.811497296291	-0.707722635638
0.000000000000	0.000000000000	0.000000000000	1.000000000000
8	50	60
0.826494853215	-0.377024132161	0.418041937343	-1.538199523908
0.374290002906	0.922717986392	0.092187370678	-1.375443192642
-0.420491678079	0.080276530546	0.903738030244	1.438841850430
0.000000000000	0.000000000000	0.000000000000	1.000000000000
8	52	60
0.921942294128	-0.193567923560	0.335490484614	-1.677355621989
