0	3	66
0.488662869292	-0.231028622754	0.841328934272	-0.770034772913
0.327377166328	0.942397772235	0.068634028399	0.046896167899
-0.808722938430	0.241892981203	0.536148295252	0.174227097715
0.000000000000	0.000000000000	0.000000000000	1.000000000000
0	8	66
0.772792489946	-0.108296611331	0.625350790723	-0.699881785812
0.175542265336	0.983366770848	-0.046633754645	-0.179593442415
-0.609898910119	0.145813709800	0.778949087855	1.000500150846
0.000000000000	0.000000000000	0.000000000000	1.000000000000
0	18	66
0.768285569057	-0.022998222044	0.639693962893	-0.043216667711
0.099916483157	0.991413300842	-0.084358540209	0.291060287200
-0.632261006842	0.128727420138	0.763986433474	-0.362730259734
0.000000000000	0.000000000000	0.000000000000	1.000000000000
0	19	66
-0.665582069870	-0.386376818309	0.638524441616	-0.581238312329
-0.051842561628	-0.829556356162	-0.556011331498	2.756533085080
0.744521898316	-0.403173915605	0.532107072594	1.160470774697
0.000000000000	0.000000000000	0.000000000000	1.000000000000
0	21	66
-0.399868958783	0.444073918354	-0.801812428714	1.012632827814
-0.188716356876	0.816162876790	0.546135784578	-0.926634807724
0.896934196276	0.369697867978	-0.242554187684	2.621087823190
0.000000000000	0.000000000000	0.000000000000	1.000000000000
0	22	66
-0.140669758529	-0.406942647231	0.902557311698	-1.047038461098
-0.463232541262	-0.778628974081	-0.423264141450	1.556892075794
0.875001503856	-0.477634381705	-0.078979526857	2.300833386072
0.000000000000	0.000000000000	0.000000000000	1.000000000000
0	33	66
-0.170140498530	0.496813641207	-0.851016108349	0.869647889252
-0.358220303200	0.773342636272	0.523086399458	-0.160677453209
0.918003499522	0.393849429139	0.046391831518	0.575630632167
0.000000000000	0.000000000000	0.000000000000	1.000000000000
0	39	66
0.513879439047	0.446325063221	-0.732613035692	1.662058186940
-0.242465038162	0.894743751733	0.375025764454	-0.486723185204
0.822884334153	-0.015084981809	0.568008640718	0.851918698107
0.000000000000	0.000000000000	0.000000000000	1.000000000000
0	44	66
0.725527330320	-0.103591297998	0.680352067637	0.520635536759
0.128453980673	0.991616625317	0.014001544377	-0.271953975095
-0.676098859493	0.077235428234	0.732751677458	0.063371800314
0.000000000000	0.000000000000	0.000000000000	1.000000000000
0	45	66
0.841371866170	-0.110907133328	0.528954620543	0.378433152286
0.269347642342	0.934561022273	-0.232481274971	-0.130647993733
-0.468556539151	0.338075884121	0.816185926241	0.009940734730
0.000000000000	0.000000000000	0.000000000000	1.000000000000
0	50	66
0.690312182045	-0.105180727548	0.715825471657	-0.711496296031
0.186191220033	0.981879861194	-0.035281266473	-0.282087574489
-0.699143705473	0.157635505943	0.697387357473	1.050245767114
0.000000000000	0.000000000000	0.000000000000	1.000000000000
0	51	66
0.763240690856	-0.104001371001	0.637689079922	-0.781693265233
0.135529318464	0.990773137966	-0.000626835192	-0.457917350793
-0.631740019041	0.086903992519	0.770293609233	1.411857401369
0.000000000000	0.000000000000	0.000000000000	1.000000000000
0	64	66
-0.142011334694	-0.805890070925	-0.574781675424	1.510716204554
0.176223936451	0.550807636896	-0.815816199495	3.543688586235
0.974052311244	-0.217145436799	0.063796192970	2.797132550700
0.000000000000	0.000000000000	0.000000000000	1.000000000000
1	8	66
0.891494309387	-0.087003870196	0.444598946132	-0.353885719034
0.131156738375	0.988924753333	-0.069467562384	-0.184113003309
-0.433630956355	0.120242084212	0.893031933849	0.795704683649
0.000000000000	0.000000000000	0.000000000000	1.000000000000
1	19	66
-0.354871610188	0.119301509489	-0.927271961248	4.031531154677
0.303580404833	-0.923375560229	-0.234981940953	1.783244108097
-0.884253966960	-0.364890017137	0.291462171319	2.024884358992
0.000000000000	0.000000000000	0.000000000000	1.000000000000
1	20	66
-0.247464634923	-0.342915606092	0.906184386072	-1.112287782100
-0.391893994428	-0.819929145899	-0.417295210655	1.121922357253
0.886104029781	-0.458394025706	0.068516900129	2.831460776505
0.000000000000	0.000000000000	0.000000000000	1.000000000000
1	21	66
-0.581108081718	0.392022163133	-0.713184422835	0.956979614622
-0.163324538570	0.802329537355	0.574101392255	-0.991219196711
0.797269397672	0.450095475539	-0.402213339455	2.761900039695
0.000000000000	0.000000000000	0.000000000000	1.000000000000
1	22	66
-0.376544645316	-0.262519202663	0.888424334604	-0.967283124120
-0.349643162603	-0.847809532292	-0.398708735544	1.452885171249
0.857883318948	-0.460763133495	0.227450095369	1.724142833704
0.000000000000	0.000000000000	0.000000000000	1.000000000000
1	33	66
-0.325894675131	0.497227786545	-0.804087799316	1.121226112123
-0.342285300906	0.730764192794	0.590613636241	-0.256786029650
0.881268082654	0.467705273455	-0.067958396672	0.624435462995
0.000000000000	0.000000000000	0.000000000000	1.000000000000
1	39	66
-0.984107568367	-0.101044342425	0.146021692729	-0.145397325064
-0.042504068353	-0.664374964664	-0.746189862234	1.941813319422
0.172411420901	-0.740537606872	0.649521635322	0.657339134334
0.000000000000	0.000000000000	0.000000000000	1.000000000000
1	44	66
0.783992147685	-0.330480594136	0.525489190438	1.022895973840
0.248279918443	0.942787853339	0.222504259947	-0.643787186926
-0.568958165831	-0.043973179281	0.821189968910	0.225940530911
0.000000000000	0.000000000000	0.000000000000	1.000000000000
1	50	66
0.835795264703	-0.071444380583	0.544373011806	-0.385088027849
0.162996256374	0.979084972826	-0.121757284771	-0.171183266336
-0.524288561679	0.190494925050	0.829959750604	0.848377865856
0.000000000000	0.000000000000	0.000000000000	1.000000000000
1	51	66
0.886950761266	-0.058009654417	0.458206533218	-0.537937020337
0.105650574285	0.991259254524	-0.079012951308	-0.365627977754
-0.449617952536	0.118490380688	0.885326903715	1.187767552968
0.000000000000	0.000000000000	0.000000000000	1.000000000000
1	64	66
-0.876478639949	-0.353508843233	-0.326828229302	1.264006979535
0.175740496231	0.397086369701	-0.900798364221	1.812514480028
0.448219222811	-0.846967480340	-0.285911901726	3.566678276228
0.000000000000	0.000000000000	0.000000000000	1.000000000000
2	4	66
0.625665156707	0.190887311274	0.756376325699	-1.627571941931
0.516961946433	0.624665619266	-0.585271911206	1.945980495688
-0.584203267385	0.757202019610	0.292150036582	2.287462414315
0.000000000000	0.000000000000	0.000000000000	1.000000000000
2	21	66
-0.528348385457	-0.214998405148	0.821354776798	-1.821424018813
-0.342021800405	-0.831541545121	-0.437675389741	1.461938632495
0.777090130958	-0.512166325056	0.365809491192	1.937645460727
0.000000000000	0.000000000000	0.000000000000	1.000000000000
2	34	66
0.153553601918	0.429377145071	-0.889975594401	0.906286020028
-0.211209995204	0.894104325563	0.394927579354	-0.212703127640
0.965303905132	0.127329188719	0.227981684432	1.069689258198
0.000000000000	0.000000000000	0.000000000000	1.000000000000
2	43	66
0.750816296987	0.103832240064	-0.652298822704	1.200882658550
-0.025959666077	0.991442571921	0.127936399511	-0.117384619229
0.660000745390	-0.079123274111	0.747086690805	0.698230508229
0.000000000000	0.000000000000	0.000000000000	1.000000000000
2	51	66
0.986453566697	-0.037977353341	0.159584088758	-0.841259924161
0.034639169206	0.999120039414	0.023648991482	-0.267239804182
-0.160341787155	-0.017800771743	0.986901030406	1.081185161687
0.000000000000	0.000000000000	0.000000000000	1.000000000000
3	8	66
0.928997577799	0.070135802079	-0.363379236762	-0.588325271617
-0.081755564331	0.996512899635	-0.016675387926	-0.032518746653
0.360942555186	0.045199669560	0.931492062085	0.464597343167
0.000000000000	0.000000000000	0.000000000000	1.000000000000
3	35	66
-0.030681203125	0.489800362083	-0.871294593738	0.545543769749
-0.340312348816	0.814505540911	0.469859797248	-0.463173348182
0.939811773186	0.310928173585	0.141695101724	1.726029728165
0.000000000000	0.000000000000	0.000000000000	1.000000000000
3	36	66
0.383153291226	0.334198600881	-0.861106759114	0.676444999523
-0.174012670969	0.941675432402	0.288039876323	-0.359106719552
0.907145603398	0.039480060525	0.418960832365	1.618177291621
0.000000000000	0.000000000000	0.000000000000	1.000000000000
3	37	66
0.401438540495	0.453825057070	-0.795543786212	0.683184025669
-0.303108751310	0.885489437659	0.352183958569	-0.462720265483
0.864275524983	0.099756069337	0.493027933839	1.652072419214
0.000000000000	0.000000000000	0.000000000000	1.000000000000
3	41	66
0.702928372724	-0.175442928418	0.689283310176	0.654896965982
0.107766390750	0.984183383410	0.140603957430	-0.375160888618
-0.703049150376	-0.024552936453	0.710717275340	1.077778586964
0.000000000000	0.000000000000	0.000000000000	1.000000000000
3	42	66
0.856967936806	-0.085051281033	0.508303290252	1.128947344386
0.250043972754	0.931043947534	-0.265772796668	-0.195762085106
-0.450648385080	0.354856939279	0.819141370992	0.871973550905
0.000000000000	0.000000000000	0.000000000000	1.000000000000
4	6	66
0.819885212074	0.152193315519	-0.551928830315	1.056657375614
-0.011377119768	0.968161419162	0.250068045924	-0.646432225250
0.572414884649	-0.198747732459	0.795512752050	0.238233431283
0.000000000000	0.000000000000	0.000000000000	1.000000000000
4	7	66
0.706677926967	0.310797931118	-0.635618559791	1.380097284519
-0.074361073616	0.926005475393	0.370113888247	-1.184127604197
0.703616897372	-0.214286036772	0.677498897547	0.752932485391
0.000000000000	0.000000000000	0.000000000000	1.000000000000
4	38	66
0.090096188357	-0.653499898733	0.751545447195	-2.148889137723
0.995924667516	0.062217255507	-0.065292187510	-0.430649836689
-0.004090657187	0.754365226845	0.656442206938	1.884168718199
0.000000000000	0.000000000000	0.000000000000	1.000000000000
4	45	66
0.684011113356	-0.032464988125	-0.728748805386	1.321345530537
0.010602753819	0.999346105161	-0.034567957857	-0.503343339877
0.729394528644	0.015918123160	0.683908060297	1.170917515480
0.000000000000	0.000000000000	0.000000000000	1.000000000000
4	49	66
0.785851898539	0.295796398145	-0.543084969785	0.861503674257
-0.062296488926	0.911586711931	0.406360448492	-0.079795849346
0.615268998918	-0.285506843132	0.734799225296	0.416289713276
0.000000000000	0.000000000000	0.000000000000	1.000000000000
5	8	66
0.927062437644	0.019700646640	-0.374388997208	-0.921457847868
0.004524620904	0.997957737659	0.063717200595	0.263178696758
0.374879666712	-0.060763791586	0.925079994983	0.479495005032
0.000000000000	0.000000000000	0.000000000000	1.000000000000
5	34	66
-0.452232925661	0.380215979330	-0.806796870352	0.172041102401
-0.099202638873	0.877526605749	0.469154444338	-0.068509206076
0.886365735681	0.292203465524	-0.359127995772	1.717537561547
0.000000000000	0.000000000000	0.000000000000	1.000000000000
5	35	66
-0.072887748267	0.434234576821	-0.897846149652	0.247693221223
-0.080192811008	0.894774112682	0.439258921749	-0.124447304029
0.994110903881	0.104017400306	-0.030395578929	1.989127992185
0.000000000000	0.000000000000	0.000000000000	1.000000000000
5	36	66
0.285405304891	0.391563701048	-0.874769501047	0.345060107679
-0.043084216483	0.917051987134	0.396433352763	-0.127012115393
0.957438020046	-0.075455423359	0.278601717252	1.867786979244
0.000000000000	0.000000000000	0.000000000000	1.000000000000
5	41	66
0.765018502002	-0.288544605746	0.575750555441	0.213938874131
0.155423046714	0.950306636835	0.269742418870	0.104861288139
-0.624972293902	-0.116873035736	0.771848641492	1.237809184108
0.000000000000	0.000000000000	0.000000000000	1.000000000000
5	42	66
0.814947057348	-0.032488480741	0.578624050951	0.185615795813
0.127838854313	0.983910832948	-0.124806651005	0.062514920867
-0.565259693458	0.175681448725	0.805988528160	1.119895483267
0.000000000000	0.000000000000	0.000000000000	1.000000000000
5	50	66
0.943484358290	0.131605889439	-0.304166328721	1.088812651557
-0.082110036220	0.981984729637	0.170187933506	-0.021012231099
0.321084424435	-0.135594544964	0.937293396841	0.042882011047
0.000000000000	0.000000000000	0.000000000000	1.000000000000
6	34	66
-0.115972905865	0.491449745296	-0.863149716419	0.812624438619
-0.184549200394	0.843219633339	0.504898249734	-0.428909964765
0.975956903628	0.217848107174	-0.007093973632	1.360003449621
0.000000000000	0.000000000000	0.000000000000	1.000000000000
6	40	66
0.293343090279	0.396723576232	-0.869804711097	0.954285167392
-0.124823899338	0.917936171281	0.376579579384	-0.310507728733
0.947823203736	-0.001894601851	0.318790816907	1.379744487662
0.000000000000	0.000000000000	0.000000000000	1.000000000000
6	43	66
0.596134001925	0.234369089184	-0.767916259617	1.151846164643
-0.148317258330	0.972131195341	0.181556960555	-0.274051645792
0.789066690864	0.005662956780	0.614281440619	0.916011841649
0.000000000000	0.000000000000	0.000000000000	1.000000000000
6	50	66
0.997193661857	0.071670236397	0.021637420530	-0.555802167096
-0.071648764710	0.997428359532	-0.001766951328	-0.193437658083
-0.021708414683	0.000211698213	0.999764322186	0.705055072742
0.000000000000	0.000000000000	0.000000000000	1.000000000000
6	51	66
0.992783988618	0.058680045597	-0.104578220453	-0.813538414463
-0.059521713056	0.998214773399	-0.004942857849	-0.191432652595
0.104101477508	0.011131864960	0.994504381068	0.887286618911
0.000000000000	0.000000000000	0.000000000000	1.000000000000
7	34	66
-0.146518807228	0.327923239334	-0.933273051273	0.952770174132
-0.195618389758	0.915218489315	0.352290451766	-0.197870177100
0.969672978234	0.234182548285	-0.069948905365	1.190480901574
0.000000000000	0.000000000000	0.000000000000	1.000000000000
7	40	66
0.441881534736	0.201311697223	-0.874193519663	0.755840545853
-0.077613394190	0.979420219562	0.186312089131	0.047587781727
0.893709611844	-0.014478745646	0.448412193883	0.506099858607
0.000000000000	0.000000000000	0.000000000000	1.000000000000
7	43	66
0.500715648720	0.006421208402	-0.865588012399	1.424592651453
0.022681414530	0.999531817093	0.020535336716	0.070116788476
0.865314620564	-0.029915124967	0.500335580123	1.028736805665
0.000000000000	0.000000000000	0.000000000000	1.000000000000
8	9	66
0.998543079015	0.041604087850	0.034363050288	-0.590743012697
-0.034950120789	0.983847606832	-0.175563024547	-0.133719151751
-0.041112144286	0.174106250334	0.983868286503	0.320541064551
0.000000000000	0.000000000000	0.000000000000	1.000000000000
8	10	66
0.997386749238	0.030210732346	0.065627616865	-1.074214659518
-0.034470241450	0.997304533103	0.064772453304	-0.367928298717
-0.063493896546	-0.066865386440	0.995739697510	0.854834520836
0.000000000000	0.000000000000	0.000000000000	1.000000000000
8	34	66
-0.032624629359	0.447482701412	-0.893697300822	1.405731195961
-0.304604737952	0.847183089715	0.435312262770	-0.113252187428
0.951919947882	0.286426333354	0.108666316701	0.558895010835
0.000000000000	0.000000000000	0.000000000000	1.000000000000
8	35	66
0.348625191023	0.460724633275	-0.816206645696	1.579339066158
-0.247008717455	0.885218827637	0.394175494798	-0.318980695350
0.904127850299	0.064190649561	0.422412583647	0.760656996360
0.000000000000	0.000000000000	0.000000000000	1.000000000000
8	36	66
0.655540792215	0.299293682244	-0.693317792582	1.654991266992
-0.164002365869	0.952619283873	0.256163471212	-0.205236263151
0.737136007621	-0.054219846572	0.673565672007	0.640250840577
0.000000000000	0.000000000000	0.000000000000	1.000000000000
8	52	66
0.983126599747	-0.124775847450	0.133765005750	-0.852027246825
0.126794852622	0.991906677511	-0.006648944100	-0.183689862315
-0.131852774786	0.023497467994	0.990990774316	0.572680420483
0.000000000000	0.000000000000	0.000000000000	1.000000000000
8	53	66
0.977195694981	-0.077413473797	0.197726396277	-1.107978662706
0.070140751492	0.996586669044	0.043534883311	-0.448258656861
-0.200421677196	-0.028673422528	0.979290041893	0.944018694580
0.000000000000	0.000000000000	0.000000000000	1.000000000000
8	55	66
0.949301970213	0.177753518833	-0.259286435996	-1.069028247350
-0.184711303619	0.982789601868	-0.002516500483	-0.631048480301
0.254376696386	0.050282054470	0.965797189545	1.217194135518
0.000000000000	0.000000000000	0.000000000000	1.000000000000
9	12	66
0.864509512602	-0.010092870263	-0.502515110809	-0.219949447568
-0.039587414222	0.995325071226	-0.088095625455	-0.250532503023
0.501055026176	0.096052780069	0.860068441570	1.144541060908
0.000000000000	0.000000000000	0.000000000000	1.000000000000
9	36	66
0.762391873513	0.292780157828	-0.577094801903	1.650170587727
-0.081743476428	0.928224016532	0.362929992140	0.109053247556
0.641931955321	-0.229521141325	0.731603314934	0.247605392496
0.000000000000	0.000000000000	0.000000000000	1.000000000000
9	37	66
0.655314645471	0.369243931714	-0.658954956217	2.302269236917
-0.093427411367	0.905299760485	0.414371406434	-0.042564943208
0.749555891336	-0.209979195535	0.627753696291	0.466281185012
0.000000000000	0.000000000000	0.000000000000	1.000000000000
9	38	66
0.805733334693	0.009781107750	-0.592197706256	2.240054864168
0.111154461588	0.979600479358	0.167414415480	0.594126218680
0.581754655360	-0.200716792453	0.788209547135	0.242392128094
0.000000000000	0.000000000000	0.000000000000	1.000000000000
9	39	66
0.995970004327	-0.045947100513	0.077023466787	1.461576151510
0.011106733536	0.915380283962	0.402437046263	-0.209372153284
-0.088996578314	-0.399959747586	0.912201627580	0.210116610086
0.000000000000	0.000000000000	0.000000000000	1.000000000000
9	50	66
0.994785973377	-0.068403696123	0.075642590714	0.543486117147
0.057575307060	0.988886587181	0.137070790871	0.075516958040
-0.084178092102	-0.132000954731	0.987668869996	-0.312350077253
0.000000000000	0.000000000000	0.000000000000	1.000000000000
9	54	66
0.998839807776	-0.041612660050	-0.024236850584	-0.565709583362
0.041016049531	0.998855266429	-0.024613825549	-0.132878546223
0.025233352602	0.023591168916	0.999403189241	0.923087159449
0.000000000000	0.000000000000	0.000000000000	1.000000000000
9	56	66
0.772735968349	0.145149847901	-0.617908281927	-0.526356993792
-0.018822247612	0.978313555145	0.206272418937	0.073474715180
0.634448458280	-0.147763694707	0.758710118763	0.823809680697
0.000000000000	0.000000000000	0.000000000000	1.000000000000
10	13	66
0.915816745294	-0.091551216386	0.391021820128	-2.777785559147
0.114160724038	0.992848448146	-0.034918306117	-0.392129868557
-0.385028593906	0.076618103560	0.919718787501	0.676057852998
0.000000000000	0.000000000000	0.000000000000	1.000000000000
10	37	66
0.694973720906	0.360293846483	-0.622253864140	2.565628207817
-0.225305826855	0.930937385545	0.287389750305	-0.130779108123
0.682824144004	-0.059530902745	0.728153321755	-0.078934737732
0.000000000000	0.000000000000	0.000000000000	1.000000000000
10	39	66
0.999867976791	0.016020531082	-0.002715063778	1.764734850986
-0.015689773286	0.995343257011	0.095108526100	0.053797095162
0.004226109522	-0.095053370832	0.995463207101	0.014676148180
0.000000000000	0.000000000000	0.000000000000	1.000000000000
10	56	66
0.620977726770	0.322860432717	-0.714246318746	0.155621775151
-0.257200232491	0.944705316904	0.203420511797	-0.115579998380
0.740428729361	0.057384712244	0.669680738515	0.452234809161
0.000000000000	0.000000000000	0.000000000000	1.000000000000
11	13	66
-0.757148398653	0.125876674789	-0.641000284837	0.994536189029
0.152236373891	-0.920238888703	-0.360533596469	1.168077385294
-0.635256160050	-0.370560994254	0.677594392433	1.477383825146
0.000000000000	0.000000000000	0.000000000000	1.000000000000
11	51	66
0.988861514956	0.005777150177	0.148726355346	0.326270386097
-0.000254109505	0.999310491914	-0.037127835633	0.448737843656
-0.148838300403	0.036676495010	0.988181154975	-1.121745640555
0.000000000000	0.000000000000	0.000000000000	1.000000000000
11	56	66
0.796702421012	0.282985087739	-0.534026864934	0.526165637676
-0.124209947676	0.941411155826	0.313555297490	-0.290129022173
0.591470321531	-0.183478815680	0.785174109955	0.660630449309
0.000000000000	0.000000000000	0.000000000000	1.000000000000
12	14	66
0.704173039692	0.059786619915	-0.707506812865	0.311868134943
0.014570840525	0.995021976873	0.098584766301	-0.015252565544
0.709878877540	-0.079729703494	0.699796508711	0.348418564360
0.000000000000	0.000000000000	0.000000000000	1.000000000000
12	15	66
0.367854069644	0.327451972794	-0.870320968931	0.383946112648
0.025707913712	0.932007225023	0.361526811838	0.021737986482
0.929528098886	-0.155363245391	0.334424543600	0.604780272175
0.000000000000	0.000000000000	0.000000000000	1.000000000000
12	51	66
0.889681561024	-0.072698242764	0.450756791931	-0.245183234152
-0.039591594410	0.971240463229	0.234786005204	0.118885621408
-0.454861765403	-0.226730959700	0.861216492113	-1.342157711187
0.000000000000	0.000000000000	0.000000000000	1.000000000000
12	52	66
0.826770748747	-0.177920760986	0.533661251944	-0.461845860036
0.040954019249	0.965185160638	0.258341583939	0.100883825339
-0.561046252392	-0.191733691601	0.805273428210	-0.788929277944
0.000000000000	0.000000000000	0.000000000000	1.000000000000
12	57	66
0.739266398673	0.273751562792	-0.615260329993	-0.291641972376
0.034662175986	0.896965056665	0.440740536686	0.044027644887
0.672520427459	-0.347150931140	0.653607302330	0.156887835454
0.000000000000	0.000000000000	0.000000000000	1.000000000000
13	53	66
-0.485408891464	0.172293414078	-0.857142454644	1.975513477820
0.226196811767	-0.922260812325	-0.313480456162	1.504475694982
-0.844519514537	-0.346049091192	0.408701377598	0.101511371506
0.000000000000	0.000000000000	0.000000000000	1.000000000000
13	58	66
-0.850628924484	-0.274939976227	0.448150022094	-0.592735964964
-0.058981619460	-0.797093155699	-0.600968942378	2.116144999802
0.522447702069	-0.537634179168	0.661814088694	0.010214802684
0.000000000000	0.000000000000	0.000000000000	1.000000000000
14	18	66
0.536511938213	0.246706616901	-0.807025888886	0.594671241694
-0.093917134264	0.967828101270	0.233427372609	0.054333808073
0.838650411105	-0.049443013349	0.542421308933	0.196659814548
0.000000000000	0.000000000000	0.000000000000	1.000000000000
14	55	66
0.491794022840	-0.150246962293	0.857650563703	-0.818895334649
0.118353387423	0.987392756702	0.105109560446	0.011393952903
-0.862630346547	0.049813595868	0.503376092879	0.187936900574
0.000000000000	0.000000000000	0.000000000000	1.000000000000
14	61	66
0.723633891691	-0.538856935138	-0.431262326490	1.442457703206
0.071889127171	-0.562605213682	0.823594151832	-1.599025654071
-0.686429853802	-0.626983713497	-0.368382245525	2.507059070153
0.000000000000	0.000000000000	0.000000000000	1.000000000000
14	62	66
0.015417054868	0.481051700286	-0.876556658791	0.281118130906
-0.158397141844	0.866765798361	0.472892584258	-0.440728884900
0.987255113876	0.131553458499	0.089560190275	2.376978535957
0.000000000000	0.000000000000	0.000000000000	1.000000000000
14	63	66
-0.363200075652	0.361028880129	-0.858920166698	0.201974894933
-0.185690795250	0.875330662017	0.446447265299	-0.281642036715
0.913019514362	0.321643249341	-0.250880422805	2.667128306474
0.000000000000	0.000000000000	0.000000000000	1.000000000000
15	16	66
0.977360003829	0.010033558881	-0.211345098383	0.238163084326
-0.071477639867	0.955808118516	-0.285169752215	-0.002651315586
0.199144093343	0.293819958947	0.934885801481	-0.039309633173
0.000000000000	0.000000000000	0.000000000000	1.000000000000
15	17	66
0.944057420355	-0.056876521903	-0.324839419295	0.428537730379
-0.078487910960	0.917959972277	-0.388830473511	0.046258564888
0.320304909274	0.392574261196	0.862142804030	-0.148685789051
0.000000000000	0.000000000000	0.000000000000	1.000000000000
15	19	66
0.654847451888	0.226208134448	-0.721113510250	0.276102390590
-0.271338838841	0.960909656278	0.055026057538	0.036093179249
0.705372277094	0.159632428978	0.690628292446	-0.170300842382
0.000000000000	0.000000000000	0.000000000000	1.000000000000
15	55	66
0.126076353751	-0.135984818087	0.982656034569	-0.947716452087
0.380989071148	0.921232255183	0.078603178539	-0.164333522267
-0.915943273730	0.364471207725	0.167954333224	0.424241032863
0.000000000000	0.000000000000	0.000000000000	1.000000000000
15	60	66
0.866376739052	0.476388936622	0.149816311171	0.766585867384
0.069646990412	0.181803333668	-0.980865354977	2.213094975354
-0.494510508236	0.860233182882	0.124331123671	1.912366160212
0.000000000000	0.000000000000	0.000000000000	1.000000000000
15	61	66
0.333278572357	0.480301769541	-0.811317202691	0.353947783552
-0.353584258331	0.861381375255	0.364692059997	-1.060932283564
0.874015769576	0.165324942279	0.456907099959	2.657553221416
0.000000000000	0.000000000000	0.000000000000	1.000000000000
15	63	66
-0.193985882454	0.462982791586	-0.864879420557	0.693979785248
-0.370699664345	0.781663613939	0.501581253138	-1.107237494480
0.908268262279	0.417910192912	0.019995859506	2.615255232021
0.000000000000	0.000000000000	0.000000000000	1.000000000000
15	64	66
-0.209605028099	0.527905885779	-0.823031656715	0.257082937655
-0.280290662484	0.773964854086	0.567816474896	-0.951857284624
0.936751235238	0.349705276482	-0.014259834534	2.199411861476
0.000000000000	0.000000000000	0.000000000000	1.000000000000
16	18	66
0.900296554872	0.111945737289	-0.420635549126	0.242759467599
0.000439482879	0.966128522469	0.258061010087	0.019290920199
0.435276831615	-0.232516300450	0.869752982107	0.027080838212
0.000000000000	0.000000000000	0.000000000000	1.000000000000
16	19	66
0.818522111470	0.170535253039	-0.548579329273	-0.086260905469
-0.022841290749	0.963828764725	0.265541687360	-0.049677034324
0.574020756133	-0.204821482662	0.792810400896	-0.147034213430
0.000000000000	0.000000000000	0.000000000000	1.000000000000
16	57	66
0.728789809688	-0.321234169432	0.604709865708	-0.925732439094
0.058580247191	0.909138901184	0.412352777355	-0.212381350313
-0.682227064791	-0.265094448721	0.681389143826	0.673522638333
0.000000000000	0.000000000000	0.000000000000	1.000000000000
16	58	66
0.962781475206	-0.144688823271	0.228291426515	-0.487674280439
0.031713671737	0.899285423533	0.436210923805	-0.231404129330
-0.268413997446	-0.412735837361	0.870403960545	1.293731317927
0.000000000000	0.000000000000	0.000000000000	1.000000000000
16	61	66
0.993783646049	0.029657537467	0.107305616429	0.121029969389
-0.077010375725	0.879182857455	0.470220060385	-0.449785451778
-0.080395689415	-0.475560651893	0.876001483729	1.299522717074
0.000000000000	0.000000000000	0.000000000000	1.000000000000
16	62	66
0.381135300847	0.296359706108	-0.875732154853	1.219393320756
-0.103221031095	0.954948093121	0.278243702866	-0.015297761629
0.918738973369	-0.015654521413	0.394554983205	2.366099553322
0.000000000000	0.000000000000	0.000000000000	1.000000000000
16	63	66
0.141240731868	0.443989266398	-0.884830258854	2.060226543472
0.086026258156	0.884904826201	0.457758595195	-0.179586772341
0.986230469297	-0.140772795277	0.086789870036	3.118948900022
0.000000000000	0.000000000000	0.000000000000	1.000000000000
16	64	66
0.101833474934	0.485748929031	-0.868146255725	1.485719490638
0.057680633375	0.868331654563	0.492618597109	-0.310463458732
0.993127830602	-0.100240289453	0.060406923891	2.792157830102
0.000000000000	0.000000000000	0.000000000000	1.000000000000
17	20	66
0.748540640580	0.262100374182	-0.609089733335	-0.219287103975
0.032780223294	0.902814203804	0.428779629146	-0.054744337013
0.662278163887	-0.340925075733	0.667201413649	-0.147516759003
0.000000000000	0.000000000000	0.000000000000	1.000000000000
17	57	66
0.717586680665	-0.372395067198	0.588550142009	-0.722889280735
0.144042351375	0.906131151082	0.397716152612	0.087284299377
-0.681411151026	-0.200619667442	0.703868306072	0.773894027764
0.000000000000	0.000000000000	0.000000000000	1.000000000000
17	58	66
0.904453618211	-0.127722082420	0.407002115679	-0.583497073893
-0.098213716437	0.866139004608	0.490058456309	0.014755701652
-0.415111693895	-0.483208334322	0.770838496206	1.517918103347
0.000000000000	0.000000000000	0.000000000000	1.000000000000
17	61	66
-0.315965236188	0.946293883271	0.068511721660	-1.949522910373
-0.888278108533	-0.320419298142	0.329079740001	-0.263469356780
0.333358622840	0.043120295246	0.941813499965	1.796655336313
0.000000000000	0.000000000000	0.000000000000	1.000000000000
17	62	66
0.421994910465	0.409841098924	-0.808672102385	1.286534452611
0.003935407960	0.891148614502	0.453694456034	0.061579350198
0.906589658063	-0.194639205981	0.374447287864	2.575496445973
0.000000000000	0.000000000000	0.000000000000	1.000000000000
17	63	66
0.223296484314	0.436279209896	-0.871664574883	2.254706181254
0.048539069968	0.888157500449	0.456968503382	0.142261979670
0.973541287660	-0.144349248037	0.177145860273	3.070293320545
0.000000000000	0.000000000000	0.000000000000	1.000000000000
17	65	66
0.282851581725	0.363157632991	-0.887756451014	0.999270122298
-0.000219594802	0.925577098874	0.378559091580	0.309741305423
0.959163664081	-0.106881091128	0.261880693953	2.372309122588
0.000000000000	0.000000000000	0.000000000000	1.000000000000
18	21	66
0.947044576530	0.074602463442	-0.312315613625	-0.725232778174
-0.047287821220	0.994434609691	0.094147060568	0.218984964823
0.317601057980	-0.074392738206	0.945301691775	-0.485900772599
0.000000000000	0.000000000000	0.000000000000	1.000000000000
18	34	66
0.971726595989	-0.042117926053	0.232321981207	-0.267687741680
-0.003738448561	0.981093107168	0.193500230153	0.168945958538
-0.236079322791	-0.188897843746	0.953196809677	-0.860119389043
0.000000000000	0.000000000000	0.000000000000	1.000000000000
18	56	66
0.995681765443	0.044039201440	0.081721298939	-0.784808573059
-0.045073328128	0.998924736004	0.010852045486	0.159103052862
-0.081155511551	-0.014488634730	0.996596138066	0.622905850886
0.000000000000	0.000000000000	0.000000000000	1.000000000000
18	57	66
0.473236568726	-0.418779344110	0.775029683926	-0.523515226656
0.385850606343	0.889436049940	0.244995556393	-0.133687947971
-0.791938419074	0.183104817016	0.582499928224	0.883845650631
0.000000000000	0.000000000000	0.000000000000	1.000000000000
18	58	66
0.807806295612	-0.256840882646	0.530548536678	0.007165846323
0.138842913193	0.957660738025	0.252207367660	-0.640031491911
-0.572862666112	-0.130071794973	0.809264909611	1.327088233962
0.000000000000	0.000000000000	0.000000000000	1.000000000000
18	61	66
0.906975991909	0.221222681670	-0.358406299074	1.597376252373
-0.148075577797	0.964111173787	0.220370750868	-0.669956839366
0.394294526162	-0.146799760535	0.907183364566	1.950468941701
0.000000000000	0.000000000000	0.000000000000	1.000000000000
18	65	66
0.598944918414	0.235318766243	-0.765434558248	0.594931538115
-0.083404066867	0.968981813629	0.232632771738	-0.519789868537
0.796435023298	-0.075493861410	0.599993275423	1.706330493085
0.000000000000	0.000000000000	0.000000000000	1.000000000000
19	22	66
0.999662759637	-0.009587843668	-0.024133798891	-1.346946474198
0.010607765630	0.999040401183	0.042494142099	0.096518398311
0.023703212934	-0.042735817041	0.998805190034	-0.286839579183
0.000000000000	0.000000000000	0.000000000000	1.000000000000
19	23	66
0.997242586033	-0.010566812166	-0.073454523906	-1.715185227799
-0.007894912643	0.969087201968	-0.246592103151	0.118472770656
0.073789531480	0.246492063692	0.966331603323	-0.206993888564
0.000000000000	0.000000000000	0.000000000000	1.000000000000
19	24	66
0.891261756521	-0.258647618379	-0.372496833369	-1.288865349112
0.300921151847	0.951815972193	0.059100046107	-0.452488844847
0.339262349421	-0.164765787061	0.926149714506	0.097601223427
0.000000000000	0.000000000000	0.000000000000	1.000000000000
19	33	66
0.989598874719	-0.093189983992	0.109588749602	-0.503093764929
0.058300668622	0.956246844104	0.286693224856	-0.097496736154
-0.131510832992	-0.277322195332	0.951733839254	-0.216235980836
0.000000000000	0.000000000000	0.000000000000	1.000000000000
19	34	66
0.554923284395	-0.297514038751	0.776881937737	-2.679051936571
0.169674417790	0.954709817947	0.244417175057	0.015381393144
-0.814414354235	-0.003815791068	0.580271229129	0.659362026193
0.000000000000	0.000000000000	0.000000000000	1.000000000000
19	62	66
0.903903722509	0.188532202053	-0.383944877844	2.392461999923
-0.123268740094	0.974356136915	0.188241696157	-0.425760970214
0.409588669459	-0.122823968530	0.903964266221	1.141400528620
0.000000000000	0.000000000000	0.000000000000	1.000000000000
20	24	66
0.996630253123	-0.081978045325	-0.002781841963	-1.694437638804
0.081851525281	0.996153557311	-0.031279674964	-0.236058309717
0.005335388379	0.030946572370	0.999506800022	0.454926642563
0.000000000000	0.000000000000	0.000000000000	1.000000000000
20	25	66
0.998381894586	-0.026728183977	0.050191600338	-0.245857023595
0.021496609343	0.994549777187	0.102022725331	-0.344862075526
-0.052644927105	-0.100778692582	0.993515056137	0.310020781313
0.000000000000	0.000000000000	0.000000000000	1.000000000000
20	32	66
0.990171880220	0.121062166693	-0.070025705401	-0.278731802646
-0.100459088491	0.964019765886	0.246117578651	-0.072129129400
0.097301691459	-0.236663987073	0.966707059073	0.308137649440
0.000000000000	0.000000000000	0.000000000000	1.000000000000
20	33	66
0.950645011170	-0.074728640791	0.301147294497	-0.023562676652
0.004924301858	0.974075701981	0.226168693815	-0.311198202735
-0.310241541365	-0.213523200276	0.926368192975	0.580580335879
0.000000000000	0.000000000000	0.000000000000	1.000000000000
20	35	66
0.049715675531	-0.450881778068	0.891198055323	-2.258094246866
0.371247980806	0.836710402757	0.402604816993	-0.172935674215
-0.927201859551	0.310839708088	0.208986572587	0.735490083646
0.000000000000	0.000000000000	0.000000000000	1.000000000000
20	63	66
0.796327822149	0.284149950155	-0.533967045329	3.016565464390
-0.199425576416	0.956765364641	0.211729725108	-0.509878954101
0.571044165667	-0.062119585078	0.818565646731	1.009589634984
0.000000000000	0.000000000000	0.000000000000	1.000000000000
21	25	66
0.997667966839	0.013194184359	0.066966718923	-0.019696702794
-0.011225248257	0.999496023288	-0.029693319657	-0.263745022475
-0.067324748390	0.028872355806	0.997313273412	0.479579278927
0.000000000000	0.000000000000	0.000000000000	1.000000000000
21	32	66
0.973939890514	0.161625411420	-0.159117302795	0.256094884948
-0.133138745191	0.975376935315	0.175823515446	-0.142283527924
0.183616895177	-0.150056857351	0.971477110058	0.413277471208
0.000000000000	0.000000000000	0.000000000000	1.000000000000
21	35	66
0.024494269327	-0.433301978435	0.900915881897	-1.957750222292
0.409484863724	0.826466392756	0.386361809740	-0.313366709345
-0.911988035640	0.359447766900	0.197674292005	0.950214258513
0.000000000000	0.000000000000	0.000000000000	1.000000000000
21	47	66
0.796726761133	0.282066616991	-0.534476277934	-0.609143090918
-0.142972760592	0.947265095259	0.286788474373	-0.326614237840
0.587184177089	-0.152076503390	0.795039294182	0.992113217017
0.000000000000	0.000000000000	0.000000000000	1.000000000000
21	48	66
-0.762436131082	-0.481669285345	0.432071574599	-1.837842205995
-0.200517207330	-0.458993772486	-0.865515780552	1.639878982047
0.615210529482	-0.746538288619	0.253370456131	1.374260768285
0.000000000000	0.000000000000	0.000000000000	1.000000000000
21	63	66
0.762445651852	0.417379459759	-0.494440102078	3.221753830421
-0.270972674564	0.899870141554	0.341771177808	-1.324046997290
0.587580154201	-0.126602191576	0.799200505178	1.190312282867
0.000000000000	0.000000000000	0.000000000000	1.000000000000
21	64	66
0.740480690541	0.374051335149	-0.558367213945	2.672684045520
-0.366309775316	0.921180155618	0.131317437545	-0.700114952954
0.563476259876	0.107297341851	0.819134778280	1.251920991809
0.000000000000	0.000000000000	0.000000000000	1.000000000000
21	65	66
0.807688498238	0.161650828695	-0.567017018612	2.031454008035
-0.119499431285	0.986604201175	0.111049701247	-0.776764939391
0.577372648933	-0.021935355177	0.816186047698	1.574925529625
0.000000000000	0.000000000000	0.000000000000	1.000000000000
22	25	66
0.459930501361	0.511812595706	-0.725611329015	2.257093932184
-0.330164881910	0.857153809669	0.395320752457	-1.059356928293
0.824290655455	0.057751306881	0.563213726646	1.538990724015
0.000000000000	0.000000000000	0.000000000000	1.000000000000
22	26	66
0.998362744021	-0.054150539173	0.018426894983	0.328957729269
0.056239778250	0.988051800866	-0.143494690314	-0.401059653667
-0.010436411924	0.144296077262	0.989479521462	0.790064993628
0.000000000000	0.000000000000	0.000000000000	1.000000000000
22	27	66
-0.690521805636	-0.341255801674	0.637749256185	-0.845381213669
-0.148513025856	-0.796030426392	-0.586753305410	1.714459624527
0.707900781954	-0.499880023688	0.498995435676	1.771514319185
0.000000000000	0.000000000000	0.000000000000	1.000000000000
22	32	66
-0.584630577687	-0.445624365342	0.677957235117	-1.276700094351
-0.218158569956	-0.718515532976	-0.660410680734	1.566302916652
0.781417894592	-0.533998458692	0.322849376840	1.623093084859
0.000000000000	0.000000000000	0.000000000000	1.000000000000
22	35	66
0.117084340712	-0.404157555733	0.907164774064	-1.389569868778
0.272616198797	0.891437860197	0.361965398293	-0.168531702833
-0.954972075672	0.204927332368	0.214553310706	0.817847972760
0.000000000000	0.000000000000	0.000000000000	1.000000000000
22	48	66
0.929711736714	0.243516596159	-0.276289257865	-0.256754825023
-0.114709451649	0.904351775979	0.411083455015	0.018689415006
0.349968324736	-0.350496123630	0.868720115458	0.407818051541
0.000000000000	0.000000000000	0.000000000000	1.000000000000
22	64	66
0.638743694173	0.316801562408	-0.701172777004	4.530059899917
-0.194987503298	0.948201458496	0.250786498167	-0.640159631948
0.744302604263	-0.023468365120	0.667430048114	1.628346289041
0.000000000000	0.000000000000	0.000000000000	1.000000000000
23	26	66
0.936415699410	-0.111370244446	0.332749615402	-0.950221504324
0.077622428577	0.990548014905	0.113090179725	-0.022257328090
-0.342199351957	-0.080070586488	0.936209541022	1.033410721394
0.000000000000	0.000000000000	0.000000000000	1.000000000000
23	28	66
0.967230146087	0.126128181693	-0.220357723449	-0.282904478237
-0.005459318752	0.878018063913	0.478596359453	0.109399707990
0.253842550294	-0.461709823619	0.849934114173	0.704988106457
0.000000000000	0.000000000000	0.000000000000	1.000000000000
23	31	66
-0.734341650719	-0.651201865086	0.191516241940	0.776627997640
-0.639359901829	0.758343653645	0.127018970665	1.311339527743
-0.227950117244	-0.029172485055	-0.973235690963	3.927089073427
0.000000000000	0.000000000000	0.000000000000	1.000000000000
23	34	66
0.403091220417	-0.387010302706	0.829301208019	-1.050737665575
0.065982583117	0.916113730152	0.395451554747	0.152886470037
-0.912778049006	-0.104683613932	0.394813340994	1.148343543741
0.000000000000	0.000000000000	0.000000000000	1.000000000000
23	64	66
0.857055221368	0.241421085088	-0.455161737408	0.223934762115
-0.072404645939	0.931093372189	0.357523005570	0.140745408584
0.510111668923	-0.273461134241	0.815478444404	1.755769904281
0.000000000000	0.000000000000	0.000000000000	1.000000000000
24	28	66
0.957264812645	0.111197753516	-0.266981531355	-0.720567610401
-0.054276621748	0.975802086908	0.211812028737	-0.109327255470
0.284074157225	-0.188269346414	0.940136440309	0.514283446980
0.000000000000	0.000000000000	0.000000000000	1.000000000000
24	29	66
0.704300196387	0.404030727431	-0.583712604507	-0.491557080132
-0.211109806226	0.904246971702	0.371173899787	-0.148139331620
0.677786015704	-0.138190395684	0.722156168330	0.410802470877
0.000000000000	0.000000000000	0.000000000000	1.000000000000
24	31	66
0.729206532760	0.351929671615	-0.586858874702	-0.557104763497
-0.108038667052	0.906066959643	0.409109167661	-0.230226640733
0.675711091371	-0.234921627100	0.698731958708	0.333870190654
0.000000000000	0.000000000000	0.000000000000	1.000000000000
24	34	66
0.403545928916	-0.440672681870	0.801846787553	-0.502386168223
0.332254563038	0.887128701564	0.320327289193	-0.121685214687
-0.852500785100	0.137150480547	0.504412685298	0.682022650868
0.000000000000	0.000000000000	0.000000000000	1.000000000000
24	65	66
0.808099309100	0.157858227766	-0.567500032210	3.476056477842
-0.110583951658	0.986948171687	0.117066203658	-0.304041089604
0.578572982663	-0.031844722167	0.815008722286	0.994976222055
0.000000000000	0.000000000000	0.000000000000	1.000000000000
25	29	66
0.747797460321	0.392848383755	-0.535228087565	-0.088323132529
-0.248297225678	0.913135000776	0.323315570424	0.019710749278
0.615749499438	-0.108878913198	0.780383198309	-0.036272670905
0.000000000000	0.000000000000	0.000000000000	1.000000000000
25	31	66
