0	7	60
0.970995619472	-0.147879278770	0.187880882148	0.750997302452
0.158925610838	0.986261127283	-0.045073706632	0.161076421680
-0.178634143394	0.073625455653	0.981157038956	0.093792026134
0.000000000000	0.000000000000	0.000000000000	1.000000000000
0	8	60
0.305624195406	-0.361309912980	0.880936432420	-0.703429331048
-0.199454069098	-0.928972368928	-0.311814707941	0.094165666561
0.931027349492	-0.080408236833	-0.355981165157	2.476824160495
0.000000000000	0.000000000000	0.000000000000	1.000000000000
0	9	60
0.961684622868	0.027034864229	0.272821924075	1.194573449820
-0.013416968453	0.998574701449	-0.051658015672	-0.087509494248
-0.273829638822	0.046018276171	0.960676661089	0.038505673706
0.000000000000	0.000000000000	0.000000000000	1.000000000000
0	16	60
0.051003088667	0.458268287686	-0.887349345775	1.109372596356
-0.411186512002	0.819339336361	0.399510580884	-0.299743915272
0.910123253902	0.344489808836	0.230222575596	0.685035616920
0.000000000000	0.000000000000	0.000000000000	1.000000000000
0	17	60
0.337717819309	-0.475719562130	0.812180751266	-0.041039056750
0.451992449363	0.838842658194	0.303390541238	-0.613246782069
-0.825620675759	0.264639175104	0.498313763366	0.901358223995
0.000000000000	0.000000000000	0.000000000000	1.000000000000
0	18	60
0.591188945177	-0.430946387409	0.681748371674	-0.002116801431
0.448170426524	0.878296281549	0.166550024333	-0.478073726022
-0.670551191103	0.207076925310	0.712376478496	0.655681949786
0.000000000000	0.000000000000	0.000000000000	1.000000000000
0	20	60
0.828751195046	-0.333374860066	0.449480432706	0.176739315026
0.303323770613	0.942572427415	0.139828141865	-0.185512332632
-0.470283049759	0.020455359993	0.882278545221	-0.420412239885
0.000000000000	0.000000000000	0.000000000000	1.000000000000
0	25	60
0.966857666230	-0.128014118864	-0.220904138992	1.041451974728
0.144369047193	0.987734362299	0.059484516871	-0.078450241549
0.210579750843	-0.089404781226	0.973479816755	-0.135146560128
0.000000000000	0.000000000000	0.000000000000	1.000000000000
0	30	60
-0.134370855806	-0.833731951777	-0.535570262147	1.020674993735
0.672838274120	-0.473546572895	0.568368102710	-0.965206358157
-0.727484109785	-0.283980062479	0.624597625776	0.431102863258
0.000000000000	0.000000000000	0.000000000000	1.000000000000
0	31	60
-0.845656043784	0.437661146936	-0.305480893140	-0.931576735771
0.092663961927	-0.443267466159	-0.891586980392	2.105080330256
-0.525622721894	-0.782282988379	0.334296395914	2.077560507591
0.000000000000	0.000000000000	0.000000000000	1.000000000000
0	32	60
-0.693697456902	0.542184389336	-0.474151796631	0.011758470437
-0.371964792196	0.294053496425	0.880440080077	-1.334749564369
0.616786860799	0.787126819007	-0.002310658952	1.856799772491
0.000000000000	0.000000000000	0.000000000000	1.000000000000
0	33	60
-0.891161045157	0.362750014680	-0.272478289861	0.117753335352
-0.225351206277	0.167334129340	0.959800043232	-1.255504356419
0.393762397170	0.916739720972	-0.067375504208	1.800520777898
0.000000000000	0.000000000000	0.000000000000	1.000000000000
0	34	60
-0.972739029640	-0.156611418794	0.171031119153	0.186391867803
0.133703715582	0.223843321472	0.965410526083	-1.182316250693
-0.189478485995	0.961959994457	-0.196801606725	1.657187663342
0.000000000000	0.000000000000	0.000000000000	1.000000000000
0	36	60
0.957889548207	-0.124493738795	-0.258744898378	-0.668785927243
0.151232755631	0.984744054343	0.086068583472	-0.500309727311
0.244082500520	-0.121574900523	0.962103568491	0.008224763371
0.000000000000	0.000000000000	0.000000000000	1.000000000000
0	37	60
0.380062384020	-0.672844089180	0.634691591176	-0.253042940422
0.507584542797	0.725348876896	0.465002084618	-1.097344803564
-0.773246736926	0.145429840270	0.617203082779	1.174090104975
0.000000000000	0.000000000000	0.000000000000	1.000000000000
0	38	60
0.631457493695	-0.615816349313	0.471202353108	-0.446186658723
0.423641383330	0.782956970295	0.455528661005	-0.875040777324
-0.649453163813	-0.088026169886	0.755289336234	0.727036489647
0.000000000000	0.000000000000	0.000000000000	1.000000000000
0	41	60
0.960959308056	-0.096570627256	-0.259290034926	-0.469698571458
-0.015106278691	0.917405666940	-0.397666496717	-0.192725878185
0.276277050449	0.386058229052	0.880130692100	0.027706645402
0.000000000000	0.000000000000	0.000000000000	1.000000000000
0	42	60
0.981452463347	-0.103200515545	-0.161557159486	-0.507712582295
0.035105969992	0.925237094878	-0.377761682986	-0.411126267924
0.188463877337	0.365083513531	0.911699180150	0.463323584087
0.000000000000	0.000000000000	0.000000000000	1.000000000000
0	43	60
0.951145042566	-0.158390921895	-0.265019666938	-0.466080102422
0.044714169776	0.919997294718	-0.389365664552	-0.595449494088
0.305489363193	0.358493087203	0.882133184618	0.875398353358
0.000000000000	0.000000000000	0.000000000000	1.000000000000
0	44	60
0.997992649180	-0.059842955353	-0.020724209957	-0.580474524215
0.051678907443	0.958699812453	-0.279685466423	-0.826099195359
0.036605501079	0.278053035044	0.959867984149	1.188140868869
0.000000000000	0.000000000000	0.000000000000	1.000000000000
0	45	60
0.973467474720	-0.036654902904	0.225870524319	-0.652538639646
0.090650778634	0.968101537523	-0.233584779853	-0.910374337059
-0.210103574449	0.247862524677	0.945738154494	1.510464723678
0.000000000000	0.000000000000	0.000000000000	1.000000000000
0	46	60
0.915539396766	0.054115047424	0.398571417203	-0.446116518129
0.062859198960	0.959483860866	-0.274662414328	-0.714129347500
-0.397286211785	0.276518141142	0.875043646651	1.647002593863
0.000000000000	0.000000000000	0.000000000000	1.000000000000
0	47	60
0.748831158553	-0.223683463533	0.623873067315	-0.313875137960
0.398908136839	0.903839861234	-0.154744316886	-1.014003861476
-0.529267601827	0.364745409000	0.766052604114	1.756825654526
0.000000000000	0.000000000000	0.000000000000	1.000000000000
0	48	60
0.594596012253	-0.458854783537	0.660233193530	-0.074096973450
0.363403533094	0.885870471906	0.288394485278	-1.403356719500
-0.717212279836	0.068452864293	0.693484499483	1.887610635897
0.000000000000	0.000000000000	0.000000000000	1.000000000000
0	49	60
0.581269896433	-0.240748517980	0.777280810641	0.008443656151
0.324941139775	0.944436727873	0.049522951514	-1.091176395969
-0.746015122624	0.223784311637	0.627201736830	1.919180109277
0.000000000000	0.000000000000	0.000000000000	1.000000000000
0	50	60
0.560567719114	-0.334888931905	0.757372587024	0.088648029824
0.284181212260	0.936836723929	0.203906820131	-1.122683231643
-0.777820590423	0.100927478840	0.620329568156	2.074812292459
0.000000000000	0.000000000000	0.000000000000	1.000000000000
0	51	60
0.780958505768	-0.314289724660	0.539746034021	0.038713523828
0.319517272254	0.943566904394	0.087121809349	-0.990024877478
-0.536667983952	0.104419662451	0.837307595268	2.058671477405
0.000000000000	0.000000000000	0.000000000000	1.000000000000
0	52	60
0.734108506650	-0.304833565334	0.606762884420	0.033948429191
0.249189725783	0.952166190436	0.176872910175	-1.033977441128
-0.631655903976	0.021355168828	0.774954692699	2.044947756060
0.000000000000	0.000000000000	0.000000000000	1.000000000000
0	53	60
-0.372549633526	0.923312813003	-0.093274969331	0.021682522513
-0.917764854876	-0.351674581659	0.184479429121	0.151428423461
0.137529784824	0.154332232403	0.978400286349	0.210367719772
0.000000000000	0.000000000000	0.000000000000	1.000000000000
0	59	60
0.950693606076	0.114306782213	-0.288297809404	0.322329307567
-0.074414455306	0.986518337979	0.145753413934	-0.552458058875
0.301071679519	-0.117113314238	0.946382753129	1.259220816376
0.000000000000	0.000000000000	0.000000000000	1.000000000000
1	6	60
0.935499490198	-0.189676665570	0.298099759104	0.521905570549
0.219051311109	0.973333163718	-0.068110759125	0.059940942434
-0.277231359952	0.129016723511	0.952101600731	0.177827794450
0.000000000000	0.000000000000	0.000000000000	1.000000000000
1	7	60
-0.302008893120	0.228567480710	-0.925498533353	1.547525822883
-0.545931437286	0.754404860517	0.364461482479	-0.560491644549
0.781504634829	0.615329353428	-0.103054803628	1.590540574885
0.000000000000	0.000000000000	0.000000000000	1.000000000000
1	9	60
0.939817294886	-0.004799507166	0.341643698851	1.238118213248
0.018981324404	0.999090598585	-0.038179643035	-0.022403885822
-0.341149764117	0.042366738716	0.939053724711	-0.150207407274
0.000000000000	0.000000000000	0.000000000000	1.000000000000
1	18	60
0.544993307850	-0.458261867641	0.702124173537	0.149364579771
0.483836102528	0.855809085418	0.183012117653	-0.428005065051
-0.684751721640	0.239972644238	0.688133860327	0.517719869829
0.000000000000	0.000000000000	0.000000000000	1.000000000000
1	19	60
0.763061488259	-0.460639137228	0.453374845342	0.298302364750
0.501335418640	0.864559755340	0.034629863741	-0.125457055186
-0.407921515923	0.200868152526	0.890646968303	0.158255526969
0.000000000000	0.000000000000	0.000000000000	1.000000000000
1	20	60
-0.890715499514	-0.103046114356	0.442727226677	-0.470536810021
-0.328456118556	-0.527389379081	-0.783566858038	1.435220778870
0.314233157239	-0.843351611814	0.435907767473	0.826518881989
0.000000000000	0.000000000000	0.000000000000	1.000000000000
1	25	60
0.844125351651	0.057578263407	-0.533045152199	1.597694884823
-0.041649245351	0.998254443273	0.041873701153	-0.495027259261
0.534525706642	-0.013145724384	0.845049974184	0.769624807966
0.000000000000	0.000000000000	0.000000000000	1.000000000000
1	30	60
0.207016820618	0.346713061177	-0.914841018533	0.774262345375
-0.581178975604	0.795802652820	0.170085672768	-1.122671301642
0.787003833724	0.496475770782	0.366246876750	1.436780302797
0.000000000000	0.000000000000	0.000000000000	1.000000000000
1	33	60
-0.862228015776	0.306015957718	-0.403629882978	0.398792485712
-0.386335386961	0.118036696933	0.914774456879	-1.269680106197
0.327578719688	0.944680671867	0.016450246456	1.551992948280
0.000000000000	0.000000000000	0.000000000000	1.000000000000
1	36	60
0.891862608801	-0.081931165303	-0.444823977742	-0.127623480799
0.100257775054	0.994802543989	0.017784178761	-0.332442888393
0.441054946195	-0.060458106365	0.895441428465	-0.163549132063
0.000000000000	0.000000000000	0.000000000000	1.000000000000
1	37	60
0.311992718976	-0.703306691942	0.638764620479	-0.020863226134
0.539137643928	0.684649189041	0.490495758233	-1.074291924028
-0.782298628534	0.191350947252	0.592784674886	1.044915581791
0.000000000000	0.000000000000	0.000000000000	1.000000000000
1	38	60
0.547025738735	-0.686638661377	0.478842552268	-0.226738076895
0.482032114131	0.726033124631	0.490429345456	-0.877113301959
-0.684403303694	-0.037459987190	0.728140691936	0.630159380696
0.000000000000	0.000000000000	0.000000000000	1.000000000000
1	39	60
0.652534691129	-0.566733058718	0.503003098429	-0.099451620359
0.411267258770	0.822405511773	0.393075585694	-0.629033720085
-0.636441449575	-0.049626750457	0.769726878121	0.246011840295
0.000000000000	0.000000000000	0.000000000000	1.000000000000
1	41	60
0.970844182666	-0.138842739365	-0.195407949454	-0.364424957942
0.041439640326	0.900116717954	-0.433673437357	-0.162995309631
0.236102370157	0.412931698692	0.879626672527	-0.077263985686
0.000000000000	0.000000000000	0.000000000000	1.000000000000
1	42	60
0.984973585776	-0.133916153529	-0.109057320465	-0.348693434270
0.078691271967	0.910104066030	-0.406839369667	-0.389453760228
0.153735874275	0.392144173511	0.906966497806	0.355274490872
0.000000000000	0.000000000000	0.000000000000	1.000000000000
1	43	60
0.961503930031	-0.170248284756	-0.215698201368	-0.281093175215
0.067631444500	0.907422095915	-0.414742242315	-0.593115276970
0.266338469341	0.384188315001	0.884004048840	0.740690630388
0.000000000000	0.000000000000	0.000000000000	1.000000000000
1	44	60
-0.027838539508	0.077300540408	-0.996619105863	1.381243407652
-0.559488292612	0.825005360065	0.079617876723	-1.358454030409
0.828370609177	0.559813167330	0.020281803060	2.424001126116
0.000000000000	0.000000000000	0.000000000000	1.000000000000
1	45	60
0.963116037347	-0.149799710693	0.223534215012	-0.302865493750
0.195873816941	0.959874096445	-0.200686738004	-0.998277071398
-0.184501887366	0.237069115766	0.953811977230	1.332364830193
0.000000000000	0.000000000000	0.000000000000	1.000000000000
1	46	60
0.794316267363	0.084461614129	0.601604440759	-0.383785413418
0.065650110403	0.972554696255	-0.223220576550	-0.745127940227
-0.603946794351	0.216803133119	0.766971101844	1.754929585279
0.000000000000	0.000000000000	0.000000000000	1.000000000000
1	59	60
0.976844078217	-0.114524770186	-0.180720015122	0.503662068388
0.113084197878	0.993417066391	-0.018289242549	-0.205969335688
0.181624918560	-0.002570839672	0.983364520278	0.994003572421
0.000000000000	0.000000000000	0.000000000000	1.000000000000
2	5	60
0.893759160432	0.398161625276	0.206547532789	1.062149702658
-0.395938444945	0.916697444093	-0.053838125974	-0.828418483324
-0.210777871131	-0.033661790670	0.976954232751	-0.204627543913
0.000000000000	0.000000000000	0.000000000000	1.000000000000
2	10	60
0.947159766771	-0.109100712875	0.301637880016	0.851935114891
0.144995336733	0.984444336593	-0.099225503155	0.164247719443
-0.286120129554	0.137718490410	0.948245162847	-0.456834539334
0.000000000000	0.000000000000	0.000000000000	1.000000000000
2	15	60
0.623022772398	0.357132809141	-0.695915786363	1.517803112240
-0.352580603676	0.922396215574	0.157709034001	-0.567856512126
0.698233158039	0.147110088468	0.700591948916	0.965799669351
0.000000000000	0.000000000000	0.000000000000	1.000000000000
2	26	60
-0.595361977511	0.374978085002	-0.710588172926	1.410239327714
-0.339223220212	0.684407697997	0.645378733607	-1.533112690453
0.728334897285	0.625281967348	-0.280269047000	2.283116231573
0.000000000000	0.000000000000	0.000000000000	1.000000000000
2	32	60
-0.478327799240	0.687229016857	-0.546734665870	1.004967556197
-0.467188311117	0.328028199446	0.821055772968	-1.224292660055
0.743597739661	0.648161846114	0.164160357007	1.458630610226
0.000000000000	0.000000000000	0.000000000000	1.000000000000
2	44	60
0.944163031854	-0.128164828232	0.303529151951	0.035972283358
0.224914389440	0.923917514627	-0.309499504990	-0.720408893497
-0.240768948793	0.360486064877	0.901154875882	0.825617774039
0.000000000000	0.000000000000	0.000000000000	1.000000000000
2	45	60
0.884118695875	-0.130608086628	0.448637558962	0.212783377395
0.277700854508	0.919047438661	-0.279703487459	-0.765879679788
-0.375787662130	0.371878116052	0.848817000179	1.046220388109
0.000000000000	0.000000000000	0.000000000000	1.000000000000
3	6	60
0.786768621950	-0.222916927327	0.575589418792	0.484781869240
0.238596651655	0.969857646823	0.049475071675	0.559901482198
-0.569268630203	0.098408274089	0.816240796737	-0.521483719787
0.000000000000	0.000000000000	0.000000000000	1.000000000000
3	7	60
0.940734756511	0.186572026921	-0.283211928884	1.071077946733
-0.189087645879	0.981782426356	0.018685006654	0.450763102016
0.281538594278	0.035974241733	0.958875317163	-0.355758250598
0.000000000000	0.000000000000	0.000000000000	1.000000000000
3	15	60
0.689263713577	-0.553675524393	0.467288932925	0.434835375612
0.448889533250	0.832617348492	0.324417228162	-0.041970524939
-0.568694751236	-0.013847912438	0.822432073327	0.305154624466
0.000000000000	0.000000000000	0.000000000000	1.000000000000
3	19	60
0.553860924147	-0.426158976268	0.715280786579	0.252857168514
0.452850925389	0.875089502889	0.170717314024	0.307579990323
-0.698687423730	0.229361916802	0.677664367547	-0.439174190301
0.000000000000	0.000000000000	0.000000000000	1.000000000000
3	25	60
0.974185135082	-0.209264514060	-0.084685806018	1.529219962627
0.220127110903	0.963755255763	0.150731091796	0.118612960840
0.050073721960	-0.165481630835	0.984940836916	-0.328498652166
0.000000000000	0.000000000000	0.000000000000	1.000000000000
3	31	60
0.075522575599	0.533236039275	-0.842588670107	0.890758472395
-0.413326719735	0.785730075475	0.460205683632	-0.573110981839
0.907445515350	0.313508492568	0.279741061984	1.226815537241
0.000000000000	0.000000000000	0.000000000000	1.000000000000
3	32	60
-0.391831858798	0.768221072138	-0.506264929413	0.771018075270
-0.446277784765	0.322494055222	0.834765669617	-0.677181771644
0.804552007801	0.553022575190	0.216476553175	1.020249032194
0.000000000000	0.000000000000	0.000000000000	1.000000000000
3	36	60
-0.191216396918	-0.552686763028	0.811155738144	0.805667264270
0.513697839363	0.647842309715	0.562507663572	-0.548328761033
-0.836391546695	0.524249638738	0.160035923778	0.806026729592
0.000000000000	0.000000000000	0.000000000000	1.000000000000
3	37	60
0.012165772270	-0.656794222624	0.753971712409	0.292066573733
0.460231849633	0.673089365276	0.578910486117	-0.517083180250
-0.887715404039	0.339958902634	0.310466271841	0.594596430160
0.000000000000	0.000000000000	0.000000000000	1.000000000000
3	38	60
0.335465600656	-0.685283341446	0.646412850053	-0.070469970653
0.390768796328	0.725582506303	0.566418373964	-0.345270326885
-0.857182931814	0.062584091302	0.511195317783	0.206251764347
0.000000000000	0.000000000000	0.000000000000	1.000000000000
3	39	60
0.405759299160	-0.595399895215	0.693439511365	-0.090221748897
0.323831228785	0.803138121610	0.500102482377	-0.169146938621
-0.854688672213	0.021636136296	0.518689841040	-0.194611981689
0.000000000000	0.000000000000	0.000000000000	1.000000000000
3	46	60
0.678122284919	-0.124567701521	0.724315576551	0.223460022557
0.281796279389	0.954279415612	-0.099707842531	-0.319569972970
-0.678779068341	0.271723544577	0.682220852587	1.048525525381
0.000000000000	0.000000000000	0.000000000000	1.000000000000
3	59	60
-0.967567440306	-0.099499649728	-0.232191877900	-0.671646662863
-0.249540595380	0.519388949694	0.817291019279	-0.954219647789
0.039277725446	0.848725478962	-0.527373038412	2.387101938428
0.000000000000	0.000000000000	0.000000000000	1.000000000000
4	8	60
0.991746523588	-0.053822271485	0.116370082250	1.266888059847
0.035026294194	0.986831663276	0.157912719789	0.547712720583
-0.123336903097	-0.152533378145	0.980572066136	-0.305849511605
0.000000000000	0.000000000000	0.000000000000	1.000000000000
4	16	60
0.780017550580	-0.447372819071	0.437527349480	-0.030490405970
0.343161992369	0.890498137483	0.298752262137	-0.055837722306
-0.523270931526	-0.082889250779	0.848125523921	0.471930574861
0.000000000000	0.000000000000	0.000000000000	1.000000000000
4	17	60
0.509521765720	-0.466154170666	0.723248131299	-0.061043736636
0.397736850509	0.872946082023	0.282436781649	-0.085209179174
-0.763015706263	0.143754746189	0.630191720783	0.370060272189
0.000000000000	0.000000000000	0.000000000000	1.000000000000
4	20	60
0.928025773742	-0.195681249372	0.316981090783	0.457580370823
0.148242622968	0.974635514454	0.167659591737	0.198473875739
-0.341748866867	-0.108602314018	0.933495179090	-0.888868578284
0.000000000000	0.000000000000	0.000000000000	1.000000000000
4	21	60
0.613593614163	0.285032402485	-0.736382649302	1.649485509403
-0.257986122112	0.953762885816	0.154206090790	-0.065113745499
0.746288173199	0.095356631510	0.658757220356	0.421598055650
0.000000000000	0.000000000000	0.000000000000	1.000000000000
4	24	60
0.988967014861	-0.131696315200	0.067825688930	2.123640706167
0.118525109577	0.978118543027	0.170985128552	0.120899796628
-0.088859675420	-0.161059604957	0.982936295868	-0.342525344381
0.000000000000	0.000000000000	0.000000000000	1.000000000000
4	28	60
-0.019899382246	0.391870254315	-0.919805261112	1.343376482666
-0.244099851979	0.890242469649	0.384556377528	-0.538043154785
0.969545912709	0.232176762439	0.077940195878	1.486763809546
0.000000000000	0.000000000000	0.000000000000	1.000000000000
4	29	60
0.090150781644	0.283685294162	-0.954670356953	0.862493422502
-0.219273754403	0.940705303594	0.258829195456	-0.479864424152
0.971489504420	0.186000499104	0.147010057935	1.529255379204
0.000000000000	0.000000000000	0.000000000000	1.000000000000
4	35	60
-0.351283454401	-0.629108926642	0.693413219577	-0.039485110469
0.566479894964	0.446860127831	0.692399129662	-0.722960123285
-0.745453193209	0.636033005884	0.199402989346	1.331615717318
0.000000000000	0.000000000000	0.000000000000	1.000000000000
4	36	60
0.373562043828	-0.618034586525	0.691725848346	-0.063049092052
0.488100028246	0.765092577040	0.419990132008	-0.641415574560
-0.788802739496	0.180739034015	0.587472245937	1.092442930117
0.000000000000	0.000000000000	0.000000000000	1.000000000000
4	40	60
0.906392354540	-0.047034014645	-0.419810315617	-0.081452152817
-0.092629441367	0.947468435579	-0.306142695770	0.554332573997
0.412156143014	0.316372193860	0.854421411675	-0.803074790162
0.000000000000	0.000000000000	0.000000000000	1.000000000000
4	41	60
0.887812575538	-0.106717652036	-0.447660779452	-0.229165809810
-0.050547426530	0.944243478251	-0.325344757836	0.333164122568
0.457420800125	0.311473267752	0.832916931686	-0.551077115288
0.000000000000	0.000000000000	0.000000000000	1.000000000000
4	43	60
0.884026197198	-0.069295051373	-0.462272515431	-0.431212691575
-0.066181663876	0.960433396736	-0.270532212132	-0.064984496083
0.462728505750	0.269751526946	0.844462221580	0.292912095168
0.000000000000	0.000000000000	0.000000000000	1.000000000000
4	48	60
0.792432858649	-0.241241174912	0.560225722420	-0.320704441860
0.266079304316	0.963186163271	0.038395555719	-0.520293120918
-0.548864253116	0.118638570503	0.827449648764	1.343235764619
0.000000000000	0.000000000000	0.000000000000	1.000000000000
4	49	60
0.720397451712	-0.245330233720	0.648722273388	-0.145399643755
0.290233128201	0.956149013240	0.039291166616	-0.519611336265
-0.629914472656	0.159975438434	0.760010273770	1.416788134815
0.000000000000	0.000000000000	0.000000000000	1.000000000000
4	50	60
0.802520235395	-0.172963887775	0.571003297107	-0.069414926187
0.130887214998	0.984780962617	0.114345933976	-0.416979480675
-0.582090893874	-0.017027894538	0.812945411498	1.502042685000
0.000000000000	0.000000000000	0.000000000000	1.000000000000
4	51	60
0.863719331996	-0.107467176794	0.492381682690	-0.239536510594
0.049951308314	0.990444054312	0.128551320785	-0.350101768687
-0.501491557590	-0.086437151675	0.860833803052	1.648079556522
0.000000000000	0.000000000000	0.000000000000	1.000000000000
4	52	60
0.870028954854	-0.205898978359	0.447945564134	-0.165951605027
0.146354531014	0.975519554206	0.164140033548	-0.415529703755
-0.470775922248	-0.077247718879	0.878864506599	1.550437423330
0.000000000000	0.000000000000	0.000000000000	1.000000000000
4	53	60
0.661617922755	-0.313952633416	0.680951883954	-0.172939947029
0.285719210821	0.945171249932	0.158163968305	-0.439072788967
-0.693272137661	0.089916918726	0.715044537682	1.485774534082
0.000000000000	0.000000000000	0.000000000000	1.000000000000
4	54	60
0.182471051798	0.293835885813	-0.938277564191	0.744555709994
-0.404438852877	0.892255818786	0.200770436384	0.248717272247
0.896177175306	0.342841109045	0.281649506319	-0.182552026909
0.000000000000	0.000000000000	0.000000000000	1.000000000000
4	58	60
-0.620847470376	0.491855607701	-0.610431388201	1.429063366186
0.257642669148	-0.607402212515	-0.751453795829	1.341320812637
-0.740384139189	-0.623811360433	0.250381135537	0.848036006244
0.000000000000	0.000000000000	0.000000000000	1.000000000000
4	59	60
0.371524123424	-0.583943667243	0.721789179193	-0.350741916722
0.339290944822	0.809057559148	0.479903657776	-0.098666902319
-0.864205693383	0.066600746787	0.498711199044	0.801636270610
0.000000000000	0.000000000000	0.000000000000	1.000000000000
5	13	60
0.888378044575	0.146481655336	-0.435117885827	-0.228104577055
-0.090536695893	0.985020542244	0.146757071563	-0.036554854557
0.450097274612	-0.090981624556	0.888332588269	0.356520630036
0.000000000000	0.000000000000	0.000000000000	1.000000000000
5	14	60
0.960378214963	0.026062757131	-0.277478678309	-0.559032980201
0.038554888362	0.973620799732	0.224891215730	-0.184213899156
0.276020297820	-0.226678783788	0.934039359006	0.518986014353
0.000000000000	0.000000000000	0.000000000000	1.000000000000
5	21	60
0.855916816393	-0.198038809387	0.477689264473	0.354290162423
0.103233952684	0.970604301835	0.217416743311	-0.075667077946
-0.506704208024	-0.136776895839	0.851200873082	-0.580718838859
0.000000000000	0.000000000000	0.000000000000	1.000000000000
5	24	60
0.998570816378	-0.008735611135	0.052725835949	1.819193689237
0.001471613374	0.990671525660	0.136263577672	-0.161071196214
-0.053424329968	-0.135991239953	0.989268529583	-0.082533699708
0.000000000000	0.000000000000	0.000000000000	1.000000000000
5	27	60
0.028218685368	0.486217718810	-0.873381952934	1.543841767229
-0.256551795609	0.847985674517	0.463790331922	-0.742792162420
0.966118461663	0.210980154824	0.148669069764	1.444767057125
0.000000000000	0.000000000000	0.000000000000	1.000000000000
5	28	60
-0.101623743896	0.473400415970	-0.874965519798	0.876606349838
-0.195446995502	0.852877119009	0.484149865042	-0.779299911453
0.975434819261	0.220210503904	0.005852123054	1.703478093707
0.000000000000	0.000000000000	0.000000000000	1.000000000000
5	34	60
0.961890426737	-0.261422107773	0.080157897422	0.171450028969
0.202048164047	0.877060076117	0.435823544898	-0.123398736023
-0.184237201339	-0.403018739576	0.896455547807	-0.222250453748
0.000000000000	0.000000000000	0.000000000000	1.000000000000
5	35	60
-0.204358398761	-0.588308931303	0.782387529428	-0.484518204991
0.585983959966	0.566710561770	0.579190761185	-0.783228105508
-0.784130374057	0.576829039255	0.228927534284	1.488800847033
0.000000000000	0.000000000000	0.000000000000	1.000000000000
5	40	60
0.748598469431	-0.046871485013	-0.661364797565	0.396849963979
-0.213015987259	0.927612630554	-0.306853379987	0.686204125737
0.627873013226	0.370591245890	0.684425019803	-0.354764389111
0.000000000000	0.000000000000	0.000000000000	1.000000000000
5	41	60
0.734276146325	0.060119703640	-0.676183526989	0.084358559102
-0.263752980794	0.943081442458	-0.202562972956	0.265871709564
0.625518110097	0.327082579978	0.708338958279	-0.257085722753
0.000000000000	0.000000000000	0.000000000000	1.000000000000
5	42	60
0.869688610593	-0.068138236202	-0.488875138837	-0.499791200943
-0.039945657165	0.977461969287	-0.207297957229	-0.072335201579
0.491981773116	0.199813111094	0.847365715353	-0.000711015425
0.000000000000	0.000000000000	0.000000000000	1.000000000000
5	43	60
0.718533095009	-0.035046946966	-0.694609172762	-0.320497006523
-0.118363990170	0.977997680963	-0.171786209758	-0.177198340737
0.685346742320	0.205650790274	0.698575404127	0.475465989202
0.000000000000	0.000000000000	0.000000000000	1.000000000000
5	44	60
0.910247313150	0.125755674391	-0.394506450216	-0.784124840849
-0.195197628519	0.970576576303	-0.140992891144	-0.224263295656
0.365168063670	0.205345123854	0.908011930200	0.707540267831
0.000000000000	0.000000000000	0.000000000000	1.000000000000
5	45	60
0.998936772643	-0.002786247664	-0.046016965194	-1.112501398243
-0.002812129451	0.992630496912	-0.121147796216	-0.455220221241
0.046015390792	0.121148394228	0.991567269723	1.020415338775
0.000000000000	0.000000000000	0.000000000000	1.000000000000
5	50	60
0.826010392733	-0.111053741625	0.552606458132	-0.541914422976
0.032862400777	0.988219274264	0.149474842658	-0.594312087092
-0.562696093565	-0.105307798588	0.819928883406	1.693042042234
0.000000000000	0.000000000000	0.000000000000	1.000000000000
5	51	60
0.914135363442	0.180004896922	0.363255797462	-0.558463379372
-0.264577124826	0.943791900961	0.198130746478	-0.496230401289
-0.307173375025	-0.277227496409	0.910378730480	1.715779166881
0.000000000000	0.000000000000	0.000000000000	1.000000000000
5	52	60
0.925203225035	-0.029924810070	0.378290230019	-0.565712447543
-0.041099167189	0.983119583396	0.178288370905	-0.504176844092
-0.377239778976	-0.180500389157	0.908355524380	1.670128194816
0.000000000000	0.000000000000	0.000000000000	1.000000000000
5	53	60
0.752510387937	-0.165295477332	0.637499428408	-0.606218324709
0.107121895795	0.985820384168	0.129162957540	-0.520956553778
-0.649809984140	-0.028906319947	0.759546844625	1.619878101140
0.000000000000	0.000000000000	0.000000000000	1.000000000000
5	54	60
0.452559796718	-0.266287630537	0.851046725049	-0.453909606307
0.217598457514	0.958500035278	0.184197159746	-0.491000601351
-0.864777741204	0.101826225473	0.491722358780	1.458469760639
0.000000000000	0.000000000000	0.000000000000	1.000000000000
5	55	60
0.097488030938	-0.418430018103	0.903001884702	-0.475558970100
0.276137716799	0.883072104011	0.379383210592	-0.366812343071
-0.956161097925	0.212367556535	0.201633270435	1.330660931745
0.000000000000	0.000000000000	0.000000000000	1.000000000000
5	57	60
-0.225294756585	-0.523150597169	0.821921970346	-0.644392927356
0.275485051161	0.774979131913	0.568784081780	-0.346013013868
-0.934532107122	0.354571287305	-0.030478565857	1.358826843035
0.000000000000	0.000000000000	0.000000000000	1.000000000000
5	58	60
0.143702196962	-0.562085511178	0.814499574409	-0.765074178731
0.225253377509	0.820015947653	0.526150892344	-0.313701398793
-0.963644433652	0.107859740952	0.244449753064	1.101770104797
0.000000000000	0.000000000000	0.000000000000	1.000000000000
5	59	60
0.437305458416	-0.461578039084	0.771822291642	-0.691541191671
0.237566195385	0.887040525515	0.395880548783	-0.168430191631
-0.867367418601	0.010238160475	0.497563002262	0.942724944730
0.000000000000	0.000000000000	0.000000000000	1.000000000000
6	13	60
0.863612689094	-0.022685049188	-0.503645224120	-0.479130968420
0.069996718226	0.994707066280	0.075221750378	-0.270429823995
0.499273054223	-0.100215970961	0.860629523367	0.343048772355
0.000000000000	0.000000000000	0.000000000000	1.000000000000
6	14	60
0.980744338926	0.105017857251	-0.164656586032	-1.047642822199
-0.070690464542	0.976836799782	0.201972089196	-0.353104522257
0.182053288594	-0.186443332544	0.965450922555	0.511325439536
0.000000000000	0.000000000000	0.000000000000	1.000000000000
6	22	60
0.660072457186	-0.416927373833	0.624880721589	0.360244164683
0.291130009564	0.908810410845	0.298842692183	-0.240698867224
-0.692493804157	-0.015336299689	0.721260791334	-0.424733506914
0.000000000000	0.000000000000	0.000000000000	1.000000000000
6	27	60
0.014846207470	0.425866322430	-0.904664283336	1.227530817998
-0.267569319248	0.873459717898	0.406785914957	-0.858989863969
0.963424231334	0.236021178351	0.126916326172	1.418231303995
0.000000000000	0.000000000000	0.000000000000	1.000000000000
6	34	60
-0.856696666792	-0.344737063250	0.383701939439	-0.730417608119
0.265293774385	0.343469277054	0.900915128629	-0.977215901985
-0.442368663424	0.873604723512	-0.202792388117	1.301484922259
0.000000000000	0.000000000000	0.000000000000	1.000000000000
6	42	60
-0.828990109962	-0.365505962039	0.423297518655	-0.662097822814
-0.451039722214	0.884451234998	-0.119620992703	-0.205829180014
-0.330663827128	-0.290088615123	-0.898059034143	5.368351368607
0.000000000000	0.000000000000	0.000000000000	1.000000000000
6	44	60
-0.096139192959	-0.969214991298	0.226670589668	-0.350028373597
-0.971470964211	0.041765496407	-0.233451941529	0.228939768774
0.216798111780	-0.242647777557	-0.945579523243	4.181992880779
0.000000000000	0.000000000000	0.000000000000	1.000000000000
6	45	60
0.970094047172	-0.055136392376	-0.236384258945	0.232582680609
-0.012095368799	0.961668919369	-0.273946329733	-0.242690058938
0.242427807181	0.268612858508	0.932242399030	0.886183684252
0.000000000000	0.000000000000	0.000000000000	1.000000000000
6	46	60
0.986322327580	0.036769069807	0.160674520761	-1.287676937380
-0.015249437899	0.990976393082	-0.133166223185	-0.669614423020
-0.164121055201	0.128894623080	0.977982850249	1.155858762712
0.000000000000	0.000000000000	0.000000000000	1.000000000000
6	47	60
0.944969183623	-0.106795489319	0.309237716754	-1.062122929651
0.116191572993	0.993153453858	-0.012072094051	-0.926801367244
-0.305831261266	0.047338573598	0.950908144398	1.265705154085
0.000000000000	0.000000000000	0.000000000000	1.000000000000
6	48	60
0.898621999877	-0.108542258416	0.425084790923	-0.975319203949
0.139333707933	0.989357620876	-0.041923929301	-0.771858999819
-0.416010359450	0.096902405296	0.904182119198	1.331050433872
0.000000000000	0.000000000000	0.000000000000	1.000000000000
6	50	60
0.822687505843	-0.262629404900	0.504193478152	-0.781684922282
0.198441322345	0.963772271203	0.178224720078	-0.925497512997
-0.532734745737	-0.046570429918	0.844999932392	1.617425780003
0.000000000000	0.000000000000	0.000000000000	1.000000000000
6	51	60
0.925424809110	-0.184959446335	0.330724849225	-0.904900358221
0.155574470889	0.981286048614	0.113464861533	-0.787943407999
-0.345522078443	-0.053550854397	0.936881422221	1.672230405664
0.000000000000	0.000000000000	0.000000000000	1.000000000000
6	52	60
0.918215069630	-0.089607847306	0.385812803838	-0.907241567218
0.032147428307	0.987719304733	0.152895774665	-0.748771581857
-0.394775415594	-0.127988314929	0.909819412018	1.620666806881
0.000000000000	0.000000000000	0.000000000000	1.000000000000
6	55	60
0.107734327028	-0.487281638400	0.866573666608	-0.793482253281
0.311129130707	0.844388691439	0.436126589186	-0.618793145055
-0.944241483311	0.222630507000	0.242577159987	1.244022859676
0.000000000000	0.000000000000	0.000000000000	1.000000000000
6	56	60
-0.025093375931	-0.543469783586	0.839053583994	-0.936720207734
0.330386395961	0.787647561993	0.520053985131	-0.536072376447
-0.943512136566	0.290261799787	0.159790286739	1.193279504403
0.000000000000	0.000000000000	0.000000000000	1.000000000000
6	57	60
-0.194195760612	-0.559548887062	0.805725169985	-0.994976694439
0.289003624311	0.752272589362	0.592083487719	-0.550079305159
-0.937424616540	0.347837597568	0.015623508661	1.264861566293
0.000000000000	0.000000000000	0.000000000000	1.000000000000
6	58	60
0.163636918239	-0.560504595790	0.811823599736	-1.114783346647
0.295976021416	0.812900221690	0.501588899721	-0.473648052297
-0.941074467689	0.158201857368	0.298916407360	1.011280440010
0.000000000000	0.000000000000	0.000000000000	1.000000000000
7	12	60
0.983422050984	0.027719360803	-0.179200186033	-0.869401178261
-0.016248807205	0.997742287064	0.065163677530	-0.351413413398
0.180601898943	-0.061171608132	0.981652172848	0.489880970027
0.000000000000	0.000000000000	0.000000000000	1.000000000000
7	13	60
-0.602928735364	-0.421080347876	0.677619569305	-2.495381172369
-0.400663351974	-0.574664652709	-0.713603121708	0.447736305063
0.689888265198	-0.701749155724	0.177770368686	1.421832627810
0.000000000000	0.000000000000	0.000000000000	1.000000000000
7	14	60
0.718192950024	-0.457455684294	-0.524340713127	-0.745300256536
0.453266449957	0.879289590698	-0.146285136064	-0.465307807463
0.527966298052	-0.132605100193	0.838848899102	0.613983697705
0.000000000000	0.000000000000	0.000000000000	1.000000000000
7	22	60
0.690638786627	-0.355981143489	0.629520048836	0.044850117000
0.254792728976	0.934422615987	0.248867514941	-0.309091379307
-0.676829913395	-0.011480427362	0.736049908716	-0.340633500605
0.000000000000	0.000000000000	0.000000000000	1.000000000000
7	23	60
0.760114142312	-0.418579623627	0.497008641114	0.657969699629
0.370371840302	0.907556535443	0.197903599981	-0.142440867759
-0.533901854809	0.033648679895	0.844876663054	-0.395784265961
0.000000000000	0.000000000000	0.000000000000	1.000000000000
7	27	60
0.701947347031	-0.420708628031	0.574694851462	-0.804733455033
0.433353397547	0.892632221436	0.124147291907	0.032607634584
-0.565220978761	0.161901104239	0.808896333046	-0.624931114117
0.000000000000	0.000000000000	0.000000000000	1.000000000000
7	34	60
-0.918794744985	-0.230598135887	0.320375898458	-1.006924660337
0.242921136572	0.309416862218	0.919375074048	-1.145039791646
-0.311135883488	0.922543064090	-0.228273425755	1.566709036480
0.000000000000	0.000000000000	0.000000000000	1.000000000000
7	46	60
0.955828174684	-0.000030869777	0.293926010293	-1.707051619955
0.096762734697	0.944290543054	-0.314566914142	-0.659678467483
-0.277541841266	0.329113003914	0.902582493183	1.442065440304
0.000000000000	0.000000000000	0.000000000000	1.000000000000
7	47	60
0.899164919514	-0.043245810237	0.435467848885	-1.524165231534
0.138758686943	0.971930765809	-0.189991087351	-0.849278260479
-0.415028281341	0.231258267683	0.879926780656	1.531764502384
0.000000000000	0.000000000000	0.000000000000	1.000000000000
7	48	60
0.779102278289	-0.192373186116	0.596650816834	-1.420883709549
0.257996112540	0.965809604644	-0.025491439572	-0.983299626132
-0.571347220067	0.173794029935	0.802095997547	1.666923262300
0.000000000000	0.000000000000	0.000000000000	1.000000000000
7	49	60
0.138104107059	-0.799392540491	0.584721148772	-1.841397476239
0.976865201291	0.207274165826	0.052647874496	-1.267099296078
-0.163283906497	0.563922854998	0.809524168565	1.830651881070
0.000000000000	0.000000000000	0.000000000000	1.000000000000
7	50	60
-0.159050306918	0.985179300303	-0.064224186438	-0.962777790410
0.752828688777	0.163109936158	0.637686532774	-1.959637276365
0.638711175121	0.053074428691	-0.767613926264	3.782624298359
0.000000000000	0.000000000000	0.000000000000	1.000000000000
7	51	60
-0.626898419602	-0.554819680028	-0.546967543968	-0.253156502235
-0.222963983639	0.800447143018	-0.556391438858	-0.218966513385
0.746515527970	-0.226846851176	-0.625503854993	3.249170601079
0.000000000000	0.000000000000	0.000000000000	1.000000000000
7	52	60
0.923890373173	-0.102431023266	0.368692912640	-1.116170785033
0.051452199397	0.988010680743	0.145559492697	-0.886858724012
-0.379182343386	-0.115510952769	0.918083857964	1.754996296301
0.000000000000	0.000000000000	0.000000000000	1.000000000000
7	56	60
-0.153843519795	-0.539633360248	0.827724596665	-1.265780905105
0.353288511244	0.752281292507	0.556111575825	-0.725833103234
-0.922778087755	0.377979752700	0.074912664545	1.460058205668
0.000000000000	0.000000000000	0.000000000000	1.000000000000
7	57	60
-0.221268025754	-0.560850730753	0.797801302702	-1.346975900596
0.312621147619	0.734112592901	0.602782480673	-0.692542248004
-0.923746977717	0.382786048280	0.012898154979	1.420365600549
0.000000000000	0.000000000000	0.000000000000	1.000000000000
8	10	60
0.949040347492	0.099122427724	-0.299160764730	-0.477717971809
-0.137846769020	0.984191450617	-0.111200075555	-0.333368135326
0.283409045555	0.146771703182	0.947701102691	0.008521381828
0.000000000000	0.000000000000	0.000000000000	1.000000000000
8	11	60
0.954824110257	-0.128105700334	-0.268141470148	-0.706481655239
0.099392441123	0.988014717943	-0.118101904203	-0.322444590503
0.280057246146	0.086115310316	0.956113012259	0.134650650315
0.000000000000	0.000000000000	0.000000000000	1.000000000000
8	15	60
0.942641290964	-0.328984286348	-0.056539684341	-1.458301164193
0.333081598656	0.938164748240	0.094358644531	-0.720092078167
0.022001027394	-0.107778682942	0.993931441447	0.549601635932
0.000000000000	0.000000000000	0.000000000000	1.000000000000
8	26	60
0.524798020916	0.247539294160	-0.814439276490	0.978195705657
-0.295822841116	0.950184073804	0.098178778579	-0.785269851578
0.798170335152	0.189405711993	0.571882498725	1.001043863437
0.000000000000	0.000000000000	0.000000000000	1.000000000000
8	34	60
-0.850128032100	-0.412270528503	0.327590201877	-1.533741434631
0.267822079568	0.197112876224	0.943089522645	-1.342368967270
-0.453380262841	0.889482729093	-0.057156031277	1.153857948565
0.000000000000	0.000000000000	0.000000000000	1.000000000000
8	38	60
0.849027899842	-0.468845783479	0.243588293241	-1.740751104819
0.382462805239	0.863461994168	0.328870167749	-0.861738791364
-0.364518624899	-0.186056485888	0.912419397076	0.028528630331
0.000000000000	0.000000000000	0.000000000000	1.000000000000
8	48	60
0.839529696838	-0.286669522037	0.461530576735	-1.824890734058
0.374860555130	0.920518317562	-0.110116262377	-1.298009577323
-0.393280373696	0.265455480575	0.880263560247	1.235822985380
0.000000000000	0.000000000000	0.000000000000	1.000000000000
8	49	60
0.238129613035	0.928834349936	0.283832763746	-0.369623842111
-0.822590279531	0.037506649591	0.567396231269	-0.371045161949
0.516371493614	-0.368591917459	0.772981551504	-0.686335523140
0.000000000000	0.000000000000	0.000000000000	1.000000000000
8	50	60
0.011005555030	-0.846007172742	-0.533057915641	2.074738952211
0.151279001257	-0.525545478337	0.837207628954	-1.237392109424
-0.988429836426	-0.089854403723	0.122199200466	2.800836907967
0.000000000000	0.000000000000	0.000000000000	1.000000000000
8	52	60
0.926845888756	-0.189996322412	0.323817998211	-1.688647812345
