0	8	57
0.806087448093	0.039219415384	-0.590495439003	-0.471827278349
-0.173508313501	0.969615083592	-0.172457110082	0.165401340328
0.565789617413	0.241471379523	0.788399442985	-0.342244866151
0.000000000000	0.000000000000	0.000000000000	1.000000000000
0	9	57
0.930525547610	0.086890270699	-0.355769990449	-0.319782157513
-0.030690766920	0.986530980386	0.160669541496	-0.065349402005
0.364938737423	-0.138588259231	0.920659009803	0.067378416724
0.000000000000	0.000000000000	0.000000000000	1.000000000000
0	10	57
0.555246503171	0.245719507172	-0.794558521766	0.779141035163
-0.248566169854	0.960721628956	0.123405068213	-0.218061167874
0.793672589876	0.128980135881	0.594514881755	0.502404689295
0.000000000000	0.000000000000	0.000000000000	1.000000000000
0	15	57
0.500219729809	-0.492607259352	0.712122398148	0.190480754783
0.397864164403	0.861209269826	0.316263656227	-0.123840437438
-0.769080183462	0.125126662225	0.626784643882	0.336523790936
0.000000000000	0.000000000000	0.000000000000	1.000000000000
0	23	57
-0.465980289789	-0.324596434475	0.823103592663	-1.181759398276
0.391672585559	0.758489521099	0.520851449172	-0.485068464186
-0.793381973106	0.565093621543	-0.226305642090	1.674086882516
0.000000000000	0.000000000000	0.000000000000	1.000000000000
0	29	57
0.369434271942	-0.382804709879	0.846746049775	-2.628971498110
0.365626190161	0.897590759855	0.246268789924	0.147904531535
-0.854304282901	0.218612401106	0.471564216518	-0.529609368439
0.000000000000	0.000000000000	0.000000000000	1.000000000000
1	26	57
0.998137829698	0.060699634349	-0.006035504636	-1.440467249059
-0.060960961529	0.996113047856	-0.063581106166	0.623024829872
0.002152695023	0.063830637484	0.997958423795	-0.766004787825
0.000000000000	0.000000000000	0.000000000000	1.000000000000
2	3	57
0.670091186222	-0.369485171445	0.643784521584	-0.258920713283
0.040547207859	0.884233690715	0.465281317205	0.161163688152
-0.741170510802	-0.285677244960	0.607498794755	-0.016064145313
0.000000000000	0.000000000000	0.000000000000	1.000000000000
2	12	57
0.985819116442	-0.019718718417	0.166648857789	-0.122722919019
-0.045134111903	0.925323901048	0.376481858916	0.013132827928
-0.161627910959	-0.378664561708	0.911312003710	-0.092677210963
0.000000000000	0.000000000000	0.000000000000	1.000000000000
2	23	57
0.858421880484	-0.204305732652	0.470500842414	-1.439497303352
0.044872656464	0.943649077932	0.327891540634	0.452153606778
-0.510977807550	-0.260356650238	0.819216756950	-0.394210826489
0.000000000000	0.000000000000	0.000000000000	1.000000000000
2	24	57
0.950655891213	0.207002424961	-0.231091697304	-1.129695085743
-0.086576133190	0.892276424176	0.443110997405	0.268011647445
0.297922724317	-0.401239054579	0.866169308747	-0.424813990960
0.000000000000	0.000000000000	0.000000000000	1.000000000000
2	25	57
0.888325100331	0.219951490223	-0.403112711373	-0.265649024591
0.010654897171	0.867721245441	0.496936930985	0.081191838298
0.459091482483	-0.445736673563	0.768475001904	-0.488685935890
0.000000000000	0.000000000000	0.000000000000	1.000000000000
3	11	57
-0.513038659453	-0.059768287909	0.856282129714	-1.320335546756
0.621486023252	0.662225148023	0.418584491148	-0.541894175672
-0.592069638480	0.746917401783	-0.302601946629	0.939991903602
0.000000000000	0.000000000000	0.000000000000	1.000000000000
3	15	57
0.462340977631	0.643362789683	-0.610184514106	-0.866611973953
-0.548360898559	0.748235035673	0.373422892072	-0.274510928622
0.696807825254	0.161952623452	0.698734715341	0.484733147929
0.000000000000	0.000000000000	0.000000000000	1.000000000000
3	23	57
-0.557936182081	0.667774686163	-0.492731352001	1.764218997442
0.231313428365	0.695340854870	0.680437501470	-2.355721029402
0.796995178519	0.265665323421	-0.542421073843	4.131267464231
0.000000000000	0.000000000000	0.000000000000	1.000000000000
3	27	57
0.648602640918	0.584890676241	-0.487049803450	1.653395015916
-0.477956906676	0.810992325071	0.337414647040	0.132243257491
0.592344333606	0.013940786300	0.805564302165	-0.920427340166
0.000000000000	0.000000000000	0.000000000000	1.000000000000
3	28	57
0.945404924762	0.208037280611	-0.250858561965	1.362010217922
-0.280215972560	0.911926418473	-0.299781947444	0.459050387799
0.166398728834	0.353709905384	0.920435095960	-1.337894856522
0.000000000000	0.000000000000	0.000000000000	1.000000000000
4	11	57
-0.229137948905	-0.094712247655	0.968775201229	-1.756793803170
0.074856330403	0.990593106591	0.114550543312	0.365016440335
-0.970511375601	0.098766833090	-0.219892661340	1.096326304208
0.000000000000	0.000000000000	0.000000000000	1.000000000000
4	12	57
0.912976586977	-0.136843060140	0.384379667156	-1.841215822004
-0.064061175276	0.882318764235	0.466272199581	0.138984067680
-0.402951507571	-0.450319414606	0.796770046736	0.761416313412
0.000000000000	0.000000000000	0.000000000000	1.000000000000
4	16	57
0.635644792280	0.391344520075	-0.665436071050	-0.309561439878
0.030061124840	0.848782786060	0.527886456410	0.090817087567
0.771396154269	-0.355552033738	0.527760101263	0.592015795827
0.000000000000	0.000000000000	0.000000000000	1.000000000000
4	28	57
0.828813433115	0.076505992267	-0.554269903780	1.693209802369
0.092323419397	0.958330311677	0.270332017993	-0.018147575742
0.551855668921	-0.275226900700	0.787213740868	-0.390549070109
0.000000000000	0.000000000000	0.000000000000	1.000000000000
5	7	57
-0.173942987870	0.690032187910	-0.702566307632	2.113988578447
-0.216232285541	0.669267055287	0.710862298478	-1.770432206724
0.960722350974	0.275567030605	0.032792925809	3.234318721620
0.000000000000	0.000000000000	0.000000000000	1.000000000000
5	27	57
-0.240666273749	0.672363937067	-0.700004629136	1.131799057381
-0.400389142588	0.588207765989	0.702637999633	-0.743039718987
0.884176610852	0.449375522434	0.127645449039	0.972616415974
0.000000000000	0.000000000000	0.000000000000	1.000000000000
5	33	57
0.890101748312	0.368567906841	-0.268098071047	1.796911839842
-0.223421760557	0.865575368681	0.448176302410	-0.850118972620
0.397242488364	-0.339023567292	0.852796239590	0.990534953879
0.000000000000	0.000000000000	0.000000000000	1.000000000000
5	34	57
-0.989080878318	-0.026330268411	0.145002527949	-0.228214446349
0.143251891739	0.059302267382	0.987907959577	-0.389207627042
-0.034610860424	0.997892758792	-0.054882877948	2.506063521446
0.000000000000	0.000000000000	0.000000000000	1.000000000000
5	35	57
0.969174615119	0.017178102223	-0.245775259561	1.875786724921
0.024472380417	0.985920820077	0.165412330663	-0.823317056628
0.245156415386	-0.166328137555	0.955109042284	1.047074444847
0.000000000000	0.000000000000	0.000000000000	1.000000000000
6	7	57
0.417453213589	-0.504928400924	0.755499916879	-0.593050268647
0.074516210809	0.847630406911	0.525328494950	0.070962090809
-0.905637978880	-0.163003077335	0.391471388467	0.534186678681
0.000000000000	0.000000000000	0.000000000000	1.000000000000
6	19	57
0.739893226518	-0.089656121609	0.666723175846	-0.035259886602
0.047004424391	0.995547032212	0.081711019712	-0.101257783054
-0.671080172141	-0.029118490908	0.740812740203	-0.287392227936
0.000000000000	0.000000000000	0.000000000000	1.000000000000
6	22	57
0.948160857556	0.149364988634	-0.280501494415	0.694451047023
0.012534625615	0.864396391329	0.502654714310	0.132724945412
0.317543495224	-0.480113506192	0.817714589458	-0.421121595109
0.000000000000	0.000000000000	0.000000000000	1.000000000000
6	33	57
0.508160708361	0.695418502512	-0.508100187799	0.969178103689
0.083082706708	0.547615875368	0.832594809551	-0.026260844110
0.857245564774	-0.465306307080	0.220499619653	2.176943123792
0.000000000000	0.000000000000	0.000000000000	1.000000000000
6	34	57
0.763481172700	0.165799848944	-0.624184995832	1.074260002391
-0.158336015102	0.985042215911	0.067981903433	-0.131816638835
0.626119960753	0.046928061571	0.778313273549	1.751160113887
0.000000000000	0.000000000000	0.000000000000	1.000000000000
6	35	57
0.767658315134	0.433243276588	-0.472229789930	0.872612986379
0.031228834146	0.710705316135	0.702796352818	-0.071870300802
0.640098016810	-0.554254649875	0.532049163112	2.119359324388
0.000000000000	0.000000000000	0.000000000000	1.000000000000
6	36	57
0.158914834623	0.982179055796	0.100351271508	0.926291723641
-0.924119254510	0.183750685293	-0.335021326334	2.408489686575
-0.347490544879	-0.039496683545	0.936851286602	0.276629676886
0.000000000000	0.000000000000	0.000000000000	1.000000000000
6	37	57
0.530722251133	0.419069415214	0.736691738371	-1.058244814138
0.485125489873	0.562529768774	-0.669487504229	3.945595971530
-0.694972770134	0.712699855813	0.095245809866	2.284687356010
0.000000000000	0.000000000000	0.000000000000	1.000000000000
7	8	57
0.784669965865	0.058957947953	0.617103723083	-0.193419911499
0.298121150754	0.836908160944	-0.459029965926	0.231890894632
-0.543522606837	0.544158699754	0.639120086791	-0.322351752161
0.000000000000	0.000000000000	0.000000000000	1.000000000000
7	9	57
0.562895177967	-0.259314316566	0.784796218037	0.002410705840
0.524345811522	0.846014513386	-0.096544875992	0.360590057240
-0.638913521974	0.465849254979	0.612187865834	-0.423082705660
0.000000000000	0.000000000000	0.000000000000	1.000000000000
7	10	57
0.922663469961	-0.046135889165	0.382836258640	0.811812103792
0.184374673157	0.924756544056	-0.332913373304	0.820923774723
-0.338671080987	0.377752318268	0.861745371293	-1.288316878181
0.000000000000	0.000000000000	0.000000000000	1.000000000000
7	11	57
0.736747671710	0.414604741165	-0.534140222071	0.742401585126
-0.564709631583	0.811761678537	-0.148815352896	0.900250006564
0.371895012373	0.411273492780	0.832194817281	-1.310783195098
0.000000000000	0.000000000000	0.000000000000	1.000000000000
7	13	57
0.805679546714	0.247573243995	-0.538133772276	0.949623459255
-0.299471271470	0.954058644169	-0.009437216200	0.762932064542
0.511074774930	0.168758977075	0.842806610135	-1.209879423684
0.000000000000	0.000000000000	0.000000000000	1.000000000000
7	18	57
0.429409899098	0.517850992731	-0.739890186368	0.877409354512
-0.470065749362	0.827704930009	0.306500799535	-0.383843582898
0.771132498234	0.216182557499	0.598848705434	0.302825075510
0.000000000000	0.000000000000	0.000000000000	1.000000000000
7	20	57
0.971122152066	-0.087574500944	0.221928980871	1.279509391970
0.067506112629	0.993044390822	0.096466380747	-0.832775412968
-0.228833324767	-0.078699076495	0.970279220037	0.637540129180
0.000000000000	0.000000000000	0.000000000000	1.000000000000
7	21	57
0.996935760238	0.002608145131	-0.078181120081	1.539566518113
-0.032522426794	0.922789682916	-0.383929020601	-0.569423040981
0.071143388403	0.385295209785	0.920046857287	0.465476207578
0.000000000000	0.000000000000	0.000000000000	1.000000000000
7	22	57
0.232190671856	0.640088196090	-0.732375991639	1.232999184161
-0.536618102874	0.712296096932	0.452410523711	-0.489457274698
0.811251196345	0.287960711769	0.508871422764	0.300430212734
0.000000000000	0.000000000000	0.000000000000	1.000000000000
7	29	57
-0.794465876625	-0.053252285194	0.604969557085	-0.890577850916
0.527805003271	0.432208004100	0.731175847326	-0.829463788565
-0.300409469558	0.900200219570	-0.315267688301	1.160671643147
0.000000000000	0.000000000000	0.000000000000	1.000000000000
7	30	57
0.485141703825	-0.637084947043	0.598966023628	-0.809573809679
0.649085106133	0.721355228239	0.241526726656	-0.800053382223
-0.585940314542	0.271605237327	0.763481854958	1.173149240966
0.000000000000	0.000000000000	0.000000000000	1.000000000000
7	31	57
0.568607799186	0.062574687455	0.820225322210	-1.144272241921
0.495815788373	0.769558571845	-0.402425531621	-0.965492820049
-0.656393079416	0.635502960646	0.406551487888	1.373841519880
0.000000000000	0.000000000000	0.000000000000	1.000000000000
7	32	57
-0.895904539568	-0.077140760960	0.437497838829	-0.792633662415
0.428226659585	0.112121802889	0.896688702582	-1.177132319140
-0.118224295311	0.990695717320	-0.067416701810	1.673457510560
0.000000000000	0.000000000000	0.000000000000	1.000000000000
7	36	57
-0.586164581663	0.640175359188	-0.496574861116	1.586564783061
-0.506709271934	0.188578554122	0.841239468083	-2.384034451920
0.632184147966	0.744723867225	0.213844720876	2.735588136945
0.000000000000	0.000000000000	0.000000000000	1.000000000000
7	37	57
-0.186713311142	0.697586041865	-0.691745512192	1.908135594495
-0.591165157048	0.482597892257	0.646237596772	-2.491186898675
0.784641253398	0.529597005830	0.322281111580	2.570986690762
0.000000000000	0.000000000000	0.000000000000	1.000000000000
8	10	57
0.936984038850	0.125453577204	-0.326071021262	1.564931420493
-0.046765273128	0.969942992783	0.238796147333	-0.131310394025
0.346228133128	-0.208499378221	0.914687973635	-0.047440092683
0.000000000000	0.000000000000	0.000000000000	1.000000000000
8	19	57
0.142109394158	0.253159092320	-0.956930192892	2.400145129089
-0.119408835647	0.964066161129	0.237314068135	-0.185750748049
0.982622231614	0.080541361681	0.167232290534	0.431722875358
0.000000000000	0.000000000000	0.000000000000	1.000000000000
8	20	57
0.869447937390	0.301285412681	-0.391519328098	0.401677718300
0.007194150480	0.784704238743	0.619828606873	-0.249749752127
0.493972193922	-0.541725352743	0.680091989239	2.217012579781
0.000000000000	0.000000000000	0.000000000000	1.000000000000
8	21	57
0.665808947090	0.117231483300	-0.736854955401	0.732032998968
0.022631354622	0.983951848509	0.176993168239	-0.220481263346
0.745778967096	-0.134519660788	0.652470836971	2.089844444988
0.000000000000	0.000000000000	0.000000000000	1.000000000000
8	26	57
0.307089593383	-0.395635212432	0.865545354282	-1.074071017638
0.121369380665	0.918346189339	0.376709105230	-0.064057520970
-0.943909664678	-0.010632742362	0.330032558571	1.222236047511
0.000000000000	0.000000000000	0.000000000000	1.000000000000
8	31	57
0.977847232261	-0.080753671239	0.193115599944	-1.775749330203
0.103318384248	0.988572379528	-0.109772318511	-0.080874399147
-0.182044230440	0.127292949594	0.975016104045	0.914125467365
0.000000000000	0.000000000000	0.000000000000	1.000000000000
9	14	57
0.992675680178	-0.015640897852	0.119792972657	0.835974568498
0.024967306361	0.996737419249	-0.076753831714	0.060707601865
-0.118201639569	0.079182569951	0.989827506700	-0.307081608884
0.000000000000	0.000000000000	0.000000000000	1.000000000000
9	19	57
0.144884108070	0.279384694483	-0.949185328436	1.662967163577
-0.455042014592	0.870653847960	0.186811782254	-0.263562365839
0.878604211340	0.404853145623	0.253275680423	0.188623318141
0.000000000000	0.000000000000	0.000000000000	1.000000000000
9	20	57
0.696179639291	0.453416047048	-0.556549906223	-0.452324414291
-0.278790093814	0.885197020411	0.372427601885	-0.701590573155
0.661520969757	-0.104115912974	0.742664044665	1.796481173143
0.000000000000	0.000000000000	0.000000000000	1.000000000000
9	21	57
0.494124236698	0.354951433236	-0.793631349401	1.736030347879
-0.437483637975	0.890377820637	0.125838797761	-0.489924842062
0.751298412891	0.285020730056	0.595242705312	0.551544463553
0.000000000000	0.000000000000	0.000000000000	1.000000000000
9	24	57
0.124399124142	-0.349448950805	0.928660480851	-0.530551222670
0.464585415894	0.847511685661	0.256679438221	-0.525015019419
-0.876746969913	0.399511418421	0.267778597540	1.293185253210
0.000000000000	0.000000000000	0.000000000000	1.000000000000
9	25	57
0.241543238206	-0.352004977514	0.904294951817	-0.844856674188
0.465254102646	0.859804879325	0.210414328078	-0.198058420213
-0.851584102745	0.369902778166	0.371451814718	0.711513522790
0.000000000000	0.000000000000	0.000000000000	1.000000000000
9	29	57
0.009986590301	-0.243404564036	0.969873438249	-2.494399555609
0.528037935038	0.824945546879	0.201595594806	0.275912140759
-0.849162061785	0.510116714970	0.136765236570	0.461291176566
0.000000000000	0.000000000000	0.000000000000	1.000000000000
9	31	57
-0.968653709052	-0.185606214803	0.165107010651	-0.301719488628
-0.248393826330	0.732348953405	-0.634007505861	1.038074110879
-0.003240213130	-0.655145284249	-0.755495967922	5.148916903675
0.000000000000	0.000000000000	0.000000000000	1.000000000000
10	13	57
0.538921207637	0.328655974790	-0.775596017392	-0.019708860926
-0.120015047682	0.941310660099	0.315484753218	0.009562874106
0.833762748202	-0.076938231185	0.546735940187	0.088314003409
0.000000000000	0.000000000000	0.000000000000	1.000000000000
10	14	57
0.813139107612	-0.233867762862	0.533020319655	-0.247621454972
0.225752782297	0.970766143603	0.081540025261	0.152821447893
-0.536507663465	0.054027436808	0.842164213865	-0.195339651397
0.000000000000	0.000000000000	0.000000000000	1.000000000000
10	19	57
0.741228773812	0.220438418662	-0.634024296420	0.364392983471
-0.340488647259	0.937478901572	-0.072116504321	0.254693438957
0.578487152806	0.269332903087	0.769943115661	-0.141464002509
0.000000000000	0.000000000000	0.000000000000	1.000000000000
10	20	57
0.972576336328	0.078983077693	-0.218762298978	-0.278621027209
0.013561391178	0.919715851741	0.392350405539	-0.694898314907
0.232188196696	-0.384557441087	0.893422753135	2.424494370563
0.000000000000	0.000000000000	0.000000000000	1.000000000000
10	21	57
0.930549976943	-0.059016597915	-0.361377616327	0.990514512374
0.010161682005	0.990707970597	-0.135626167148	0.230344088762
0.366023879864	0.122534722292	0.922502987097	0.136916721615
0.000000000000	0.000000000000	0.000000000000	1.000000000000
10	23	57
-0.402578639018	0.464336026177	-0.788874194153	1.112301705667
0.207943851100	-0.792874347055	-0.572808540939	1.579333121315
-0.891453753257	-0.394642020794	0.222638454062	1.205117443099
0.000000000000	0.000000000000	0.000000000000	1.000000000000
10	24	57
-0.438243653380	-0.355223965031	0.825686644521	-0.646638235845
0.311744570834	0.801512987128	0.510286443109	-0.548934914724
-0.843064542504	0.481033123738	-0.240518837181	1.975172592999
0.000000000000	0.000000000000	0.000000000000	1.000000000000
10	25	57
-0.370650080183	-0.422282297629	0.827221964873	-1.183175616410
0.365662367382	0.752380767014	0.547918072807	-0.504572641254
-0.853761999120	0.505569819646	-0.124457246968	1.582147515252
0.000000000000	0.000000000000	0.000000000000	1.000000000000
10	29	57
0.291370819340	0.395601501057	-0.870977897538	1.056408154564
-0.223063658180	0.913481738010	0.340284761225	-0.697699719690
0.930239565938	0.095134466332	0.354406240463	1.978823217103
0.000000000000	0.000000000000	0.000000000000	1.000000000000
11	17	57
-0.257317024950	0.555249283284	-0.790876843816	0.922804286151
-0.147318216235	0.786328681657	0.599987122836	-0.517764709944
0.955031565885	0.270897467348	-0.120537423018	1.750323675243
0.000000000000	0.000000000000	0.000000000000	1.000000000000
11	18	57
0.932955207091	0.184604783903	-0.309056071486	1.069972164900
-0.052907306457	0.919497244603	0.389519748011	-0.503246920959
0.356083415067	-0.347053152885	0.867616684134	1.521142315522
0.000000000000	0.000000000000	0.000000000000	1.000000000000
11	27	57
-0.898139470296	0.341533848562	-0.276947869070	0.651038785354
-0.004427563529	0.622784793089	0.782380660662	-0.785137246356
0.439688399411	0.703913156422	-0.557835441362	3.143864981825
0.000000000000	0.000000000000	0.000000000000	1.000000000000
11	28	57
-0.682493214824	0.274794282853	-0.677267387249	0.737762314796
0.018638393942	0.932873497095	0.359721626662	-0.839416661861
0.730654242437	0.232884393055	-0.641801556153	3.440015577366
0.000000000000	0.000000000000	0.000000000000	1.000000000000
11	32	57
0.923215862874	-0.278806544157	0.264460548047	-1.672468007118
0.165455849357	0.909534216914	0.381276632087	0.127279404802
-0.346838337633	-0.308244090287	0.885826590452	1.108906530623
0.000000000000	0.000000000000	0.000000000000	1.000000000000
12	15	57
-0.335753223400	0.612317695341	-0.715777069310	0.759517528080
-0.318897950359	0.641124496955	0.698042603758	-0.225722432189
0.886326051876	0.462629894599	-0.019992758441	0.573262178817
0.000000000000	0.000000000000	0.000000000000	1.000000000000
12	23	57
0.647574058760	0.369823292864	-0.666242126014	1.664258393363
-0.227236224194	0.928272502740	0.294404244316	0.225336321352
0.727331792812	-0.039254206293	0.685162440924	-1.033470840087
0.000000000000	0.000000000000	0.000000000000	1.000000000000
12	27	57
0.117165681174	0.561262250121	-0.819302685059	3.489854791954
-0.221624935995	0.818956942096	0.529331573533	-0.365390507675
0.968067451627	0.119558410757	0.220343358232	0.785674799253
0.000000000000	0.000000000000	0.000000000000	1.000000000000
12	28	57
0.517832527307	0.193458078655	-0.833320733851	3.692382937617
-0.256812033596	0.964321010696	0.064285050593	-0.435781892892
0.816025154675	0.180717902082	0.549039148700	0.404700838223
0.000000000000	0.000000000000	0.000000000000	1.000000000000
12	29	57
0.389021320421	0.343784847992	-0.854677945515	2.935835173574
-0.447990756228	0.881267867318	0.150569679442	0.697181246666
0.804963784646	0.324313003631	0.496844423420	-0.622339909261
0.000000000000	0.000000000000	0.000000000000	1.000000000000
13	25	57
-0.835436444819	0.409394664292	-0.366663272659	1.009040163830
-0.156200614834	-0.816522673043	-0.555780615290	0.966438665780
-0.526922493915	-0.407046352711	0.746100497354	-0.097238406346
0.000000000000	0.000000000000	0.000000000000	1.000000000000
13	26	57
0.659034922983	-0.223532765946	0.718126780477	-0.454362867141
0.313001465411	0.949715724109	0.008374128616	-0.840476592244
-0.683888187455	0.219255891432	0.695861912402	1.948968662673
0.000000000000	0.000000000000	0.000000000000	1.000000000000
14	15	57
0.205274972351	-0.458869314971	0.864465810489	-0.474819277389
0.471535781096	0.820369865480	0.323492335238	-0.074131136815
-0.857622406932	0.341221681008	0.384774702310	0.395267307202
0.000000000000	0.000000000000	0.000000000000	1.000000000000
14	29	57
0.160553877706	-0.307869290105	0.937784064998	-3.305323155896
0.473756908065	0.857547070346	0.200418098488	0.312127087673
-0.865896555262	0.412103776191	0.283537710428	0.206718524369
0.000000000000	0.000000000000	0.000000000000	1.000000000000
15	24	57
0.996287031182	0.083968477909	-0.019011738901	-1.240926824611
-0.085435179775	0.991521387983	-0.097908974200	0.596533678869
0.010629278206	0.099169712562	0.995013761993	-0.725963741105
0.000000000000	0.000000000000	0.000000000000	1.000000000000
15	25	57
0.994832142726	0.050902412189	-0.087851876662	-0.757621947986
-0.055267505708	0.997317630270	-0.047990073604	0.652763540980
0.085173414940	0.052597421848	0.994976884456	-1.016898069145
0.000000000000	0.000000000000	0.000000000000	1.000000000000
17	18	57
-0.086292895425	0.562486579508	-0.822290936392	2.311956452017
-0.431951640858	0.722633872817	0.539646241363	-1.109540575100
0.897759052396	0.401757555910	0.180608831762	1.778913607915
0.000000000000	0.000000000000	0.000000000000	1.000000000000
17	22	57
0.420133004962	-0.520775623845	0.743156112638	-0.450802457376
0.529122405863	0.805902448622	0.265613860553	0.285018526797
-0.737236554815	0.281627400857	0.614140268449	-0.492720425835
0.000000000000	0.000000000000	0.000000000000	1.000000000000
17	27	57
0.638219454830	0.437254183002	-0.633628208750	1.598598682182
-0.360852372032	0.896943435848	0.255495672150	0.134207940104
0.680045213993	0.065583933522	0.730230959758	-0.092401103187
0.000000000000	0.000000000000	0.000000000000	1.000000000000
17	29	57
0.251865385790	0.215535277357	-0.943455548320	2.230410369378
-0.459992879855	0.884379829075	0.079239310995	0.557990252725
0.851451923436	0.414025195054	0.321889359777	0.522333683516
0.000000000000	0.000000000000	0.000000000000	1.000000000000
17	32	57
0.572849504162	0.480725262029	-0.663887541704	2.188726951380
-0.192878786900	0.866269409508	0.460841712211	0.206562799159
0.796643721588	-0.135943122656	0.588963707080	-0.440814170246
0.000000000000	0.000000000000	0.000000000000	1.000000000000
18	19	57
0.806534892888	-0.029334616535	0.590458251553	0.143689605708
0.312132937842	0.869342199795	-0.383167285621	0.125427618885
-0.502070209900	0.493339254397	0.710311118034	-0.326184549049
0.000000000000	0.000000000000	0.000000000000	1.000000000000
18	27	57
-0.678859269400	0.537420544757	-0.500329142088	0.268774680451
-0.274595885159	0.446141916144	0.851794864104	-0.946681341027
0.680989862042	0.715637162767	-0.155294105052	1.574065202037
0.000000000000	0.000000000000	0.000000000000	1.000000000000
18	28	57
-0.460979605540	0.336805292553	-0.821011570067	0.367414449662
-0.377320004613	0.762989057381	0.524859326330	-1.198072485230
0.803198242898	0.551733534621	-0.224639020163	1.711757558356
0.000000000000	0.000000000000	0.000000000000	1.000000000000
18	32	57
-0.672325590735	0.651453709797	-0.351548523016	0.719671431641
-0.122728210255	0.370234896244	0.920795258465	-1.193863286376
0.730011018033	0.662219137141	-0.168966647461	1.931879424525
0.000000000000	0.000000000000	0.000000000000	1.000000000000
18	33	57
0.514867448327	0.691792812354	-0.506294593521	0.838245498613
-0.362215842932	0.710833493249	0.602922406288	-1.205131266061
0.776988541603	-0.127037197900	0.616563343515	1.957981594469
0.000000000000	0.000000000000	0.000000000000	1.000000000000
18	35	57
0.753273893951	0.464968397013	-0.465169679226	0.670006520438
-0.311911651791	0.875215500223	0.369741733710	-1.254885765148
0.579041934724	-0.133424952497	0.804306048642	1.876751846816
0.000000000000	0.000000000000	0.000000000000	1.000000000000
18	36	57
0.795002555967	-0.360611377867	0.487781067856	-1.481704997960
0.322412373411	0.932323463948	0.163777959580	0.041876303349
-0.513829930500	0.027062755315	0.857465107043	0.409236558539
0.000000000000	0.000000000000	0.000000000000	1.000000000000
19	20	57
0.763499908129	-0.418599017233	0.491775104148	0.341763411488
0.151919356249	0.856535146190	0.493222112783	0.055027168028
-0.627684952412	-0.301864880555	0.717557798649	0.216900268065
0.000000000000	0.000000000000	0.000000000000	1.000000000000
19	30	57
-0.171301354775	-0.643488387009	0.746041916810	-1.327620209224
0.316232863883	0.681254885600	0.660218567330	-0.160257644664
-0.933087681653	0.349019306961	0.086792290648	2.161196898103
0.000000000000	0.000000000000	0.000000000000	1.000000000000
19	35	57
0.043947844147	0.578308355012	0.814633680569	-2.096992760643
-0.988392712729	0.143866374951	-0.048808929330	-0.361933678507
-0.145425006167	-0.803032946199	0.577918380829	2.219711205773
0.000000000000	0.000000000000	0.000000000000	1.000000000000
19	36	57
0.068189432143	-0.788759645787	0.610907867458	-1.505369521917
-0.947912928844	0.139747227814	0.286237299540	-0.417872236946
-0.311145111923	-0.598605824810	-0.738146181884	4.170321320972
0.000000000000	0.000000000000	0.000000000000	1.000000000000
19	37	57
0.244954816380	0.604293967640	-0.758172763034	1.208686570866
0.967443515734	-0.101015894151	0.232053513211	0.859516844753
0.063641038625	-0.790331949122	-0.609364610393	2.434241978240
0.000000000000	0.000000000000	0.000000000000	1.000000000000
22	27	57
-0.443462452734	-0.550010998014	0.707692698196	-1.434430083064
-0.557221249294	-0.449260999632	-0.698333039133	2.018613154719
0.702029580823	-0.704025891764	-0.107247430624	2.623986353273
0.000000000000	0.000000000000	0.000000000000	1.000000000000
22	33	57
0.760761508347	0.519352505401	-0.389249152281	1.055450204205
-0.270533216804	0.798900344102	0.537187135735	-1.342218010728
0.589960766512	-0.303366470341	0.748274734739	1.934437525627
0.000000000000	0.000000000000	0.000000000000	1.000000000000
22	35	57
0.920901540517	0.241313620220	-0.306117770425	1.004246430638
-0.167389595729	0.954053428891	0.248521182322	-1.341978096835
0.352024254726	-0.177622609814	0.918982661734	1.876912966833
0.000000000000	0.000000000000	0.000000000000	1.000000000000
23	24	57
0.623622262146	0.376387041470	-0.685148209637	0.465664980544
-0.347470106793	0.918578762103	0.188354938076	-0.081840278930
0.700256952154	0.120606189002	0.703629411078	0.050892612737
0.000000000000	0.000000000000	0.000000000000	1.000000000000
23	25	57
0.491141339860	0.426847991911	-0.759329293576	1.163159449527
-0.339181302340	0.896624467997	0.284641190857	-0.352010639225
0.802331744619	0.117751242843	0.585148200361	0.427675324695
0.000000000000	0.000000000000	0.000000000000	1.000000000000
23	26	57
0.142013632370	0.564969071183	-0.812798915371	1.808391599972
-0.410173443592	0.780895153934	0.471126845695	-0.256471805432
0.900882830558	0.266482095401	0.342633066760	-0.062357699039
0.000000000000	0.000000000000	0.000000000000	1.000000000000
23	29	57
0.665692992158	0.298398620934	-0.683967179927	2.644098945045
-0.310250318224	0.944269285065	0.110001169654	-0.038906623477
0.678673397323	0.138974027459	0.721171712880	-0.355691266956
0.000000000000	0.000000000000	0.000000000000	1.000000000000
25	27	57
-0.575122191188	-0.281318751415	0.768175907788	-2.304179682069
0.554272717899	0.556631767082	0.618823747175	-0.342570819752
-0.601677836883	0.781678217669	-0.164203972626	1.451627201538
0.000000000000	0.000000000000	0.000000000000	1.000000000000
25	29	57
0.971293337450	-0.136004024377	0.195172123980	0.052067758407
0.154456770514	0.984540622750	-0.082600654949	0.789368612105
-0.180920862997	0.110375121785	0.977284489708	-1.475124551253
0.000000000000	0.000000000000	0.000000000000	1.000000000000
25	32	57
0.877641363957	-0.399019909595	0.265572491079	-0.355142304674
0.385459656161	0.916872559152	0.103757234672	1.424269953288
-0.284897331934	0.011305840139	0.958491360543	-1.528441714394
0.000000000000	0.000000000000	0.000000000000	1.000000000000
26	27	57
0.546238158928	-0.432998315917	0.717033006314	-0.366259224893
0.420694863115	0.882045673194	0.212158578778	0.233445132607
-0.724320168074	0.185762990968	0.663967171860	-0.321601679324
0.000000000000	0.000000000000	0.000000000000	1.000000000000
26	32	57
0.597633879133	-0.560481517658	0.573318598055	-0.951768367449
0.486957586991	0.821811661100	0.295800443125	0.481807663741
-0.636950590694	0.102401474812	0.764073218331	-0.623391370187
0.000000000000	0.000000000000	0.000000000000	1.000000000000
28	33	57
0.543583150932	-0.657971960770	0.521143221066	-0.092293116773
0.280980476824	0.727708134961	0.625692290152	0.258283344465
-0.790928144440	-0.193684715846	0.580447156235	-0.409974115952
0.000000000000	0.000000000000	0.000000000000	1.000000000000
32	33	57
0.289947063243	-0.651161634535	0.701369536141	-0.024271990304
0.724109524075	0.628447238235	0.284111713767	0.103243903807
-0.625776395897	0.425491003976	0.653728772408	-0.052860275473
0.000000000000	0.000000000000	0.000000000000	1.000000000000
35	36	57
0.750419731131	0.078302592150	-0.656307040334	0.692961234456
-0.660582696807	0.055232798563	-0.748718798109	2.795490064071
-0.022376948130	0.995398433807	0.093173119336	1.957264548435
0.000000000000	0.000000000000	0.000000000000	1.000000000000
35	37	57
0.973323750353	0.085998497043	-0.212709039547	0.636445104281
-0.098700067459	0.993869655687	-0.049813694785	0.972981746126
0.207121157012	0.069479248780	0.975844998095	-1.410936045596
0.000000000000	0.000000000000	0.000000000000	1.000000000000
36	38	57
0.959093369269	0.207217733343	-0.192874881756	0.330367652164
-0.213300192433	0.976923770123	-0.011089421872	-0.614389096252
0.186126131783	0.051776040381	0.981160692603	0.592144490232
0.000000000000	0.000000000000	0.000000000000	1.000000000000
36	39	57
0.929272292336	0.286441992475	-0.233246632651	1.059480169171
-0.270294212701	0.957654687733	0.099189402878	-0.612040667598
0.251781741349	-0.029128748850	0.967345579777	0.350708177507
0.000000000000	0.000000000000	0.000000000000	1.000000000000
36	42	57
-0.102392942853	-0.693069179888	0.713562048559	0.310290269063
0.839665328195	0.324402713772	0.435574351775	-0.980776110404
-0.533364623762	0.643753051400	0.548729611860	1.062555265078
0.000000000000	0.000000000000	0.000000000000	1.000000000000
36	53	57
0.128394220697	0.677646146093	0.724092966944	-1.753611956041
-0.932838807926	0.330367428314	-0.143767592787	0.879904457427
-0.336640286534	-0.657003092074	0.674551891619	-0.125946052780
0.000000000000	0.000000000000	0.000000000000	1.000000000000
36	55	57
0.504723165479	-0.579580419561	0.639797673871	0.089281437046
0.581463767635	0.776030861413	0.244286694405	0.096906175003
-0.638086524820	0.248722012288	0.728685767287	-0.203208188470
0.000000000000	0.000000000000	0.000000000000	1.000000000000
36	56	57
-0.018498297005	0.171864992873	-0.984946819495	2.622168768648
-0.585313312789	0.796805935157	0.150028755810	-1.029514928888
0.810596162636	0.579277762324	0.085855315487	0.722928755093
0.000000000000	0.000000000000	0.000000000000	1.000000000000
37	38	57
0.776151947880	0.414923544307	-0.474791118474	0.161066697418
-0.354628629468	0.909855511310	0.215410036214	-0.699473824457
0.521370011569	0.001183604428	0.853329895244	1.059174500624
0.000000000000	0.000000000000	0.000000000000	1.000000000000
37	39	57
0.237418114751	0.686952715704	-0.686825017872	0.284931412694
-0.461987170848	0.701811182509	0.542244334296	-1.053419567728
0.854517695990	0.188565719291	0.483986029498	1.592419099870
0.000000000000	0.000000000000	0.000000000000	1.000000000000
37	41	57
0.919466447608	0.233152854870	-0.316577317553	-0.123798951990
-0.103234339732	0.920110256175	0.377809194677	-0.997529863590
0.379373329088	-0.314701227751	0.870079889682	1.650914330828
0.000000000000	0.000000000000	0.000000000000	1.000000000000
37	42	57
0.335191033797	-0.759361490704	0.557689068656	0.051005716646
0.638678829319	0.618304197169	0.458027589501	-1.002964462977
-0.692630005012	0.202657460261	0.692238130962	1.492891019055
0.000000000000	0.000000000000	0.000000000000	1.000000000000
37	55	57
0.807077569735	-0.454585070146	0.376799960764	0.429633061133
0.379064757712	0.888201666607	0.259629946071	-0.037589044487
-0.452698250375	-0.066709920073	0.889164821994	0.050235035523
0.000000000000	0.000000000000	0.000000000000	1.000000000000
37	56	57
-0.276996243942	0.224476892909	-0.934282187239	2.015263255318
-0.512463437694	0.787985696255	0.341262021802	-1.294168203891
0.812806438132	0.573313759688	-0.103232877920	1.563207746403
0.000000000000	0.000000000000	0.000000000000	1.000000000000
38	55	57
0.057634157803	-0.623613591614	0.779605279747	-1.543825007768
0.658473598331	0.610706024210	0.439830276693	0.133739305410
-0.750393779396	0.488000246259	0.445830613008	0.190537801799
0.000000000000	0.000000000000	0.000000000000	1.000000000000
40	41	57
0.514627581011	-0.662953713729	0.543737828659	-0.052884652245
0.103214766514	0.677448887076	0.728292329613	0.191880625706
-0.851178691484	-0.318677546828	0.417060494787	0.695231381542
0.000000000000	0.000000000000	0.000000000000	1.000000000000
41	42	57
-0.007154744128	-0.765220705238	0.643728267137	0.263200682397
0.794037031211	0.386948090221	0.468803123433	-0.218924674375
-0.607827280321	0.514498248539	0.604845062432	-0.142945207378
0.000000000000	0.000000000000	0.000000000000	1.000000000000
41	53	57
0.779562394670	0.610200942171	-0.141199444015	0.142488781781
-0.116717583779	-0.079958114706	-0.989941263677	1.956068354650
-0.615353133130	0.788201440031	0.008888840216	1.852550482723
0.000000000000	0.000000000000	0.000000000000	1.000000000000
41	55	57
0.964104017140	0.120071002179	0.236825671265	0.715420076609
-0.075941527185	0.979348051965	-0.187377366726	1.191947028836
-0.254433348017	0.162666368829	0.953311766354	-1.188273864651
0.000000000000	0.000000000000	0.000000000000	1.000000000000
42	53	57
-0.432907302854	0.854587823793	-0.286829075515	-0.273494090153
-0.881657300410	-0.467694204054	-0.062789617994	-0.486041984184
-0.187807539171	0.225702864225	0.955921830126	0.170344772902
0.000000000000	0.000000000000	0.000000000000	1.000000000000
42	55	57
-0.845734974358	0.331213545175	-0.418365797646	0.329324716123
0.446355114655	0.009486507477	-0.894805631295	1.759515431328
-0.292402915116	-0.943508131215	-0.155861931090	2.247262819339
0.000000000000	0.000000000000	0.000000000000	1.000000000000
43	45	57
0.885041407351	-0.235507347934	0.401544513527	-0.056128125695
0.356934719357	0.897043017573	-0.260598217073	-0.425191934308
-0.298829907125	0.373965391036	0.877980963868	0.262739276337
0.000000000000	0.000000000000	0.000000000000	1.000000000000
43	48	57
0.982881006774	0.023789239865	-0.182699202490	0.027141254074
-0.161135478880	0.591800754879	-0.789814676978	-0.635669950696
0.089332435150	0.805733168357	0.585503012323	0.286941870104
0.000000000000	0.000000000000	0.000000000000	1.000000000000
43	49	57
0.283481424944	0.683375895220	-0.672782035687	-0.342741283866
-0.666691431173	0.644727276159	0.373964269653	-0.996379019374
0.689319096872	0.342526094200	0.638369060559	0.807785541733
0.000000000000	0.000000000000	0.000000000000	1.000000000000
43	53	57
-0.647865565135	0.236701885484	-0.724045873492	0.593891639026
-0.350603496581	-0.936493473956	0.007560517395	-0.384456828924
-0.676274646647	0.258751213806	0.689710382448	0.209022063740
0.000000000000	0.000000000000	0.000000000000	1.000000000000
43	55	57
-0.600407881286	0.702378965161	-0.382327301391	-0.222206414352
-0.600145947510	-0.079782257661	0.795901773494	-1.372531522590
0.528521728766	0.707317878087	0.469431785844	0.846925154244
0.000000000000	0.000000000000	0.000000000000	1.000000000000
44	45	57
0.656753419881	-0.543540014221	0.522722869612	0.121814152789
0.110405309480	0.755004587299	0.646358059280	0.056714137791
-0.745979633176	-0.366786485708	0.555861548219	0.254610632062
0.000000000000	0.000000000000	0.000000000000	1.000000000000
44	47	57
-0.160010934306	-0.548147670595	0.820932781733	0.041438686122
0.102148950035	0.817988629291	0.566092037002	0.128656958986
-0.981815712295	0.174438337448	-0.074894415809	0.365547634311
0.000000000000	0.000000000000	0.000000000000	1.000000000000
44	52	57
0.953493967920	0.021194211208	0.300666024936	0.600516014090
-0.042916824948	0.996907624533	0.065828066089	0.213552519187
-0.298341078761	-0.075670295096	0.951454994818	0.156106845884
0.000000000000	0.000000000000	0.000000000000	1.000000000000
45	46	57
0.361958276273	-0.424556922725	0.829902178334	-0.210953687861
0.556329385007	0.812726162333	0.173129432616	-0.053257157072
-0.747986511653	0.399033337487	0.530366452520	0.056938822960
0.000000000000	0.000000000000	0.000000000000	1.000000000000
47	48	57
0.010885962777	0.160760579103	-0.986933397966	-0.153565088059
-0.512540953312	0.848372369443	0.132537141753	-0.257553784664
0.858593772975	0.504400990258	0.091631730503	0.017304266803
0.000000000000	0.000000000000	0.000000000000	1.000000000000
47	56	57
0.557731048982	-0.001383424616	0.830020579948	-0.965210988398
0.623830326167	0.660336139701	-0.418081220289	0.575192005092
-0.547514201784	0.750968886666	0.369152990106	-0.328412130814
0.000000000000	0.000000000000	0.000000000000	1.000000000000
48	49	57
0.423104724489	0.336476956224	-0.841288089804	-0.087098230157
0.400460059954	0.763441577431	0.506743227120	0.304484142911
0.812781725002	-0.551307732379	0.188270156219	0.713169423001
0.000000000000	0.000000000000	0.000000000000	1.000000000000
49	54	57
-0.038676086815	-0.173564985053	0.984062679036	-2.164467408705
0.712863462156	0.685315486715	0.148890456349	-0.905800727839
-0.700235563673	0.707260828572	0.097222814894	1.579483482293
0.000000000000	0.000000000000	0.000000000000	1.000000000000
50	55	57
0.943161253659	0.234829717081	-0.235163461389	-0.005086845907
-0.157124784092	0.938614230224	0.307107683144	0.024322746398
0.292845781635	-0.252702059345	0.922162142674	0.155177042910
0.000000000000	0.000000000000	0.000000000000	1.000000000000
51	55	57
0.784031049639	0.459214697518	-0.417632822926	0.021670861268
-0.097722093221	0.755744227953	0.647534597077	0.127006561773
0.612980999460	-0.466875276170	0.637402361780	0.251959838698
0.000000000000	0.000000000000	0.000000000000	1.000000000000
52	53	57
-0.639429162426	-0.498847335809	0.585048443973	-1.675992366180
0.315389460916	0.523784313925	0.791315032354	-0.428883886179
-0.701184593515	0.690508021708	-0.177591772825	2.230248730270
0.000000000000	0.000000000000	0.000000000000	1.000000000000
52	54	57
-0.275222197415	-0.247358628763	0.929013697868	-1.959378521825
0.329477929985	0.883543098429	0.332860161136	-0.346997575273
-0.903159474126	0.397700015081	-0.161671464092	2.184565445823
0.000000000000	0.000000000000	0.000000000000	1.000000000000
54	55	57
0.997254424778	-0.064341490567	0.036657671127	-0.202721431038
0.046410467825	0.928802322810	0.367657875774	0.215316408798
-0.057703385838	-0.364947143754	0.929238344844	0.125267919131
0.000000000000	0.000000000000	0.000000000000	1.000000000000
