0	1	66
0.976916411504	-0.069688631949	0.201935186411	-0.499484056430
0.066435742114	0.997529026616	0.022850234749	-0.033673401228
-0.203028611540	-0.008907055365	0.979132293033	0.130875640124
0.000000000000	0.000000000000	0.000000000000	1.000000000000
0	2	66
0.873451125627	-0.013286219742	0.486730528635	-0.590771576426
0.062203016061	0.994481837122	-0.084478757259	0.031525568302
-0.482922266968	0.104064172509	0.869457722990	0.065998339955
0.000000000000	0.000000000000	0.000000000000	1.000000000000
0	5	66
0.422913252084	-0.029588249568	0.905686986049	-0.828613858950
0.267552068190	0.958985944858	-0.093604745455	0.037855322592
-0.865771489493	0.281905113561	0.413484262009	-0.001304285101
0.000000000000	0.000000000000	0.000000000000	1.000000000000
0	6	66
0.718369617498	-0.120976831978	0.685061821138	-0.797289822373
0.206698447049	0.977408288118	-0.044145105107	0.055281366361
-0.664244566890	0.173313716832	0.727146141374	0.194504763651
0.000000000000	0.000000000000	0.000000000000	1.000000000000
0	7	66
0.684784578556	0.000425320618	0.728745428853	-0.754103587290
0.028227989551	0.999233865482	-0.027108350751	-0.089467779912
-0.728198641566	0.039134398896	0.684247935507	0.470342001762
0.000000000000	0.000000000000	0.000000000000	1.000000000000
0	34	66
0.618022774433	0.397027334945	-0.678540452434	0.774868024658
-0.262041503709	0.917783222160	0.298342433213	-0.217535637329
0.741203143960	-0.006576657822	0.671248573150	0.558983503919
0.000000000000	0.000000000000	0.000000000000	1.000000000000
0	35	66
0.869740297432	0.273860131580	-0.410551389420	1.041414557903
-0.198389155738	0.955742497555	0.217251055815	-0.235271977709
0.451877813030	-0.107503054368	0.885578644386	0.582704282214
0.000000000000	0.000000000000	0.000000000000	1.000000000000
0	36	66
0.987926321452	0.106523588485	-0.112491370686	0.940057399407
-0.093754956612	0.989130076200	0.113277095951	-0.136399433878
0.123335280813	-0.101362801130	0.987174752034	0.412719927935
0.000000000000	0.000000000000	0.000000000000	1.000000000000
0	37	66
0.997176562615	0.072860597061	-0.018172406736	0.991971865644
-0.069709823275	0.988154163072	0.136718288984	-0.104790968297
0.027918515534	-0.135065478194	0.990443271011	0.365023962986
0.000000000000	0.000000000000	0.000000000000	1.000000000000
0	38	66
0.986264832478	0.022765139462	0.163595319747	0.798450420671
-0.041518112779	0.992824352131	0.112142998562	-0.101297134371
-0.159868466338	-0.117394864626	0.980132908962	0.378524410724
0.000000000000	0.000000000000	0.000000000000	1.000000000000
0	45	66
0.839082679699	-0.103157150720	0.534133746251	0.374158081805
0.249917662105	0.945208310466	-0.210053355114	-0.196402278296
-0.483199150244	0.309741589203	0.818888715957	0.021053103362
0.000000000000	0.000000000000	0.000000000000	1.000000000000
0	46	66
0.800690814208	-0.113277409204	0.588270727308	0.009747089572
0.155872231095	0.987532260927	-0.021997299889	-0.129833377919
-0.578444524235	0.109308106712	0.808364812563	0.280247566877
0.000000000000	0.000000000000	0.000000000000	1.000000000000
0	47	66
0.714757856114	-0.365165263753	0.596469225755	-0.311400744555
0.245105809806	0.929564951608	0.275376365617	-0.015129989925
-0.655014770156	-0.050629348110	0.753917979615	0.390481356156
0.000000000000	0.000000000000	0.000000000000	1.000000000000
0	48	66
0.668994505372	-0.414384826851	0.617034494220	-0.652844403479
0.145674845721	0.887164799429	0.437855521810	-0.036755998634
-0.728851967896	-0.203036533487	0.653873821898	0.351721602140
0.000000000000	0.000000000000	0.000000000000	1.000000000000
0	49	66
0.714619222208	-0.370470642997	0.593355601582	-0.666152833838
0.230934741361	0.925629046662	0.299799955316	-0.090102595216
-0.660294262040	-0.077216388500	0.747026851501	0.572111744265
0.000000000000	0.000000000000	0.000000000000	1.000000000000
1	2	66
0.947567568244	0.009822467411	0.319404481412	-0.110508826846
0.021748563470	0.995227588456	-0.095126479817	-0.008107011939
-0.318814528526	0.097085355792	0.942831761287	-0.035892060045
0.000000000000	0.000000000000	0.000000000000	1.000000000000
1	3	66
0.680447058382	-0.217875955945	0.699658394189	-0.205717882300
0.291596764736	0.956435229336	0.014247065676	0.060323068383
-0.672282029757	0.194323750237	0.714335462202	-0.032781946324
0.000000000000	0.000000000000	0.000000000000	1.000000000000
1	5	66
0.583488877434	-0.045343382949	0.810854307218	-0.338462977014
0.255417583367	0.958020527711	-0.130224907723	0.057452497708
-0.770910233437	0.283091232833	0.570575819568	-0.176745166689
0.000000000000	0.000000000000	0.000000000000	1.000000000000
1	6	66
0.837290543655	-0.115117058780	0.534502206061	-0.332593296461
0.185707338043	0.979344323400	-0.079984253579	0.082836498580
-0.514254149330	0.166231041028	0.841373823515	0.025120665687
0.000000000000	0.000000000000	0.000000000000	1.000000000000
1	7	66
0.820620799214	0.051013705968	0.569191624763	-0.310734347008
-0.012593232109	0.997380132968	-0.071233986727	-0.074264538222
-0.571334328044	0.051288128874	0.819113309277	0.309312361179
0.000000000000	0.000000000000	0.000000000000	1.000000000000
1	34	66
0.468611259920	0.440640847667	-0.765662543451	1.073740885371
-0.302886425115	0.894323938878	0.329309134144	-0.262574948123
0.829857397724	0.077590822375	0.552554398884	0.655754020460
0.000000000000	0.000000000000	0.000000000000	1.000000000000
1	35	66
0.754868537665	0.345298884006	-0.557621889410	1.350869439147
-0.238331151066	0.936488209792	0.257270471201	-0.353249235058
0.611041531547	-0.061306717617	0.789220965953	0.746066599023
0.000000000000	0.000000000000	0.000000000000	1.000000000000
1	36	66
0.937589627184	0.183543377718	-0.295359982890	1.307203672199
-0.149110145895	0.979512515323	0.135356554022	-0.260152755324
0.314152598887	-0.082867730882	0.945748953894	0.562277793765
0.000000000000	0.000000000000	0.000000000000	1.000000000000
1	37	66
0.964298042603	0.162907164347	-0.208783478359	1.392230848743
-0.133782128076	0.980073486309	0.146827462152	-0.189540816159
0.228542397027	-0.113653936312	0.966877011580	0.538377300419
0.000000000000	0.000000000000	0.000000000000	1.000000000000
1	38	66
0.993262212288	0.090598661322	-0.072263823638	1.293448530524
-0.077765724307	0.983388734637	0.164009416537	-0.289746180008
0.085922463669	-0.157284707319	0.983808340624	0.572851597529
0.000000000000	0.000000000000	0.000000000000	1.000000000000
1	45	66
0.948749257152	-0.080753371878	0.305538442727	0.918971317574
0.165181131574	0.950941303279	-0.261583316536	-0.243510648029
-0.269425390092	0.298646162956	0.915543788426	0.089665998168
0.000000000000	0.000000000000	0.000000000000	1.000000000000
1	46	66
0.914408254870	-0.100035768374	0.392237668348	0.522627905257
0.130654677718	0.990058742771	-0.052086860655	-0.160424316244
-0.383127783664	0.098876341500	0.918388028274	0.259113772612
0.000000000000	0.000000000000	0.000000000000	1.000000000000
1	47	66
0.838335670792	-0.314001698498	0.445641376466	0.124442609581
0.215064076168	0.941652257074	0.258917882521	-0.055367694185
-0.500939862878	-0.121218645791	0.856951161789	0.320717080896
0.000000000000	0.000000000000	0.000000000000	1.000000000000
1	48	66
0.811942728297	-0.356366348389	0.462333247455	-0.163035289121
0.164382662793	0.899556993145	0.404691927592	0.004083293153
-0.560113690369	-0.252587097494	0.788969208550	0.156708225584
0.000000000000	0.000000000000	0.000000000000	1.000000000000
1	49	66
0.831892102177	-0.283747079823	0.476909975810	-0.283179690911
0.177227427834	0.950233583853	0.256215875662	-0.079497400928
-0.525876382013	-0.128622435095	0.840779578743	0.458228100945
0.000000000000	0.000000000000	0.000000000000	1.000000000000
2	3	66
0.862612058535	-0.240110128998	0.445249999913	-0.097144084974
0.208456180456	0.970690362550	0.119608699028	-0.017753217155
-0.460919143993	-0.010360791758	0.887381652219	-0.013976563723
0.000000000000	0.000000000000	0.000000000000	1.000000000000
2	5	66
0.831252558953	-0.089348706777	0.548667469266	-0.074880309998
0.157009347810	0.984548050443	-0.077544832642	0.018975414052
-0.533260956693	0.150605262082	0.832436668522	-0.200467697048
0.000000000000	0.000000000000	0.000000000000	1.000000000000
2	6	66
0.969406079525	-0.133012712890	0.206299469677	-0.161139510091
0.135067673891	0.990827662285	0.004155372533	0.094561891206
-0.204959938644	0.023836146098	0.978480077309	-0.010885666772
0.000000000000	0.000000000000	0.000000000000	1.000000000000
2	7	66
0.963474058284	0.048232936011	0.263422328016	-0.272166489908
-0.057432294364	0.997975260195	0.027329683541	-0.075019274445
-0.261570775465	-0.041460389798	0.964293402186	0.271869446209
0.000000000000	0.000000000000	0.000000000000	1.000000000000
2	8	66
0.982105578663	-0.071732343427	0.174135301605	-0.596887569873
0.065794725052	0.997045425811	0.039641809054	-0.135480143773
-0.176464405799	-0.027475257530	0.983923484682	0.749678005243
0.000000000000	0.000000000000	0.000000000000	1.000000000000
2	35	66
0.512971893088	0.368142946188	-0.775455097394	1.137856113426
-0.203829616610	0.929768858629	0.306567051256	-0.213624749077
0.833854498276	0.000800434558	0.551983727124	1.208865199645
0.000000000000	0.000000000000	0.000000000000	1.000000000000
2	36	66
0.751617170515	0.238814849636	-0.614848840433	1.245181174718
-0.077291364229	0.957620918595	0.277467513926	-0.267322542780
0.655055473989	-0.161026842055	0.738222650787	1.203696834946
0.000000000000	0.000000000000	0.000000000000	1.000000000000
2	37	66
0.808683549784	0.256691317944	-0.529282990092	1.257798391846
-0.142960784104	0.958553176318	0.246450851853	-0.158201142858
0.570607685294	-0.123634038447	0.811862977368	1.106540785290
0.000000000000	0.000000000000	0.000000000000	1.000000000000
2	38	66
0.918030294916	0.150027520018	-0.367031498448	1.109520083279
-0.064798791786	0.969975833665	0.234409894607	-0.162206937491
0.391179618844	-0.191412187030	0.900188802673	1.012036282330
0.000000000000	0.000000000000	0.000000000000	1.000000000000
2	45	66
0.985851226873	-0.164445416318	0.032481741418	0.858411872803
0.167618403522	0.965757960061	-0.198029375040	-0.121304730502
0.001195522690	0.200672039981	0.979657747938	0.432866345331
0.000000000000	0.000000000000	0.000000000000	1.000000000000
2	46	66
0.995535644437	-0.069478696375	0.063886551046	0.516263751296
0.069460364707	0.997581552738	0.002510651585	-0.063476277400
-0.063906481591	0.001938139992	0.997954009574	0.503065119514
0.000000000000	0.000000000000	0.000000000000	1.000000000000
2	47	66
0.968069576067	-0.207194734381	0.141108603343	0.124884861215
0.146490556188	0.924359733217	0.352277732131	-0.036407117739
-0.203425202078	-0.320358277016	0.925196606947	0.413173015384
0.000000000000	0.000000000000	0.000000000000	1.000000000000
2	48	66
0.952574957576	-0.226139847594	0.203621510478	-0.132855640649
0.104279230119	0.871205279818	0.479715751861	0.036952249118
-0.285878982027	-0.435731717629	0.853470021669	0.185006906028
0.000000000000	0.000000000000	0.000000000000	1.000000000000
2	49	66
0.964209404776	-0.212161269509	0.159021443400	-0.283202973730
0.146699097360	0.926477367669	0.346581970147	-0.021430398739
-0.220861039059	-0.310849292934	0.924442057951	0.401610280439
0.000000000000	0.000000000000	0.000000000000	1.000000000000
3	4	66
-0.957123220301	0.165400189112	-0.237819087970	1.139327434343
0.008763644845	0.837125694789	0.546940371204	-1.951901710047
0.289548510081	0.521405167375	-0.802681949308	5.765937986847
0.000000000000	0.000000000000	0.000000000000	1.000000000000
3	5	66
0.996236509556	0.071227063343	0.049391522291	0.167561881088
-0.061369981173	0.982049545538	-0.178360352990	-0.083304050714
-0.061209006180	0.174657938713	0.982724814995	-0.077600844793
0.000000000000	0.000000000000	0.000000000000	1.000000000000
3	6	66
0.965175359802	0.009625522824	-0.261426613300	0.009099260488
-0.019071367893	0.999252745882	-0.033618934755	0.074405979947
0.260907661363	0.037433930568	0.964637700427	-0.016491423695
0.000000000000	0.000000000000	0.000000000000	1.000000000000
3	7	66
0.948772489629	0.219514441012	-0.227253543671	-0.200309803654
-0.235417949611	0.970848542772	-0.045072119962	0.003720854910
0.210734790494	0.096262750762	0.972792028591	0.164636419583
0.000000000000	0.000000000000	0.000000000000	1.000000000000
3	38	66
0.597388623831	0.393657156271	-0.698685104632	0.605315982879
-0.235609688983	0.918935101757	0.316301048395	-0.462792777737
0.766560438958	-0.024337667817	0.641710815984	1.506862061321
0.000000000000	0.000000000000	0.000000000000	1.000000000000
3	39	66
0.899093658988	0.194571976195	-0.392138162446	0.504412697423
-0.129268475625	0.973851844742	0.186821427311	-0.464582660242
0.418234687199	-0.117278858164	0.900736041164	1.572144985114
0.000000000000	0.000000000000	0.000000000000	1.000000000000
3	43	66
0.877766389563	-0.240146635172	0.414554892589	1.225293045329
0.290428154111	0.954900247971	-0.061781904506	-0.004073918784
-0.381021853250	0.174628491491	0.907924687023	0.709987850165
0.000000000000	0.000000000000	0.000000000000	1.000000000000
3	45	66
0.878722426282	-0.034389686737	-0.476092687400	0.646921405274
-0.033759788301	0.990426138605	-0.133851935592	-0.478612823483
0.476137768134	0.133691485944	0.869148671024	0.873316915492
0.000000000000	0.000000000000	0.000000000000	1.000000000000
3	46	66
0.913285140779	0.117525659135	-0.389997398808	0.297939624879
-0.119324015872	0.992659743701	0.019708182836	-0.271889462357
0.389450935123	0.028536865270	0.920605027388	0.724525915600
0.000000000000	0.000000000000	0.000000000000	1.000000000000
3	47	66
0.962395444639	0.117253231113	-0.245044257087	0.034452283146
-0.038550259384	0.951871007479	0.304064898702	-0.085420711354
0.268903115711	-0.283184153714	0.920596463955	0.501388142091
0.000000000000	0.000000000000	0.000000000000	1.000000000000
3	48	66
0.974848587785	0.138342145842	-0.174733172514	0.012100741862
-0.054010216855	0.907295785495	0.417009896883	0.062177008799
0.216224714981	-0.397084132530	0.891947904490	0.174609477106
0.000000000000	0.000000000000	0.000000000000	1.000000000000
4	5	66
0.974311834837	0.039351937187	-0.221738299662	0.094346975960
-0.109832073921	0.942610265561	-0.315313816376	0.611142830284
0.196604588033	0.331567960302	0.922718442249	0.030659161320
0.000000000000	0.000000000000	0.000000000000	1.000000000000
4	39	66
-0.632077897264	-0.311283797130	0.709633658611	-1.761022846549
0.646611869841	0.292806366518	0.704384498344	-1.312004836098
-0.427048734421	0.904083419475	0.016203365659	3.182447976069
0.000000000000	0.000000000000	0.000000000000	1.000000000000
4	40	66
0.986461762932	0.000816644751	-0.163989400159	0.052309552933
0.034740668010	0.976250627047	0.213840592910	-0.359124978961
0.160269386532	-0.216642669576	0.963005543836	1.432925110564
0.000000000000	0.000000000000	0.000000000000	1.000000000000
4	41	66
0.933543848577	-0.183146106092	0.308145073963	0.092562605911
0.114149245585	0.966763793660	0.228774380121	-0.347311175938
-0.339802637595	-0.178396387551	0.923422382441	1.288071134642
0.000000000000	0.000000000000	0.000000000000	1.000000000000
4	42	66
0.940196713019	-0.108855474714	0.322770237868	-0.024047591124
0.184958924212	0.958852104075	-0.215389969276	-0.234140444456
-0.286042544358	0.262208177095	0.921643388020	1.180482260905
0.000000000000	0.000000000000	0.000000000000	1.000000000000
4	43	66
0.985485792558	-0.117742059279	0.122288838994	0.011966809455
0.106981762201	0.990075603822	0.091132877012	-0.344545026749
-0.131805368715	-0.076727480037	0.988301694112	1.189410856083
0.000000000000	0.000000000000	0.000000000000	1.000000000000
4	45	66
0.638703500510	0.098996865887	-0.763057965675	1.394034085691
-0.289303298102	0.949820764914	-0.118929038695	-0.088909003313
0.712994698538	0.296715579439	0.635293967211	1.060531506996
0.000000000000	0.000000000000	0.000000000000	1.000000000000
4	46	66
-0.811911692419	-0.261296632562	-0.522037808521	1.451812788617
0.267901677573	-0.961285217621	0.064493577489	0.184919705256
-0.518679182990	-0.087491715010	0.850480514143	1.072418766440
0.000000000000	0.000000000000	0.000000000000	1.000000000000
4	47	66
-0.761099357478	-0.297563269062	0.576353944163	-1.473196078895
0.528477134791	0.230721440445	0.816994207398	-2.170429929548
-0.376084679362	0.926403647350	-0.018346556226	4.263970010837
0.000000000000	0.000000000000	0.000000000000	1.000000000000
4	48	66
-0.771688816583	-0.394357493027	0.498977492532	-0.917679872268
-0.221026896979	0.901942983190	0.371006692509	0.188902144650
-0.596358517313	0.176014268650	-0.783182926308	3.803399546288
0.000000000000	0.000000000000	0.000000000000	1.000000000000
5	6	66
0.932970267750	-0.004232167692	-0.359928559926	-0.105434230068
0.056266688674	0.989353437741	0.134215628659	0.115581837568
0.355528535057	-0.145471179232	0.923275471770	0.105752945992
0.000000000000	0.000000000000	0.000000000000	1.000000000000
5	7	66
0.945335590817	0.144942846139	-0.292116743936	-0.385380031662
-0.125115762398	0.988446505507	0.085554378913	0.158607989020
0.301142269922	-0.044329190210	0.952548295973	0.249375277532
0.000000000000	0.000000000000	0.000000000000	1.000000000000
5	38	66
0.537789286969	0.328965520533	-0.776250197502	0.396580681559
-0.055061897959	0.932471304033	0.357023044842	-0.028020669010
0.841279305709	-0.149261359552	0.519586543639	1.699230810329
0.000000000000	0.000000000000	0.000000000000	1.000000000000
5	39	66
0.876992063725	0.101014686198	-0.469766913837	0.257487484709
0.003325000397	0.976353595473	0.216154113955	0.088844670428
0.480493355351	-0.191127417655	0.855918480747	1.645384187087
0.000000000000	0.000000000000	0.000000000000	1.000000000000
5	43	66
0.905554578906	-0.167277217823	0.389857970316	0.215419453541
0.139156650194	0.985257308986	0.099516138370	0.145267160100
-0.400757197475	-0.035865965575	0.915482004840	1.096489891281
0.000000000000	0.000000000000	0.000000000000	1.000000000000
5	45	66
0.847595297573	-0.128089946747	-0.514951625955	0.461930652050
0.120512551013	0.991537241400	-0.048276536393	-0.088656334923
0.516777453630	-0.021139168862	0.855858749421	1.034751134280
0.000000000000	0.000000000000	0.000000000000	1.000000000000
5	46	66
0.861387176086	0.057721054356	-0.504658709187	0.187478844335
0.018594702479	0.989273279655	0.144888285241	-0.002687372694
0.507608480932	-0.134188889422	0.851074010907	0.944938385563
0.000000000000	0.000000000000	0.000000000000	1.000000000000
5	47	66
0.933922629614	0.154035327119	-0.322585864373	-0.162406068398
0.009614975423	0.891250199194	0.453410007261	0.046700453333
0.357345874667	-0.426551521432	0.830877683791	0.621046205184
0.000000000000	0.000000000000	0.000000000000	1.000000000000
5	48	66
0.953176580530	0.161619886923	-0.255604026728	-0.153434767761
0.012347183622	0.823708211506	0.566879466337	0.133552206521
0.302162130958	-0.543492221148	0.783143825977	0.290674980506
0.000000000000	0.000000000000	0.000000000000	1.000000000000
5	49	66
0.940023150105	0.106448700091	-0.324075842229	-0.444105918381
0.059504367708	0.884321161343	0.463071607664	0.067883535677
0.335880495848	-0.454581959442	0.824948201198	0.390429497306
0.000000000000	0.000000000000	0.000000000000	1.000000000000
6	7	66
0.979284273069	0.197212142511	0.045931289621	-0.161713231949
-0.196549540559	0.980318102697	-0.018565980483	-0.052988857499
-0.048688711484	0.009153598829	0.998772056579	0.231334005376
0.000000000000	0.000000000000	0.000000000000	1.000000000000
6	35	66
0.292482417476	0.480445614078	-0.826816816097	0.962387148194
-0.237530900764	0.874028994592	0.423854205824	-0.441740190314
0.926300764682	0.072424640318	0.369758792763	1.484170531286
0.000000000000	0.000000000000	0.000000000000	1.000000000000
6	36	66
0.607559611844	0.346136979545	-0.714884962387	1.081007519309
-0.139479198335	0.932556876912	0.332991328049	-0.418931801004
0.781931500381	-0.102600500562	0.614862802580	1.411129752178
0.000000000000	0.000000000000	0.000000000000	1.000000000000
6	37	66
0.631927779523	0.434193939174	-0.641983570391	1.106982979231
-0.243504118738	0.897620883916	0.367399636520	-0.492333406677
0.735780555345	-0.075844392951	0.672959584547	1.411956310206
0.000000000000	0.000000000000	0.000000000000	1.000000000000
6	38	66
0.794514262842	0.309241040627	-0.522606032240	1.018995039722
-0.192210756563	0.944437060198	0.266633952050	-0.332156921714
0.576022665529	-0.111393977021	0.809808169063	1.262755642412
0.000000000000	0.000000000000	0.000000000000	1.000000000000
6	39	66
-0.948002374145	0.148610356372	-0.281436423716	-0.024001661488
0.067479403412	-0.770328553571	-0.634066597187	1.896916247073
-0.311027376175	-0.620087801470	0.720245159468	0.364734254247
0.000000000000	0.000000000000	0.000000000000	1.000000000000
6	44	66
0.995617328709	-0.030326022998	0.088467322236	0.827755295112
0.027229914796	0.998980861320	0.035996811750	-0.329776423923
-0.089468801907	-0.033430091909	0.995428431601	0.673841847946
0.000000000000	0.000000000000	0.000000000000	1.000000000000
6	45	66
0.981568005040	-0.061254226047	-0.181030857243	0.808525937194
0.036509286705	0.989899572685	-0.136988714796	-0.431683772463
0.187593505930	0.127854432026	0.973890096851	0.639479138316
0.000000000000	0.000000000000	0.000000000000	1.000000000000
6	46	66
0.987790819193	0.041451244036	-0.150170209715	0.553252227528
-0.037316072859	0.998845504144	0.030251769485	-0.239640744522
0.151250812310	-0.024278657675	0.988197216429	0.646017703871
0.000000000000	0.000000000000	0.000000000000	1.000000000000
6	47	66
0.999363301666	-0.012664304376	0.033355759278	0.105746665924
0.000165012726	0.936515416333	0.350626364868	-0.161900862173
-0.035678621794	-0.350397617521	0.935921228300	0.467895488346
0.000000000000	0.000000000000	0.000000000000	1.000000000000
6	48	66
0.997291717460	-0.027941729630	0.068033006923	0.018986719794
-0.004875015633	0.897873406369	0.440226737440	0.018345038490
-0.073385724145	-0.439366141026	0.895305495131	0.176918029887
0.000000000000	0.000000000000	0.000000000000	1.000000000000
6	49	66
0.999807820927	-0.017658185744	0.008515262098	-0.212464511989
0.014002094184	0.947230983149	0.320245852310	-0.039593854908
-0.013720880833	-0.320065076257	0.947296196757	0.359012913728
0.000000000000	0.000000000000	0.000000000000	1.000000000000
7	37	66
0.626932623566	0.224897282288	-0.745906628157	1.273915439855
-0.116639111754	0.973732025303	0.195553727932	-0.074161051329
0.770292673675	-0.035597125141	0.636696192516	1.257803469897
0.000000000000	0.000000000000	0.000000000000	1.000000000000
7	38	66
0.761861510544	0.168255938458	-0.625505378015	1.183999147839
-0.043803180693	0.976845945693	0.209411746911	-0.125854386702
0.646257162524	-0.132143624729	0.751591473029	1.143642615090
0.000000000000	0.000000000000	0.000000000000	1.000000000000
7	39	66
0.980629918410	-0.194548472143	-0.022712443871	0.744890982236
0.195308167640	0.962447567565	0.188545483481	-0.096887923261
-0.014821699383	-0.189329267878	0.981801785266	0.982811106681
0.000000000000	0.000000000000	0.000000000000	1.000000000000
7	44	66
0.974937896586	-0.214972966195	0.057295039980	0.925994237951
0.208135948235	0.972293534822	0.106417616943	-0.173915957649
-0.078584507720	-0.091825410147	0.992669415867	0.464137972660
0.000000000000	0.000000000000	0.000000000000	1.000000000000
7	45	66
0.940321447293	-0.269062532030	-0.208328897706	1.027883625071
0.225176067910	0.951000775283	-0.211880305485	-0.056387492755
0.255129994713	0.152324913489	0.954832868375	0.436844496211
0.000000000000	0.000000000000	0.000000000000	1.000000000000
7	46	66
0.968425306146	-0.144793463798	-0.202946493581	0.695700690369
0.146660801055	0.989169310676	-0.005889333654	-0.011394494339
0.201601180179	-0.024060915573	0.979172117910	0.437305554831
0.000000000000	0.000000000000	0.000000000000	1.000000000000
7	47	66
0.967694977943	-0.205709728932	-0.145773581579	0.375786752846
0.243218670495	0.913970961525	0.324810344372	0.039092844164
0.066416172626	-0.349772195737	0.934477556233	0.276298682705
0.000000000000	0.000000000000	0.000000000000	1.000000000000
7	48	66
0.986508085242	-0.157482914021	-0.044731750955	0.134711202639
0.159444643745	0.862248005897	0.480734627323	0.042772845069
-0.037137626921	-0.481380834805	0.875724436423	-0.052122841131
0.000000000000	0.000000000000	0.000000000000	1.000000000000
7	49	66
0.980026147085	-0.177500043035	-0.089679907184	-0.084622822522
0.197443120237	0.922349153835	0.332096752003	-0.004728855241
0.023768998735	-0.343170181022	0.938972449839	0.116673913426
0.000000000000	0.000000000000	0.000000000000	1.000000000000
8	37	66
0.681402440185	0.356060488117	-0.639461995205	1.746719462169
-0.215439033035	0.932558335583	0.289691169660	-0.232464994607
0.699483193190	-0.059631195997	0.712156852743	0.689905408435
0.000000000000	0.000000000000	0.000000000000	1.000000000000
8	38	66
0.837466343590	0.230312842907	-0.495586639999	1.603851746678
-0.146380029102	0.968256112371	0.202615369445	-0.092187055695
0.526519715143	-0.097139565819	0.844595106734	0.520760581586
0.000000000000	0.000000000000	0.000000000000	1.000000000000
8	39	66
0.997273392195	-0.009292617731	-0.073208117548	1.467299290740
0.022499274307	0.983095363542	0.181706600974	-0.217372753292
0.070282030953	-0.182858287856	0.980623925206	0.594442131051
0.000000000000	0.000000000000	0.000000000000	1.000000000000
8	44	66
0.987643545456	-0.106927657089	0.114571825810	1.481429859367
0.108508118606	0.994066282386	-0.007629837426	-0.024298281086
-0.113076148309	0.019967532950	0.993385666452	-0.105373836485
0.000000000000	0.000000000000	0.000000000000	1.000000000000
8	45	66
0.985016757234	-0.092145403148	-0.145777956657	1.415952571485
0.062436493952	0.978490419895	-0.196616841589	-0.169300486746
0.160759672155	0.184569019210	0.969582696296	-0.111014355746
0.000000000000	0.000000000000	0.000000000000	1.000000000000
8	46	66
0.996644257878	-0.003884254610	-0.081762679783	1.051501313569
0.001057644988	0.999401170453	-0.034585862486	0.006183442565
0.081848058170	0.034383325362	0.996051546011	-0.090411891423
0.000000000000	0.000000000000	0.000000000000	1.000000000000
8	47	66
0.991859666903	-0.125866501772	0.019287947081	0.728039350020
0.114739362835	0.949117180875	0.293277096931	0.122943624075
-0.055220284199	-0.288676636914	0.955832893090	-0.223234800934
0.000000000000	0.000000000000	0.000000000000	1.000000000000
8	48	66
0.993113566273	-0.051621547526	0.105169673939	0.550382072447
-0.001630901176	0.891513342626	0.452991501114	0.090160401133
-0.117144289859	-0.450043526508	0.885289805432	-0.491236321027
0.000000000000	0.000000000000	0.000000000000	1.000000000000
8	49	66
0.991516419063	-0.116831397195	0.056970302417	0.278210552672
0.096455492591	0.955136616506	0.280018538240	0.165598723131
-0.087129378955	-0.272147879724	0.958302667681	-0.318550939492
0.000000000000	0.000000000000	0.000000000000	1.000000000000
8	50	66
0.996060721055	0.007883360531	0.088322661860	-0.005969002438
-0.003634834917	0.998833006609	-0.048160283265	-0.025043262849
-0.088599254773	0.047649528180	0.994926979490	0.050619549671
0.000000000000	0.000000000000	0.000000000000	1.000000000000
8	51	66
0.999439058374	0.021864541368	-0.025367507329	-0.283968609582
-0.022560395111	0.999367823952	-0.027476917978	-0.101372434246
0.024750700389	0.028033806020	0.999300509632	0.267299561200
0.000000000000	0.000000000000	0.000000000000	1.000000000000
9	10	66
0.998297705624	-0.056601643809	0.014069287969	-0.465730907277
0.052296725851	0.975494286507	0.213719324015	-0.067169329463
-0.025821375082	-0.212619733116	0.976793788718	0.536989066088
0.000000000000	0.000000000000	0.000000000000	1.000000000000
9	51	66
0.997369600336	-0.017373453825	-0.070370756905	0.332386700977
0.027810392968	0.988268926122	0.150170275702	0.033576349568
0.066936256006	-0.151732306262	0.986152546449	-0.079106402762
0.000000000000	0.000000000000	0.000000000000	1.000000000000
9	52	66
0.989777539453	-0.109206612273	0.091729702006	-0.291640065603
0.094566872233	0.983988790683	0.151073381129	0.020478273420
-0.106759210705	-0.140854448441	0.984257331842	0.229871211574
0.000000000000	0.000000000000	0.000000000000	1.000000000000
9	53	66
0.982377968052	-0.099497589544	0.158220597778	-0.566519939990
0.077557502502	0.987213321353	0.139264826673	-0.043541223211
-0.170053996401	-0.124539503040	0.977533401215	0.577331449538
0.000000000000	0.000000000000	0.000000000000	1.000000000000
10	11	66
0.981012583472	-0.035372465448	-0.190691110849	0.162609435966
0.018717519279	0.995905264883	-0.088444094492	-0.075624521962
0.193038766938	0.083195505087	0.977657681601	0.405997064709
0.000000000000	0.000000000000	0.000000000000	1.000000000000
10	51	66
0.998845077513	0.007189837318	-0.047505971911	0.707134884280
-0.011801449296	0.995163649182	-0.097519419304	0.331463140124
0.046575067605	0.097967431253	0.994099162806	-0.591750185303
0.000000000000	0.000000000000	0.000000000000	1.000000000000
10	52	66
0.994914355668	-0.066263736911	0.075858697962	0.184673711484
0.071215013959	0.995370852654	-0.064539038365	0.136867602584
-0.071230939013	0.069613094005	0.995027723468	-0.290708412789
0.000000000000	0.000000000000	0.000000000000	1.000000000000
10	53	66
0.986594219330	-0.052836132867	0.154402686014	-0.124431347771
0.065189246745	0.994969409259	-0.076067317210	0.014779470221
-0.149606846412	0.085112970236	0.985075415288	0.019728287530
0.000000000000	0.000000000000	0.000000000000	1.000000000000
10	54	66
0.999477707350	0.012158495180	-0.029941334385	-0.139470807138
-0.018285278631	0.976714392533	-0.213763055753	-0.181373256387
0.026645095142	0.214198894522	0.976426583257	0.359703746605
0.000000000000	0.000000000000	0.000000000000	1.000000000000
11	12	66
0.948097822347	0.075686871062	-0.308839791494	0.059378600890
-0.143690889586	0.968413504008	-0.203784723435	-0.159698439562
0.283660796570	0.237585316896	0.929026248114	0.159345060796
0.000000000000	0.000000000000	0.000000000000	1.000000000000
11	52	66
0.969663805460	-0.036381207479	0.241719904278	-0.043133746934
0.033321840177	0.999304573419	0.016733932943	0.157203065848
-0.242160606518	-0.008171737080	0.970201764255	-0.710738796864
0.000000000000	0.000000000000	0.000000000000	1.000000000000
11	53	66
0.945090175300	-0.033883841017	0.325048374659	-0.321987496832
0.026155938455	0.999262400826	0.028116208469	0.012735260042
-0.325761304385	-0.018070407109	0.945279341228	-0.305486728889
0.000000000000	0.000000000000	0.000000000000	1.000000000000
11	54	66
0.990612107486	0.048320041593	0.127878168902	-0.226482940246
-0.026898857642	0.986057132049	-0.164218707197	0.001228458259
-0.134030235242	0.159237262964	0.978099887601	-0.021285870882
0.000000000000	0.000000000000	0.000000000000	1.000000000000
11	55	66
0.993939159816	0.048588961703	-0.098610645392	-0.202862700665
-0.054179539875	0.997024726853	-0.054829476580	-0.122647716501
0.095653144449	0.059839843279	0.993614446913	-0.028771545083
0.000000000000	0.000000000000	0.000000000000	1.000000000000
12	52	66
0.811692502100	-0.217078456162	0.542247384415	-0.483274495912
0.080572974378	0.961109635154	0.264151973332	0.124253571653
-0.578500888361	-0.170719691557	0.797616141436	-0.788928492051
0.000000000000	0.000000000000	0.000000000000	1.000000000000
12	54	66
0.908220170038	-0.063065183249	0.413713554766	-0.339306512346
0.018787457876	0.993727764679	0.110236841087	0.009492003811
-0.418070752579	-0.092346696574	0.903708433882	-0.096977419996
0.000000000000	0.000000000000	0.000000000000	1.000000000000
12	55	66
0.973971571872	-0.067430766375	0.216408107358	-0.340645953594
0.029201705666	0.984097934662	0.175209918039	-0.024469724840
-0.224781310546	-0.164329993425	0.960452505692	-0.080986775703
0.000000000000	0.000000000000	0.000000000000	1.000000000000
12	56	66
0.957754844658	0.071820893012	-0.278473368316	-0.221015389991
0.055976782051	0.903237472026	0.425474639666	0.043693678170
0.282085549799	-0.423088440464	0.861059762235	-0.048346061073
0.000000000000	0.000000000000	0.000000000000	1.000000000000
13	14	66
0.961426048918	0.056125595807	-0.269276567783	0.193936704223
-0.079591624119	0.993847184841	-0.077025622705	-0.104384654851
0.263296649868	0.095486599470	0.959977699475	0.121090575431
0.000000000000	0.000000000000	0.000000000000	1.000000000000
13	15	66
0.764300208460	0.232463611092	-0.601503001544	0.454470270259
-0.121092353983	0.967908757337	0.220202813961	-0.076226374860
0.633389164065	-0.095463642229	0.767922430886	0.308874437552
0.000000000000	0.000000000000	0.000000000000	1.000000000000
13	54	66
-0.631930689777	0.047286277311	-0.773581030853	1.774953912691
0.199047234678	-0.954754761130	-0.220960504316	1.525747821770
-0.749028572009	-0.293610888896	0.593926632031	0.307559717475
0.000000000000	0.000000000000	0.000000000000	1.000000000000
13	55	66
0.766268592764	-0.083384454455	0.637086710346	-0.516742345848
0.138471195580	0.989674448103	-0.037016412130	0.026271216599
-0.627421845124	0.116582672502	0.769902791743	0.003076281217
0.000000000000	0.000000000000	0.000000000000	1.000000000000
13	56	66
0.967687292083	-0.115072166211	0.224365107146	-0.514428121193
0.069568621220	0.977100381964	0.201084684913	0.082420211932
-0.242366482177	-0.178978323069	0.953533034660	0.024642803463
0.000000000000	0.000000000000	0.000000000000	1.000000000000
13	57	66
0.965862550035	0.044070212813	-0.255278966588	-0.301936142289
0.014839191486	0.974393385259	0.224359820732	-0.010544249379
0.258629721486	-0.220488882045	0.940476113497	0.229064579401
0.000000000000	0.000000000000	0.000000000000	1.000000000000
14	15	66
0.924164700651	0.122081503185	-0.361960926968	0.234917733016
-0.016126963460	0.959180336421	0.282334913308	0.012445982707
0.381653674319	-0.255086629998	0.888409412419	0.144733994096
0.000000000000	0.000000000000	0.000000000000	1.000000000000
14	18	66
0.576721541571	0.238238924567	-0.781431045140	0.542124063897
-0.099810676627	0.969915574890	0.222039650552	0.077494748395
0.810820628943	-0.050059888204	0.583149993804	0.090686773415
0.000000000000	0.000000000000	0.000000000000	1.000000000000
14	56	66
0.851243187869	-0.253713161916	0.459363327419	-0.735742191274
0.105141617717	0.940066867418	0.324375592495	0.088072070297
-0.514130601434	-0.227824310058	0.826901329311	0.161319392543
0.000000000000	0.000000000000	0.000000000000	1.000000000000
14	57	66
0.994377920023	-0.104889009976	0.014520597691	-0.490770275266
0.095446105173	0.947223377847	0.306035804226	0.070740938130
-0.045854042115	-0.302929311964	0.951909259738	0.282286426818
0.000000000000	0.000000000000	0.000000000000	1.000000000000
15	18	66
0.775974833514	0.187513079433	-0.602247376744	0.493682895628
-0.221173336652	0.975056833626	0.018615218335	-0.002387565971
0.590716017142	0.118756120856	0.798092457584	0.063844046545
0.000000000000	0.000000000000	0.000000000000	1.000000000000
15	56	66
0.584094504940	-0.327889855810	0.742510506159	-0.895412664532
0.316978493690	0.934281709388	0.163224759278	-0.058778491037
-0.747233727717	0.140021176827	0.649642845110	0.391732143927
0.000000000000	0.000000000000	0.000000000000	1.000000000000
15	57	66
0.893727637492	-0.218402830469	0.391855985824	-0.683306876344
0.185458727519	0.975228094932	0.120562113628	-0.163987366857
-0.408480073406	-0.035076580482	0.912093012325	0.439679005223
0.000000000000	0.000000000000	0.000000000000	1.000000000000
15	62	66
0.113511408098	0.493449982826	-0.862335360913	0.718219517731
-0.340122333265	0.834801832471	0.432923433090	-1.117846199434
0.933505200117	0.244157766522	0.262592890995	2.514846747302
0.000000000000	0.000000000000	0.000000000000	1.000000000000
16	17	66
0.997730155851	-0.023793644008	-0.062995226886	0.022064976586
0.022740968791	0.999590393431	-0.017375088452	-0.304226271818
0.063382840297	0.015903077221	0.997862569541	-0.159323251873
0.000000000000	0.000000000000	0.000000000000	1.000000000000
16	61	66
0.961594585332	0.212158406617	-0.174139782822	0.460375131530
-0.094087778643	0.850799662650	0.516998475766	-0.530819604570
0.257843641321	-0.480758509582	0.838085862006	1.693875209923
0.000000000000	0.000000000000	0.000000000000	1.000000000000
17	18	66
0.934720269852	0.168241885274	-0.313037833445	0.128111758318
-0.041763418801	0.926741150941	0.373372007523	0.001870842115
0.352921852509	-0.335924853488	0.873270095005	0.196075836061
0.000000000000	0.000000000000	0.000000000000	1.000000000000
17	19	66
0.863777916731	0.250030921867	-0.437461139621	-0.239159922097
-0.080972277861	0.925793611255	0.369255574876	0.015970760335
0.497324040024	-0.283532586256	0.819925650132	0.011329983521
0.000000000000	0.000000000000	0.000000000000	1.000000000000
17	64	66
0.115941744977	0.398594816800	-0.909769027716	0.858290035471
0.173491461356	0.893738493647	0.413681299808	0.293370540932
0.977986822308	-0.205800089879	0.034468803251	2.456243927340
0.000000000000	0.000000000000	0.000000000000	1.000000000000
18	19	66
0.980128475998	0.037684653739	-0.194751219278	-0.246519096842
-0.041264880963	0.999045074310	-0.014357893142	0.015315713269
0.194024174104	0.022108965804	0.980747578888	-0.066600753584
0.000000000000	0.000000000000	0.000000000000	1.000000000000
18	20	66
0.930662683726	0.081776091930	-0.356622545429	-0.404459012417
-0.055337077164	0.994950098860	0.083738334523	-0.031069635416
0.361669430572	-0.058197693823	0.930488179088	-0.174400472326
0.000000000000	0.000000000000	0.000000000000	1.000000000000
18	62	66
0.767903842920	0.258407935480	-0.586130554492	1.878047880672
-0.177745847224	0.965046526033	0.192591838836	-0.567759146295
0.615410514878	-0.043709741165	0.786993873359	1.621245225456
0.000000000000	0.000000000000	0.000000000000	1.000000000000
18	63	66
0.485005493102	0.415034585092	-0.769750586124	1.925252088347
-0.278065200658	0.907714944478	0.314218592313	-0.684208111566
0.829125693634	0.061643107881	0.555653409427	1.866042952210
0.000000000000	0.000000000000	0.000000000000	1.000000000000
18	64	66
0.483347892612	0.344862563786	-0.804639439008	1.364457488693
-0.193021289066	0.938500378732	0.286286257244	-0.526027498340
0.853883830902	0.016936682628	0.520187996888	1.764576512538
0.000000000000	0.000000000000	0.000000000000	1.000000000000
19	20	66
0.989320803133	0.040033642639	-0.140148692274	-0.294969111232
-0.031798023325	0.997660483927	0.060518133830	0.038446732369
0.142243573499	-0.055415397379	0.988279261915	-0.076235718276
0.000000000000	0.000000000000	0.000000000000	1.000000000000
19	21	66
0.994384713106	0.020879261921	-0.103745355376	-0.649078112270
-0.005427507676	0.989115298061	0.147042406475	0.067253343395
0.105686255023	-0.145653642465	0.983674454246	-0.311230632817
0.000000000000	0.000000000000	0.000000000000	1.000000000000
19	64	66
0.679300135233	0.291833545063	-0.673338331189	1.922006299390
-0.152131155625	0.953597379747	0.259823303087	-0.414308759875
0.717918823935	-0.074062266473	0.692175803481	1.428989461888
0.000000000000	0.000000000000	0.000000000000	1.000000000000
19	65	66
0.756584357899	0.219756291409	-0.615863038158	1.133490932215
-0.164937514321	0.975517960279	0.145465891338	-0.346993581727
0.632752499602	-0.008478299318	0.774307686057	1.465942520036
0.000000000000	0.000000000000	0.000000000000	1.000000000000
20	21	66
0.998333939364	-0.049026840139	0.030425556035	-0.410924299897
0.046967369908	0.996775153459	0.065064272916	0.080901916823
-0.033517333993	-0.063526863547	0.997417127349	-0.175060547432
0.000000000000	0.000000000000	0.000000000000	1.000000000000
20	22	66
0.994589511579	-0.061311552796	0.083860580435	-0.980933044616
0.063602123877	0.997664195731	-0.024918314439	0.044414469835
-0.082136917982	0.030117205212	0.996165890128	-0.070921287883
0.000000000000	0.000000000000	0.000000000000	1.000000000000
20	23	66
0.996781515806	-0.002395193523	0.080130348778	-1.470791678535
0.025498872852	0.957115005405	-0.288583911388	-0.017797024166
-0.076002744889	0.289698342206	0.954095620623	0.048498315049
0.000000000000	0.000000000000	0.000000000000	1.000000000000
20	34	66
0.422581960290	-0.430392205366	0.797613337650	-2.197124752137
0.321639187482	0.893986391926	0.311988083309	-0.325161849540
-0.847332709101	0.124703170015	0.516213521206	0.994952299560
0.000000000000	0.000000000000	0.000000000000	1.000000000000
20	64	66
0.711955989863	0.286453099898	-0.641142176164	2.532629345808
-0.167248385721	0.955913067372	0.241367324013	-0.535218714094
0.682016602416	-0.064612918107	0.728476852647	1.313771016761
0.000000000000	0.000000000000	0.000000000000	1.000000000000
20	65	66
0.835009550793	0.165057559936	-0.524895277166	1.683626862280
