0	1	60
0.994169499877	-0.007200529963	0.107587907694	-0.004139313720
0.016927240413	0.995818701849	-0.089769602756	-0.114917914679
-0.106491661861	0.091067367455	0.990134465888	-0.014134444000
0.000000000000	0.000000000000	0.000000000000	1.000000000000
0	2	60
0.941848270614	-0.138708934708	0.306074609489	0.045056863630
0.135619919281	0.990261782159	0.031445831020	-0.044803048421
-0.307455805988	0.011892612268	0.951488041511	-0.181808480037
0.000000000000	0.000000000000	0.000000000000	1.000000000000
1	2	60
0.972542300732	-0.132295675939	0.191466256598	0.104155558677
0.104374480321	0.983276679862	0.149241209783	-0.011472326461
-0.208008271820	-0.125159198495	0.970086456913	-0.152767700429
0.000000000000	0.000000000000	0.000000000000	1.000000000000
1	34	60
0.411367366920	-0.323780976685	0.852022751204	-2.360137799028
0.142724674151	0.946129846893	0.290633756138	-0.591494270535
-0.900225836566	0.002047426534	0.435418478275	1.513349838659
0.000000000000	0.000000000000	0.000000000000	1.000000000000
1	37	60
0.107396382909	-0.668825430955	0.735621206767	-1.623530301569
0.248795170483	0.734438649125	0.631427615658	-0.902637118167
-0.962583492525	0.115205961558	0.245276591502	2.031162460994
0.000000000000	0.000000000000	0.000000000000	1.000000000000
1	38	60
-0.307650405989	-0.503976073791	0.807068364354	-1.643524273405
0.148708821247	0.812316019415	0.563940042102	-0.903177488489
-0.939806849399	0.293514568035	-0.174963665294	2.184446860708
0.000000000000	0.000000000000	0.000000000000	1.000000000000
1	50	60
-0.081495722164	-0.341952501791	0.936176764178	-2.427609869007
0.017811367939	0.938651487401	0.344406940075	-0.655325710566
-0.996514526959	0.044742281102	-0.070405438999	4.080126453646
0.000000000000	0.000000000000	0.000000000000	1.000000000000
2	34	60
0.567100689555	-0.296154629229	0.768563103130	-2.772118895530
0.229612579165	0.952972871101	0.197789712662	-0.649712080249
-0.790996126031	0.064305073923	0.608432400577	1.105174742188
0.000000000000	0.000000000000	0.000000000000	1.000000000000
2	36	60
0.586798887673	-0.373454743173	0.718469637652	-2.488096711982
0.291413205267	0.925238417986	0.242924296188	-0.597578492816
-0.755476941556	0.066823833203	0.651758518236	1.275108981050
0.000000000000	0.000000000000	0.000000000000	1.000000000000
2	37	60
0.357595685172	-0.589447009383	0.724346290855	-2.193454026281
0.328190537010	0.805480253028	0.493449625999	-0.893515614934
-0.874309039965	0.061268141070	0.481487193522	1.605616248812
0.000000000000	0.000000000000	0.000000000000	1.000000000000
2	38	60
-0.124955570125	-0.487637661395	0.864057646621	-2.241967202085
0.295163841635	0.813182035299	0.501610689737	-0.998688508251
-0.947240419369	0.317717624087	0.042321380627	1.873541646807
0.000000000000	0.000000000000	0.000000000000	1.000000000000
3	4	60
0.736257816515	0.167865316751	-0.655549893641	0.055088995113
-0.094615477194	0.984764122595	0.145902482244	-0.094029016400
0.670053982225	-0.045396676990	0.740922939733	0.197944661794
0.000000000000	0.000000000000	0.000000000000	1.000000000000
3	6	60
0.691578167458	0.108712274802	-0.714073721406	0.245201943807
-0.113805082760	0.992660653233	0.040905142230	0.024839917964
0.713279777810	0.052976115659	0.698874444902	0.298498036513
0.000000000000	0.000000000000	0.000000000000	1.000000000000
3	31	60
-0.234098839199	-0.411342451499	0.880905852563	-2.880523186644
0.101082680020	0.890874529675	0.442859869685	-0.102191129834
-0.966943651557	0.192717305843	-0.166973095866	2.520353778334
0.000000000000	0.000000000000	0.000000000000	1.000000000000
3	47	60
-0.985610600275	0.066550719505	-0.155379362720	-0.387369072488
-0.006132981960	0.904546670097	0.426330515151	-0.436573869105
0.168920487680	0.421148813782	-0.891122632129	4.308252208256
0.000000000000	0.000000000000	0.000000000000	1.000000000000
4	6	60
0.996743798759	0.007980801961	-0.080237811756	0.217499054557
-0.011369262551	0.999058694036	-0.041862462173	-0.033814661804
0.079828187405	0.042638394320	0.995896293710	-0.055523093559
0.000000000000	0.000000000000	0.000000000000	1.000000000000
4	7	60
0.999060449565	-0.039512511909	0.017803918624	0.417808623239
0.039277322631	0.999138875187	0.013371612389	-0.076217330283
-0.018316933222	-0.012659758829	0.999752079500	0.459293681990
0.000000000000	0.000000000000	0.000000000000	1.000000000000
6	7	60
0.995626010517	-0.036578076242	0.085970294404	0.346821944093
0.029388031686	0.996077659584	0.083460407811	-0.087490807946
-0.088685910804	-0.080568855129	0.992795784040	0.532686973738
0.000000000000	0.000000000000	0.000000000000	1.000000000000
8	9	60
0.955397227075	0.107986003898	-0.274872991505	0.391176005489
-0.084588423549	0.991816149831	0.095632230637	-0.100418536755
0.282950414557	-0.068115694942	0.956712765152	0.582920642283
0.000000000000	0.000000000000	0.000000000000	1.000000000000
8	10	60
0.677025410938	0.255366006655	-0.690235318996	0.591968626826
-0.201330616122	0.966359776759	0.160046133584	-0.139553979015
0.707885990790	0.030610202684	0.705663120430	0.641024285999
0.000000000000	0.000000000000	0.000000000000	1.000000000000
8	24	60
-0.743427531531	-0.193227966523	0.640295602292	-1.955341635094
0.166527268229	0.873727149992	0.457022468050	-0.799535976922
-0.647753173900	0.446389762786	-0.617375092940	3.013266418033
0.000000000000	0.000000000000	0.000000000000	1.000000000000
8	26	60
0.047537038956	-0.328333999149	0.943364730595	-2.080380954610
0.237663101922	0.921027881061	0.308583687667	-0.604592352281
-0.970183735131	0.209533833335	0.121815814966	2.395651446409
0.000000000000	0.000000000000	0.000000000000	1.000000000000
8	28	60
0.107868029335	-0.290416807910	0.950801012794	-1.921722980408
0.313204073993	0.917607246258	0.244745070736	-0.735713848827
-0.943539981284	0.271394582294	0.189940212751	2.622381106385
0.000000000000	0.000000000000	0.000000000000	1.000000000000
8	29	60
-0.607100108285	-0.371127125122	0.702633699390	-1.836134715138
0.237530523318	0.759046154274	0.606158548710	-0.792492263183
-0.758293286936	0.534895870877	-0.372662982206	3.051649398561
0.000000000000	0.000000000000	0.000000000000	1.000000000000
9	10	60
0.869849433766	0.179399330248	-0.459540904474	0.229173071579
-0.190232886316	0.981467937866	0.023068071120	-0.014156245073
0.455163060388	0.067354044036	0.887856982408	-0.021111574373
0.000000000000	0.000000000000	0.000000000000	1.000000000000
9	29	60
-0.828697317624	-0.315751324253	0.462127533258	-1.243867982686
0.309259820914	0.429863340611	0.848278180532	-1.552769636444
-0.466496644073	0.845883330981	-0.258577399317	2.532516526092
0.000000000000	0.000000000000	0.000000000000	1.000000000000
10	11	60
0.843652247174	0.161530317776	-0.512014494207	0.366658116638
-0.157773250379	0.986149945702	0.051145733518	-0.260059208962
0.513184652249	0.037632977976	0.857452781012	0.771075305426
0.000000000000	0.000000000000	0.000000000000	1.000000000000
11	12	60
0.993580576605	0.036948221639	-0.106922713732	0.187603822561
-0.019441734149	0.986867210652	0.160359369896	-0.265976120918
0.111443513797	-0.157251192231	0.981250429694	0.856569380985
0.000000000000	0.000000000000	0.000000000000	1.000000000000
11	15	60
0.303022718633	0.449138877518	-0.840506692831	1.316958527111
-0.311450597043	0.880217007559	0.358073379638	-0.788486469478
0.900652961797	0.153271942333	0.406610322176	2.257813676737
0.000000000000	0.000000000000	0.000000000000	1.000000000000
11	17	60
0.367856352933	0.595752566415	-0.713975197900	1.088309754031
-0.275861249678	0.803163440719	0.528042667232	-1.077875749848
0.888021550714	0.002714240571	0.459793821583	2.140545446131
0.000000000000	0.000000000000	0.000000000000	1.000000000000
12	13	60
0.971805527196	0.147137466858	-0.184240557853	0.569158386633
-0.133238107882	0.987368102153	0.085742856609	-0.192232333322
0.194529236669	-0.058777518647	0.979134096732	0.425603404079
0.000000000000	0.000000000000	0.000000000000	1.000000000000
12	14	60
0.814569778319	0.275417509921	-0.510510794674	1.083102795151
-0.278471964082	0.957715244526	0.072352440333	-0.488604508338
0.508851099508	0.083226832395	0.856821949356	0.839780837645
0.000000000000	0.000000000000	0.000000000000	1.000000000000
12	15	60
0.393571183428	0.415131025735	-0.820224332148	1.374560621802
-0.434860051237	0.870166608353	0.231747296740	-0.656336672116
0.809937318200	0.265473737269	0.522996400950	1.227211127675
0.000000000000	0.000000000000	0.000000000000	1.000000000000
12	16	60
0.635670306215	0.367358505079	-0.678948444687	1.108339860119
-0.328677928388	0.924605666478	0.192549164908	-0.986913037798
0.698494152579	0.100757581663	0.708486999564	1.158652430649
0.000000000000	0.000000000000	0.000000000000	1.000000000000
12	17	60
0.467309788791	0.559551848253	-0.684487611587	1.071530057197
-0.381291529221	0.826077663832	0.414984894981	-0.961015100713
0.797645492086	0.067062824530	0.599386558509	1.060145447846
0.000000000000	0.000000000000	0.000000000000	1.000000000000
12	18	60
0.653434814294	0.533164215613	-0.537362878006	0.918419416747
-0.362818433706	0.843611369458	0.395831582221	-0.970252270468
0.664368668460	-0.063684978691	0.744686844155	1.244077555059
0.000000000000	0.000000000000	0.000000000000	1.000000000000
12	21	60
0.167854472817	0.655188296539	-0.736582087777	0.566098268889
-0.510741023383	0.696882409753	0.503486359309	-1.086093943153
0.843189470397	0.291690251904	0.451606370588	1.759079204962
0.000000000000	0.000000000000	0.000000000000	1.000000000000
13	14	60
0.941279725471	0.150768832458	-0.302094749335	0.543899043807
-0.178760867656	0.981602185032	-0.067094728067	-0.208746265088
0.286421072219	0.117157626721	0.950913802555	0.246615595957
0.000000000000	0.000000000000	0.000000000000	1.000000000000
13	15	60
0.644891998046	0.306217916921	-0.700246312531	0.955387205497
-0.386203076375	0.921206899973	0.047170236811	-0.346175898632
0.659516106441	0.240017571855	0.712341259893	0.560297724193
0.000000000000	0.000000000000	0.000000000000	1.000000000000
13	16	60
0.827129631365	0.242301009907	-0.507096434139	0.733098781089
-0.267249363002	0.963318933374	0.024380536884	-0.716585249209
0.494403024762	0.115355334519	0.861544424800	0.511462871709
0.000000000000	0.000000000000	0.000000000000	1.000000000000
13	17	60
0.682885966663	0.413573507446	-0.602182456132	0.704255904584
-0.338373947053	0.909627057141	0.241001429193	-0.663257929598
0.647433261804	0.039186360586	0.761114052330	0.434225196921
0.000000000000	0.000000000000	0.000000000000	1.000000000000
13	18	60
0.839120055187	0.383225976688	-0.386025107701	0.554524584519
-0.310500939440	0.920157568333	0.238535565578	-0.716430976792
0.446616949511	-0.080298818364	0.891114695300	0.621949637487
0.000000000000	0.000000000000	0.000000000000	1.000000000000
14	15	60
0.847152679423	0.237198714436	-0.475467251887	0.526688233538
-0.235988606099	0.969692722479	0.063288243471	-0.097855713729
0.476069023922	0.058590048986	0.877453982054	0.176049024158
0.000000000000	0.000000000000	0.000000000000	1.000000000000
14	16	60
0.973430905382	0.083063228563	-0.213384096195	0.298858857426
-0.066288433681	0.994206567499	0.084611729099	-0.503048099141
0.219175993230	-0.068218774554	0.973297530455	0.229792368150
0.000000000000	0.000000000000	0.000000000000	1.000000000000
14	17	60
0.887813458040	0.265592181609	-0.375829824243	0.304902113697
-0.162295585989	0.944884823680	0.284346290197	-0.489558063318
0.430636048759	-0.191450941623	0.881985901509	0.178233028416
0.000000000000	0.000000000000	0.000000000000	1.000000000000
14	18	60
0.964188017590	0.189845904630	-0.185202589697	0.284690592018
-0.130221483397	0.947202609902	0.293000991562	-0.467971735983
0.231049414622	-0.258390689247	0.938003422016	0.389064312213
0.000000000000	0.000000000000	0.000000000000	1.000000000000
14	20	60
0.987438199012	0.088786373138	-0.130701121178	0.354015094499
-0.078438458224	0.993515526118	0.082306182239	-0.758123323676
0.137161260579	-0.071020273924	0.987999448020	0.903269664331
0.000000000000	0.000000000000	0.000000000000	1.000000000000
14	21	60
0.684718247021	0.535925802518	-0.493907335836	0.203809407303
-0.346012531698	0.835491762318	0.426882704038	-0.785676986401
0.641432966182	-0.121396249096	0.757513498626	1.060607634183
0.000000000000	0.000000000000	0.000000000000	1.000000000000
15	16	60
0.952088196963	-0.194661133570	0.235870956840	-0.016949547043
0.176350132916	0.979576214766	0.096597464171	-0.445817791072
-0.249857350950	-0.050373430904	0.966971468884	0.104101581097
0.000000000000	0.000000000000	0.000000000000	1.000000000000
15	17	60
0.997427719797	-0.066731447947	0.026169784778	-0.070845057592
0.060002260089	0.977032559554	0.204467861424	-0.361901444620
-0.039213168256	-0.202371666559	0.978523395739	0.053076873063
0.000000000000	0.000000000000	0.000000000000	1.000000000000
15	18	60
0.956512345130	-0.194442524286	0.217430996787	-0.007390617608
0.120878755223	0.942625599377	0.311199784600	-0.443362295363
-0.265466495344	-0.271383647533	0.925136992937	0.289403294576
0.000000000000	0.000000000000	0.000000000000	1.000000000000
15	21	60
0.959933241473	0.229979097560	-0.160118039584	0.291785813313
-0.179357180304	0.943241325379	0.279511724210	-0.615759645283
0.215311805966	-0.239594275355	0.946697105430	0.849558629837
0.000000000000	0.000000000000	0.000000000000	1.000000000000
16	17	60
0.975049552779	0.139087924022	-0.173011326265	-0.060947202948
-0.104875466085	0.975537245953	0.193205119942	0.002825176616
0.195651491786	-0.170239922315	0.965784066245	-0.047883152785
0.000000000000	0.000000000000	0.000000000000	1.000000000000
16	18	60
0.997784992312	0.052473830670	0.040885281108	-0.040441551484
-0.060574415950	0.970728236722	0.232416502345	-0.024005895647
-0.027492712649	-0.234378300030	0.971756637861	0.171125672776
0.000000000000	0.000000000000	0.000000000000	1.000000000000
16	19	60
0.951539003577	-0.106345580806	0.288555267002	0.254993115591
0.053812049223	0.981406716692	0.184242014183	-0.410172581120
-0.302783401180	-0.159785712361	0.939569442934	0.765999199056
0.000000000000	0.000000000000	0.000000000000	1.000000000000
16	20	60
0.994728061162	-0.007569955872	0.102268177384	0.206511193357
0.003622614709	0.999243197051	0.038728669103	-0.356264521991
-0.102483954842	-0.038154015725	0.994002671065	0.626834029712
0.000000000000	0.000000000000	0.000000000000	1.000000000000
16	21	60
0.828649693779	0.438924897902	-0.347396918526	0.098425274096
-0.349004688557	0.890329796563	0.292418502693	-0.307610723481
0.437647589237	-0.121069349356	0.890958360577	0.815346188594
0.000000000000	0.000000000000	0.000000000000	1.000000000000
17	18	60
0.982195737372	-0.110026091766	0.152268816964	0.147011495084
0.100408454037	0.992516285683	0.069495071859	-0.079176637686
-0.158775551792	-0.052968686839	0.985892814847	0.200955085243
0.000000000000	0.000000000000	0.000000000000	1.000000000000
17	21	60
0.933698500377	0.297424792668	-0.199362993305	0.384021906951
-0.289974445536	0.954736555448	0.066279186988	-0.385342252589
0.210052210960	-0.004074604053	0.977681679420	0.709014955344
0.000000000000	0.000000000000	0.000000000000	1.000000000000
17	22	60
0.589123257872	0.669716768037	-0.452120821953	0.324152504531
-0.604700755074	0.736534442259	0.303074268420	-0.260781254287
0.535976476953	0.094849702031	0.838887805477	0.734635655502
0.000000000000	0.000000000000	0.000000000000	1.000000000000
18	19	60
0.945672601891	-0.174871952264	0.274085990785	0.308302194505
0.187935084656	0.981936498276	-0.021934386443	-0.500583233653
-0.265299329039	0.072253122180	0.961455018369	0.470107460118
0.000000000000	0.000000000000	0.000000000000	1.000000000000
18	20	60
0.994945668919	-0.042542159922	0.090957575434	0.251806248554
0.058809684766	0.981085332709	-0.184426112363	-0.415211777432
-0.081391257991	0.188843148069	0.978628493633	0.365235928799
0.000000000000	0.000000000000	0.000000000000	1.000000000000
18	21	60
0.877959099052	0.343497856226	-0.333462206494	0.086661334007
-0.352105087171	0.935254045971	0.036357627574	-0.372762567998
0.324360644931	0.085493229337	0.942062142195	0.521435559428
0.000000000000	0.000000000000	0.000000000000	1.000000000000
19	20	60
0.967223497974	0.133262407745	-0.216147717195	-0.008128942360
-0.164200117912	0.977544818543	-0.132077435685	0.099565905779
0.193693123895	0.163239879996	0.967386021883	-0.123239724945
0.000000000000	0.000000000000	0.000000000000	1.000000000000
20	21	60
0.806199535956	0.415474663538	-0.421216229723	-0.150270789881
-0.345297758184	0.908529478534	0.235252300367	0.062270809057
0.480428731881	-0.044215275554	0.875918513899	0.133191439302
0.000000000000	0.000000000000	0.000000000000	1.000000000000
21	22	60
0.849839291545	0.409791485777	-0.331427392848	-0.073750955188
-0.390682201130	0.911898458345	0.125732332314	0.153567293472
0.353752167861	0.022630507135	0.935065379469	0.036198629693
0.000000000000	0.000000000000	0.000000000000	1.000000000000
22	23	60
0.973755953325	-0.024154082545	-0.226309353896	-0.108133029666
-0.083464120815	0.887178309355	-0.453815367684	-0.046422603848
0.211738243832	0.460794127248	0.861879161132	-0.130315246878
0.000000000000	0.000000000000	0.000000000000	1.000000000000
23	31	60
0.993495400635	0.081612668372	-0.079411971883	-0.863749359016
-0.068568707422	0.985531415542	0.155003746217	-0.352248983504
0.090913262397	-0.148550332682	0.984717003702	0.736113033137
0.000000000000	0.000000000000	0.000000000000	1.000000000000
23	32	60
0.957902905374	-0.117829874762	0.261797907727	-0.828067114518
0.024472297302	0.942087953826	0.334471813343	-0.599685336023
-0.286047427084	-0.313984725536	0.905312355814	0.703981493077
0.000000000000	0.000000000000	0.000000000000	1.000000000000
23	42	60
-0.998748248741	0.038519788593	-0.031908643407	0.041635189219
0.000474151007	-0.630606406492	-0.776102657689	2.482576636704
-0.050017105256	-0.775146299725	0.629798779932	1.278853187861
0.000000000000	0.000000000000	0.000000000000	1.000000000000
24	25	60
0.841179063132	0.135794099366	-0.523428835972	-0.051533322898
-0.163068160470	0.986595916280	-0.006105163380	-0.031443623204
0.515583706870	0.090490113031	0.852047522532	0.076531810463
0.000000000000	0.000000000000	0.000000000000	1.000000000000
24	26	60
0.803816333312	0.237384946804	-0.545460987910	-0.025279955341
-0.212834246784	0.970996666969	0.108936018521	0.010209984870
0.555500572184	0.028528227539	0.831026626852	0.120229257590
0.000000000000	0.000000000000	0.000000000000	1.000000000000
24	28	60
0.677158121132	0.189647552126	-0.710978681085	-0.028160940496
-0.202593071462	0.976924848334	0.067630526415	0.054719056286
0.707398703971	0.098242794547	0.699953874865	0.083788661693
0.000000000000	0.000000000000	0.000000000000	1.000000000000
24	29	60
0.958649806346	0.112606635501	-0.261362381444	0.075409712334
-0.063350317153	0.979782315113	0.189771842770	0.135219293219
0.277447807902	-0.165367350565	0.946401792717	0.046857575841
0.000000000000	0.000000000000	0.000000000000	1.000000000000
24	30	60
0.994526035016	0.015072787786	-0.103396212423	-0.105644754749
-0.023541528744	0.996421310762	-0.081181080824	-0.154869122015
0.101802564307	0.083170803337	0.991321771865	0.408170310228
0.000000000000	0.000000000000	0.000000000000	1.000000000000
24	31	60
0.924854510847	-0.128246949521	0.358045882123	-0.336715456781
0.061894994278	0.979634235797	0.191012496287	-0.300898217211
-0.375250774083	-0.154497520994	0.913956986164	0.935559686314
0.000000000000	0.000000000000	0.000000000000	1.000000000000
25	26	60
0.998627319909	0.050162311283	-0.015073767221	-0.008863564859
-0.048312721858	0.993313676775	0.104851420773	0.024811505351
0.020232568748	-0.103979238592	0.994373652660	0.028646427088
0.000000000000	0.000000000000	0.000000000000	1.000000000000
25	27	60
0.899723225050	0.130498313912	-0.416495268126	0.064275164473
-0.129320126335	0.991112572360	0.031179702277	0.014862806468
0.416862595144	0.025808118403	0.908603058433	0.085208570218
0.000000000000	0.000000000000	0.000000000000	1.000000000000
25	28	60
0.958553837334	0.080768016287	-0.273223477172	0.033398777047
-0.069690099009	0.996313499138	0.050027008066	0.050225429373
0.276256820791	-0.028912609376	0.960648858838	-0.005850057963
0.000000000000	0.000000000000	0.000000000000	1.000000000000
25	29	60
0.949202671599	-0.126387219831	0.288167588206	-0.076791932550
0.050170656883	0.964862762213	0.257920055991	0.103852040104
-0.310639973952	-0.230360849013	0.922191241460	-0.075687263229
0.000000000000	0.000000000000	0.000000000000	1.000000000000
26	27	60
0.912998746660	0.041311903407	-0.405865267342	0.087019100880
-0.087842022033	0.991431021656	-0.096686650907	-0.014824768708
0.398393107073	0.123926816853	0.908804201301	0.069358993941
0.000000000000	0.000000000000	0.000000000000	1.000000000000
26	28	60
0.979410442368	0.005128184580	-0.201813991345	-0.045123160236
-0.025043621496	0.995041784940	-0.096253120709	0.067705071710
0.200319750404	0.099325464744	0.974682743077	-0.023454222529
0.000000000000	0.000000000000	0.000000000000	1.000000000000
26	29	60
0.933394755315	-0.197180004591	0.299823742456	-0.043853661571
0.141091274540	0.969871506709	0.198601391541	0.026808303636
-0.329950728139	-0.143070983302	0.933093355853	-0.060231486936
0.000000000000	0.000000000000	0.000000000000	1.000000000000
27	28	60
0.980287693200	-0.115686817505	0.160164286957	-0.043386617738
0.107725472553	0.992513125192	0.057557961097	-0.034257164385
-0.165623854333	-0.039169587411	0.985410819049	-0.040422774554
0.000000000000	0.000000000000	0.000000000000	1.000000000000
28	29	60
0.852009386278	-0.257923045490	0.455582822656	0.049262240609
0.154249345672	0.955264597566	0.252342402295	0.032918191924
-0.500287062649	-0.144724743017	0.853678864506	-0.082307991079
0.000000000000	0.000000000000	0.000000000000	1.000000000000
29	30	60
0.978579339859	-0.019746833006	0.204920809551	-0.077085795593
0.077563681674	0.957404008480	-0.278139245399	-0.317748623386
-0.190699635254	0.288075731592	0.938427419667	0.345070331635
0.000000000000	0.000000000000	0.000000000000	1.000000000000
29	31	60
0.798124779418	-0.207624894807	0.565587075113	-0.093620247944
0.199763826610	0.976837673700	0.076697932301	-0.592065692813
-0.568411162854	0.051769318106	0.821114296335	0.834971713492
0.000000000000	0.000000000000	0.000000000000	1.000000000000
30	31	60
0.909860848660	-0.188129806006	0.369811319686	-0.074003582466
0.070496814642	0.948432894104	0.309039228103	-0.154194607631
-0.408880710234	-0.255112174295	0.876204509989	0.540466633397
0.000000000000	0.000000000000	0.000000000000	1.000000000000
30	32	60
0.675743235137	-0.366639072517	0.639489539141	-0.085250388112
0.044172547054	0.886113119211	0.461359215849	-0.343748867291
-0.735812385227	-0.283512487320	0.614980327556	0.527835772002
0.000000000000	0.000000000000	0.000000000000	1.000000000000
31	32	60
0.918496902557	-0.211701618310	0.333984827197	0.031291734206
0.152707443024	0.968993228220	0.194248707869	-0.188783619089
-0.364751801693	-0.127414867533	0.922345691535	-0.063279266356
0.000000000000	0.000000000000	0.000000000000	1.000000000000
31	33	60
0.968175958133	-0.125292365859	0.216649803025	-0.007356194441
0.143668076930	0.987061572652	-0.071196456833	-0.451444733904
-0.204926322771	0.100056358377	0.973649797095	0.412010805387
0.000000000000	0.000000000000	0.000000000000	1.000000000000
31	47	60
0.063223119012	-0.301457971286	0.951381063912	-2.239345140643
0.828662412727	0.547106951314	0.118290276680	-0.592239375308
-0.556166740246	0.780895047603	0.284396697717	1.523269278099
0.000000000000	0.000000000000	0.000000000000	1.000000000000
31	48	60
-0.432567725735	0.148699345829	-0.889254557032	1.382343548767
-0.323601930303	0.894980577218	0.307069303426	-1.496212926806
0.841526561290	0.420592761412	-0.339020317519	3.764030825834
0.000000000000	0.000000000000	0.000000000000	1.000000000000
33	34	60
0.878856084522	0.155029224102	-0.451196101903	-0.358132953798
-0.181886406580	0.983181649262	-0.016467533402	-0.256076681948
0.441054778684	0.096539029566	0.892272883131	0.620289620245
0.000000000000	0.000000000000	0.000000000000	1.000000000000
33	36	60
0.887181485117	0.109077199845	-0.448342700330	-0.551160050914
-0.096032478576	0.994029029230	0.051807838275	-0.310317899174
0.451316713100	-0.002907494138	0.892359104259	0.934350548321
0.000000000000	0.000000000000	0.000000000000	1.000000000000
33	38	60
0.976324492488	-0.195197465155	0.093211774816	-0.923418137935
0.180000490927	0.972108613291	0.150348485966	-0.726733381389
-0.119959612509	-0.130010744030	0.984229088070	1.167044566702
0.000000000000	0.000000000000	0.000000000000	1.000000000000
33	41	60
0.424334177076	-0.446707898399	0.787650023597	-1.664734734684
0.366173527214	0.880202542432	0.301927859370	-0.416114451361
-0.828165112844	0.160298277609	0.537072628295	1.279155258844
0.000000000000	0.000000000000	0.000000000000	1.000000000000
33	42	60
0.188637761814	-0.557425867488	0.808512335758	-1.994177184821
0.504290878190	0.761437835533	0.407312082797	-0.325940657609
-0.842678174033	0.330890956169	0.424740709297	1.042334670665
0.000000000000	0.000000000000	0.000000000000	1.000000000000
33	47	60
0.285738374300	-0.347186246961	0.893205066809	-2.541436582662
0.479744980988	0.858683850732	0.180296416243	0.002716229760
-0.829577202357	0.376993042925	0.411919786993	0.800065363691
0.000000000000	0.000000000000	0.000000000000	1.000000000000
33	48	60
-0.856485707226	0.052159056914	-0.513528641946	0.022342263434
-0.333299636019	0.703783944760	0.627375096515	-1.369847695267
0.394136506741	0.708496712681	-0.585396294978	3.557160727962
0.000000000000	0.000000000000	0.000000000000	1.000000000000
34	35	60
0.945818633229	0.044288848186	-0.321660707832	-0.116360898866
-0.115119274056	0.972039809479	-0.204661089435	-0.049404833556
0.303602809238	0.230601619063	0.924471864098	0.033972426549
0.000000000000	0.000000000000	0.000000000000	1.000000000000
34	36	60
0.997662548945	-0.064507749696	-0.022543040192	0.019692702039
0.065862960091	0.995663652911	0.065695972177	-0.043800898476
0.018207386416	-0.067027162414	0.997585009199	0.367215026418
0.000000000000	0.000000000000	0.000000000000	1.000000000000
34	37	60
0.959790113205	-0.238923434902	0.147372083005	-0.165079354690
0.190762498208	0.940259866539	0.281994774159	-0.412636234854
-0.205943215164	-0.242542729493	0.948029755070	0.769242110025
0.000000000000	0.000000000000	0.000000000000	1.000000000000
35	50	60
0.766117696518	-0.204622989861	0.609256191682	-1.599813073725
0.079859077540	0.970924653978	0.225671983268	0.081191650903
-0.637719533037	-0.124236662537	0.760183562612	1.211849389120
0.000000000000	0.000000000000	0.000000000000	1.000000000000
36	37	60
0.962940943245	-0.203040126432	0.177537170421	-0.169864073993
0.161660036713	0.961396037167	0.222673959521	-0.426064247548
-0.215895280987	-0.185721207129	0.958591081155	0.359888445277
0.000000000000	0.000000000000	0.000000000000	1.000000000000
36	48	60
0.358039971667	-0.209892473345	0.909809061464	-1.967250286445
0.447757801740	0.893652888276	0.029957741177	0.110945119282
-0.819341399949	0.396648036562	0.413944447265	0.663331170137
0.000000000000	0.000000000000	0.000000000000	1.000000000000
36	49	60
0.817753034896	-0.096559676606	0.567411845816	-1.981607286538
0.215466891247	0.965500925021	-0.146225793074	0.214753796914
-0.533717146713	0.241835052541	0.810346724968	0.482092402680
0.000000000000	0.000000000000	0.000000000000	1.000000000000
37	38	60
0.898118700684	-0.192542935939	0.395360616782	-0.168511603395
0.252133416482	0.962063126191	-0.104227067102	-0.036918536470
-0.360293685450	0.193291901133	0.912593393128	0.014147678891
0.000000000000	0.000000000000	0.000000000000	1.000000000000
37	49	60
0.947582414549	-0.005017190422	0.319472057365	-1.625626226348
0.130436009764	0.918838350259	-0.372454740135	0.859026711961
-0.291674501789	0.394602222362	0.871329484818	-0.162894441303
0.000000000000	0.000000000000	0.000000000000	1.000000000000
38	39	60
0.932931365312	-0.145677424877	0.329267604692	0.178139692102
0.194616332058	0.973418879959	-0.120748364109	0.156381824791
-0.302924992224	0.176730789678	0.936484210794	0.057607441501
0.000000000000	0.000000000000	0.000000000000	1.000000000000
39	40	60
0.905623451037	-0.129824794570	0.403722290253	-0.152516706964
0.120753787501	0.991522743295	0.047970536096	0.032938044318
-0.406527597755	0.005307753199	0.913623084220	0.023094797219
0.000000000000	0.000000000000	0.000000000000	1.000000000000
40	41	60
0.996889379731	-0.031915419925	0.072062268568	-0.251171490324
0.024020272053	0.993873319640	0.107883506792	0.238703714311
-0.075063913504	-0.105816966873	0.991548374216	-0.443694305562
0.000000000000	0.000000000000	0.000000000000	1.000000000000
41	42	60
0.976788662517	-0.144046111110	0.158539038259	0.018453936308
0.143036304316	0.989556955249	0.017822681232	0.212741261171
-0.159450695909	0.005267845159	0.987191838186	-0.380029021988
0.000000000000	0.000000000000	0.000000000000	1.000000000000
41	43	60
0.798781866381	-0.138729596559	0.585407233453	-0.234677123858
0.246402482187	0.963134592587	-0.107970242814	0.238294526788
-0.548847289063	0.230490467482	0.803517764388	-0.490390047646
0.000000000000	0.000000000000	0.000000000000	1.000000000000
41	44	60
0.925673647399	-0.053824894123	0.374474537564	0.070905629897
0.131671333744	0.973779432862	-0.185516241889	0.385782149739
-0.354670210733	0.221035058095	0.908489154978	-0.532714238213
0.000000000000	0.000000000000	0.000000000000	1.000000000000
41	45	60
0.714216567576	-0.082097925492	0.695093249305	-0.638650917872
0.346556342648	0.904298888938	-0.249283414685	0.464806585608
-0.608106401849	0.418931319068	0.674316805318	-0.078319962553
0.000000000000	0.000000000000	0.000000000000	1.000000000000
41	46	60
0.922485308447	-0.049064332707	0.382901484661	-0.015452059991
0.155050331826	0.955458047418	-0.251116136929	0.541087893693
-0.353525459197	0.291019949284	0.889003452647	-0.536895493874
0.000000000000	0.000000000000	0.000000000000	1.000000000000
41	47	60
0.989529879512	-0.105424110987	0.098571671260	0.142541330147
0.119472794299	0.981498988783	-0.149619472128	0.595737846627
-0.080974495829	0.159829571232	0.983817889238	-0.837132205692
0.000000000000	0.000000000000	0.000000000000	1.000000000000
41	48	60
0.920589005037	0.066186345966	-0.384883425743	0.258808151325
-0.145743887504	0.972558197527	-0.181353995485	0.702646069262
0.362318372511	0.223046900967	0.904972638763	-0.950693194922
0.000000000000	0.000000000000	0.000000000000	1.000000000000
42	43	60
0.925191225407	-0.068121723507	0.373337149527	-0.111617160191
0.129336574087	0.981462580342	-0.141432860368	0.000313783775
-0.356781791904	0.179138589296	0.916851197737	-0.204857617225
0.000000000000	0.000000000000	0.000000000000	1.000000000000
42	44	60
0.928615017650	-0.103537660692	0.356306191095	-0.211369747164
0.192162505465	0.955663404558	-0.223116625741	0.183207683402
-0.317407814156	0.275658139744	0.907339445580	-0.075416106995
0.000000000000	0.000000000000	0.000000000000	1.000000000000
42	45	60
0.889038621714	-0.057805733464	0.454168279694	-0.456807552675
0.206476859981	0.936010543908	-0.285046606690	0.265671817184
-0.408628970331	0.347192682630	0.844085070200	0.083169294412
0.000000000000	0.000000000000	0.000000000000	1.000000000000
42	46	60
0.986152339682	0.019829129050	0.164652265640	0.102674692013
0.022214573949	0.968084749128	-0.249636598299	0.239647551757
-0.164347423598	0.249837395413	0.954238544710	-0.155278334022
0.000000000000	0.000000000000	0.000000000000	1.000000000000
42	47	60
0.990218336314	0.006146605908	-0.139391053027	0.384346461233
-0.030087507942	0.984931676097	-0.170306592023	0.403669238572
0.136243855986	0.172834639631	0.975482341742	-0.378504522237
0.000000000000	0.000000000000	0.000000000000	1.000000000000
42	48	60
0.829431999439	0.192113132321	-0.524533223635	0.322953380519
-0.303673802223	0.943200607190	-0.134739884370	0.503020571421
0.468854753789	0.271044570110	0.840660490842	-0.532337179180
0.000000000000	0.000000000000	0.000000000000	1.000000000000
43	44	60
0.998497302422	-0.050649695965	-0.020922364945	-0.125899991041
0.048158452488	0.993193641986	-0.106052595313	0.268599070331
0.026151491548	0.104885641616	0.994140383282	0.048610048987
0.000000000000	0.000000000000	0.000000000000	1.000000000000
43	45	60
0.990663520814	-0.055811925710	0.124381740929	-0.485174693942
0.071855823415	0.989104919731	-0.128484234069	0.268064841895
-0.115855639351	0.136222196105	0.983880574114	0.116522664094
0.000000000000	0.000000000000	0.000000000000	1.000000000000
43	46	60
0.971426857580	0.065180990577	-0.228213274900	0.232439373894
-0.087074783758	0.992377074494	-0.087210802387	0.249735219273
0.220789135617	0.104590537272	0.969697363669	0.063428759701
0.000000000000	0.000000000000	0.000000000000	1.000000000000
43	47	60
0.854092818316	0.083770804018	-0.513330215452	0.608281693899
-0.087173851200	0.996039351293	0.017502295337	0.348802916948
0.512763276151	0.029800387067	0.858012680304	-0.024018188925
0.000000000000	0.000000000000	0.000000000000	1.000000000000
44	45	60
0.995888566106	-0.015755109777	0.089206168037	-0.253861554859
0.020549050394	0.998378851146	-0.053079243704	0.066104559545
-0.088225282248	0.054694113945	0.994597835043	0.027756572940
0.000000000000	0.000000000000	0.000000000000	1.000000000000
44	46	60
0.974674174687	0.083090002260	-0.207620578757	0.348833674818
-0.080916397953	0.996540639354	0.018954963933	-0.033528293844
0.208477312293	-0.001675004454	0.978025768893	0.024725059801
0.000000000000	0.000000000000	0.000000000000	1.000000000000
44	47	60
0.847697436646	0.137744273908	-0.512284658085	0.771759092601
-0.063126866770	0.985031544629	0.160399048556	-0.046539277418
0.526710598522	-0.103630936942	0.843704079825	-0.071423775823
0.000000000000	0.000000000000	0.000000000000	1.000000000000
45	46	60
0.945734108532	0.142386830642	-0.292083868809	0.579755108891
-0.131398615449	0.989689199131	0.057006078455	-0.053239457236
0.297189165039	-0.015533176832	0.954692264869	0.034696513882
0.000000000000	0.000000000000	0.000000000000	1.000000000000
45	47	60
0.842863242658	0.153411697698	-0.515796864266	0.828099216038
-0.067752633284	0.981128276491	0.181099104781	-0.039704867749
0.533845609572	-0.117695182904	0.837351007082	-0.077907715279
0.000000000000	0.000000000000	0.000000000000	1.000000000000
46	47	60
0.952301458792	0.013482065165	-0.304860895329	0.325525374714
0.024095636340	0.992582188586	0.119163749570	-0.001564880315
0.304206068137	-0.120825629818	0.944912607222	-0.183672468343
0.000000000000	0.000000000000	0.000000000000	1.000000000000
46	48	60
0.719287604378	0.174924770405	-0.672329284567	0.327219252960
-0.139146598242	0.984445241335	0.107265050274	0.028997979608
0.680634679094	0.016397911800	0.732439446031	-0.317079637310
0.000000000000	0.000000000000	0.000000000000	1.000000000000
47	48	60
0.866756959430	0.170481286452	-0.468688067108	0.120128851398
-0.173607691677	0.984123002308	0.036909154943	-0.029244351609
0.467539027964	0.049376586534	0.882592323801	-0.114961923130
0.000000000000	0.000000000000	0.000000000000	1.000000000000
48	49	60
0.832777367584	0.191122416017	-0.519571052058	0.146158325917
-0.168552315365	0.981494174272	0.090880706723	-0.036042432140
0.527325300954	0.011891508112	0.849580260487	-0.080494397336
0.000000000000	0.000000000000	0.000000000000	1.000000000000
48	50	60
0.695066612541	0.297193023379	-0.654643957419	0.169712207060
-0.250495402795	0.953613144742	0.166955153719	-0.013765015719
0.673894989823	0.047940348660	0.737270144290	-0.201661022017
0.000000000000	0.000000000000	0.000000000000	1.000000000000
49	50	60
0.964342784399	0.127632944290	-0.231846556389	0.061550490504
-0.117248667301	0.991402261349	0.058088778673	-0.001942279808
0.237267242143	-0.028833794813	0.971016409791	-0.121195734533
0.000000000000	0.000000000000	0.000000000000	1.000000000000
49	51	60
0.919408131122	0.112046897830	-0.377006871439	0.027466182165
-0.103045903138	0.993701577413	0.044030862966	-0.314932833835
0.379565844449	-0.001633319875	0.925163283963	-0.023357762098
0.000000000000	0.000000000000	0.000000000000	1.000000000000
50	51	60
0.989123763796	-0.049389464556	-0.138545518458	0.027671766050
0.041261746896	0.997288391247	-0.060937122726	-0.288609694186
0.141179489080	0.054557726070	0.988479542727	0.115443199269
0.000000000000	0.000000000000	0.000000000000	1.000000000000
51	55	60
0.874316451773	0.123012791566	-0.469508887317	1.370471373591
-0.090060998525	0.991667758751	0.092109026697	-0.043966295126
0.476927414502	-0.038247998190	0.878110091009	0.756165255363
0.000000000000	0.000000000000	0.000000000000	1.000000000000
52	53	60
0.841560315668	0.278477028242	-0.462846389027	0.841962319382
-0.269653620641	0.959043857475	0.086728336285	0.098137601532
0.468041835704	0.051821078541	0.882185590366	0.072831914679
0.000000000000	0.000000000000	0.000000000000	1.000000000000
52	54	60
0.793538916237	0.167456125597	-0.585025157081	1.193198087924
-0.227645817979	0.973275728503	-0.030194997323	0.111828598773
0.564334448687	0.157139435873	0.810452853483	-0.117532992380
0.000000000000	0.000000000000	0.000000000000	1.000000000000
52	55	60
0.971836165582	0.035911692634	-0.232905168684	1.250488506794
-0.033735674410	0.999342012002	0.013320935413	0.118399709846
0.233230297217	-0.005088553854	0.972408214219	-0.158798385179
0.000000000000	0.000000000000	0.000000000000	1.000000000000
53	54	60
0.988930801988	0.005248986713	-0.148284581189	0.330739452330
-0.028138823988	0.987872995051	-0.152692999948	0.134863213301
0.145684849811	0.155175364627	0.977085733571	-0.301118450072
0.000000000000	0.000000000000	0.000000000000	1.000000000000
53	55	60
0.980297802845	-0.105081348759	0.167254679698	0.535481932694
0.109249492928	0.993887313168	-0.015892042613	0.137443298823
-0.164562346947	0.033851423403	0.985785633442	-0.378627301139
0.000000000000	0.000000000000	0.000000000000	1.000000000000
53	56	60
0.852807365220	0.274083516115	-0.444519767863	0.505658633465
-0.162375403829	0.948178403515	0.273115256511	0.251169248403
0.496340433632	-0.160735625490	0.853117947672	-0.308540770719
0.000000000000	0.000000000000	0.000000000000	1.000000000000
53	58	60
0.727717858310	0.050559899971	-0.684010537354	0.471901675900
-0.189946885991	0.973129087906	-0.130153596855	0.210519438322
0.659049997496	0.224640768310	0.717767111265	-0.554324955100
0.000000000000	0.000000000000	0.000000000000	1.000000000000
54	55	60
0.928630028351	-0.135239567278	0.345480143983	0.091824869178
0.099767595221	0.987922423522	0.118556788272	0.033344921346
-0.357341149867	-0.075627670493	0.930906954571	-0.103324329574
0.000000000000	0.000000000000	0.000000000000	1.000000000000
56	57	60
0.951092042449	-0.046918018509	-0.305323805704	0.101133419820
-0.108950461297	0.873933111114	-0.473677859185	0.037449755827
0.289056609981	0.483776412031	0.826079087853	-0.203649129640
0.000000000000	0.000000000000	0.000000000000	1.000000000000
56	58	60
0.959164806928	0.015013956649	-0.282449029484	-0.000740890297
-0.142384296686	0.888467758798	-0.436293196868	0.051026297582
0.244396369056	0.458693386350	0.854324757988	-0.209799179968
0.000000000000	0.000000000000	0.000000000000	1.000000000000
56	59	60
0.799962753515	0.307685625621	-0.515159343091	0.110809938459
-0.358061145836	0.933696683528	0.001648942359	-0.126674005335
0.481509925994	0.183139452205	0.857092837571	0.257896211187
0.000000000000	0.000000000000	0.000000000000	1.000000000000
57	58	60
0.999588590120	-0.025771845695	0.012588187778	-0.027427442317
0.025466429423	0.999391181718	0.023847995243	-0.022234637776
-0.013195130713	-0.023517607746	0.999636339201	0.008804755581
0.000000000000	0.000000000000	0.000000000000	1.000000000000
58	59	60
0.929443240438	0.231279018451	-0.287480918371	0.239240883317
-0.109330797940	0.916798355908	0.384093154359	0.061614973671
0.352394721052	-0.325562267820	0.877397954378	0.436919034401
0.000000000000	0.000000000000	0.000000000000	1.000000000000
