0	30	60
-0.223094687587	-0.316572406314	-0.921960233378	3.342591040705
-0.780061379629	-0.509210628450	0.363605252829	-0.055581964287
-0.584579339682	0.800303971897	-0.133343721952	3.072086289088
0.000000000000	0.000000000000	0.000000000000	1.000000000000
0	31	60
-0.264046619581	0.737290071707	0.621838188640	-1.505073147109
-0.182858825209	0.594759870914	-0.782830343046	2.941746381598
-0.947017440563	-0.320412306431	-0.022224337027	1.716041392217
0.000000000000	0.000000000000	0.000000000000	1.000000000000
0	33	60
-0.039212879194	-0.448271436361	0.893036992206	-2.804444712204
0.218953887302	0.868149823278	0.445393174147	-0.906232371563
-0.974946944885	0.212999069680	0.064108119415	1.054929541043
0.000000000000	0.000000000000	0.000000000000	1.000000000000
0	34	60
0.247040566592	-0.362801528273	0.898524351112	-2.258859365024
-0.021055077446	0.925036124296	0.379295204902	-1.158111672631
-0.968776363343	-0.112619802124	0.220882633989	1.960899396806
0.000000000000	0.000000000000	0.000000000000	1.000000000000
0	35	60
-0.994716693026	-0.080432375725	0.063791328180	0.308416462250
0.007509296638	-0.676739704914	-0.736184068190	1.888482460777
0.102383158184	-0.731815553762	0.673768271880	0.705706542031
0.000000000000	0.000000000000	0.000000000000	1.000000000000
0	36	60
0.332384055974	-0.470724379002	0.817275595101	-1.780760024715
0.312290573070	0.872591868247	0.375576928791	-0.934061055942
-0.889941254975	0.130391681029	0.437038410454	1.721308883194
0.000000000000	0.000000000000	0.000000000000	1.000000000000
0	37	60
0.023030570114	-0.663027759150	0.748240458300	-1.406155947005
0.381621492403	0.697595255957	0.606404069414	-1.198674191112
-0.924031725308	0.271578808935	0.269091659405	2.017124969675
0.000000000000	0.000000000000	0.000000000000	1.000000000000
0	38	60
-0.355090621659	-0.506848797309	0.785502989858	-1.342921097100
0.259827068713	0.753643648716	0.603747583940	-1.228026844629
-0.897998076153	0.418480044226	-0.135918754446	2.077803372717
0.000000000000	0.000000000000	0.000000000000	1.000000000000
0	41	60
0.927880973148	-0.147825955918	0.342322050745	-0.017783907233
0.082950645448	0.976886043498	0.197009767367	-0.312974449611
-0.363532790941	-0.154405779604	0.918696231153	0.250043368492
0.000000000000	0.000000000000	0.000000000000	1.000000000000
0	42	60
-0.157591419996	0.366098472421	-0.917135133355	0.973192123901
-0.389470814826	0.830413549556	0.398404092742	-0.816255887550
0.907456571271	0.419982434401	0.011718619902	2.064668222877
0.000000000000	0.000000000000	0.000000000000	1.000000000000
0	47	60
0.380649100992	0.288883046649	0.878437731016	-1.664073904299
0.700890297584	0.529534194926	-0.477855969050	1.902175881612
-0.603207304885	0.797583927724	-0.000908609289	1.319525293335
0.000000000000	0.000000000000	0.000000000000	1.000000000000
0	49	60
-0.414715301645	-0.224091082617	0.881926530541	-1.995724541648
0.454982551046	0.788283120699	0.414247027586	-1.478703995230
-0.788036862605	0.573055763702	-0.224955539747	3.990241445532
0.000000000000	0.000000000000	0.000000000000	1.000000000000
0	50	60
-0.076223138122	-0.364086083977	0.928241001394	-2.180496727614
0.244844847222	0.895610553284	0.371392969287	-1.326424571554
-0.966561448643	0.255583763767	0.020878354701	3.860960760965
0.000000000000	0.000000000000	0.000000000000	1.000000000000
0	51	60
-0.990653626808	-0.121936789606	0.061129461243	0.900434227561
-0.031090743284	0.638220168116	0.769225833349	-1.657089813102
-0.132810983632	0.760135801256	-0.636046229669	2.995787980757
0.000000000000	0.000000000000	0.000000000000	1.000000000000
1	3	60
0.910423025718	-0.020103217644	-0.413189756508	0.046775143651
0.004908071623	0.999273123866	-0.037803898648	-0.152985659525
0.413649398737	0.032389574872	0.909859928980	-0.082990056435
0.000000000000	0.000000000000	0.000000000000	1.000000000000
1	31	60
0.235094410575	-0.577559585516	0.781764378375	-3.487633380293
0.171577638867	0.816336250496	0.551503617365	-0.743072718553
-0.956708802070	0.004477868338	0.291012399629	0.811536391122
0.000000000000	0.000000000000	0.000000000000	1.000000000000
1	33	60
0.044946445442	-0.464803778604	0.884272166495	-2.919775505226
0.140379256818	0.879322431556	0.455066726555	-0.706156672636
-0.989077085619	0.103679837760	0.104771226702	0.839883403322
0.000000000000	0.000000000000	0.000000000000	1.000000000000
1	35	60
0.689898449679	-0.178937811333	0.701442363139	-2.326379871488
0.151833782379	0.983183275564	0.101474869693	-0.845427846647
-0.707804091299	0.036495291833	0.705465422267	1.660811613549
0.000000000000	0.000000000000	0.000000000000	1.000000000000
1	36	60
0.411691462229	-0.476054441590	0.777098647901	-1.988330466244
0.260693175647	0.878600632199	0.400124977063	-0.654190616106
-0.873240635850	0.037856277431	0.485816523144	1.592336839937
0.000000000000	0.000000000000	0.000000000000	1.000000000000
1	37	60
0.117670312840	-0.660273754997	0.741749463052	-1.613305126471
0.263164257043	0.740966851134	0.617829021118	-0.876548587293
-0.957548051688	0.122501812159	0.260950253355	1.983912988498
0.000000000000	0.000000000000	0.000000000000	1.000000000000
1	38	60
-0.325582910840	-0.505322458267	0.799152664602	-1.631484672476
0.166421056163	0.801382814251	0.574534261022	-0.908257983354
-0.930752276513	0.320054367560	-0.176820252154	2.205837693419
0.000000000000	0.000000000000	0.000000000000	1.000000000000
1	39	60
-0.596176188089	-0.310097903564	0.740549284626	-1.726037582364
0.220736066947	0.823538425056	0.522551481871	-0.719135956189
-0.771912910570	0.474998687011	-0.422524207393	1.850852235981
0.000000000000	0.000000000000	0.000000000000	1.000000000000
1	47	60
-0.132658976802	-0.233757366935	0.963202517271	-2.576907156036
0.356217455233	0.895617965791	0.266416185581	0.061871625195
-0.924938225213	0.378452048159	-0.035543308556	1.042487670021
0.000000000000	0.000000000000	0.000000000000	1.000000000000
1	48	60
0.642514611526	0.155694940078	-0.750289317270	1.482774144190
-0.119776034487	0.987511033189	0.102350676070	-0.040529293460
0.756854461266	0.024104874266	0.653138790380	0.908636420389
0.000000000000	0.000000000000	0.000000000000	1.000000000000
1	49	60
0.283055534471	0.254598005417	-0.924694230566	1.510949892489
-0.299023101693	0.939494261509	0.167139813468	0.115676954395
0.911298386402	0.229195087709	0.342059735589	0.563087611785
0.000000000000	0.000000000000	0.000000000000	1.000000000000
1	50	60
0.019350871283	-0.375499634089	0.926620509475	-2.569806791558
0.322622180292	0.879562397968	0.349692603389	-0.990720868478
-0.946330001936	0.292181472513	0.138164809397	3.590115739059
0.000000000000	0.000000000000	0.000000000000	1.000000000000
1	51	60
-0.487914596059	0.641722866010	-0.591718776272	3.076137000578
0.872772437063	0.347460929682	-0.342839868521	0.674781013636
-0.014409026896	-0.683712414385	-0.729609288839	3.711115427514
0.000000000000	0.000000000000	0.000000000000	1.000000000000
2	3	60
0.806796087729	0.076930999784	-0.585800046174	-0.103234726117
-0.169913491014	0.979812793913	-0.105338950326	-0.131419847464
0.565870549151	0.184522383890	0.803580743576	0.054873397480
0.000000000000	0.000000000000	0.000000000000	1.000000000000
2	31	60
0.525009944698	-0.450785682688	0.721911924165	-3.621293472829
0.294311939049	0.892044098343	0.342983686412	-0.162802074121
-0.798589406705	0.032397451988	0.601003631107	-0.105394350650
0.000000000000	0.000000000000	0.000000000000	1.000000000000
2	33	60
0.186579853153	-0.377604020291	0.906974730771	-3.350923667916
0.210871604762	0.917061874159	0.338423824913	-0.500489802501
-0.959542143265	0.128112149401	0.250731235536	0.527070540755
0.000000000000	0.000000000000	0.000000000000	1.000000000000
2	35	60
0.883934227532	-0.111241786296	0.454186686704	-2.633752084024
0.120345261632	0.992692018730	0.008920423356	-0.911765750889
-0.451859822733	0.046774148113	0.890861874630	1.019922560139
0.000000000000	0.000000000000	0.000000000000	1.000000000000
2	37	60
0.332162713708	-0.596984891663	0.730258153497	-2.199079909077
0.352867030554	0.796646640631	0.490753490786	-0.916648111145
-0.874730124307	0.094674014901	0.475272596025	1.636629707327
0.000000000000	0.000000000000	0.000000000000	1.000000000000
2	39	60
-0.392561496183	-0.328308835572	0.859132574286	-2.280559689848
0.340877650177	0.815654560450	0.467450602339	-0.739761991371
-0.854223565189	0.476362200959	-0.208281430216	1.519796359321
0.000000000000	0.000000000000	0.000000000000	1.000000000000
2	48	60
0.563626056074	0.173014873748	-0.807707572316	1.103639368268
-0.214350712829	0.974957169445	0.059264573384	-0.220072599778
0.797733941126	0.139729636122	0.586597125773	1.147085181541
0.000000000000	0.000000000000	0.000000000000	1.000000000000
2	49	60
0.069484278148	0.143583324352	-0.987195909665	1.333248489467
-0.126686260053	0.982845640559	0.134033720936	-0.142426565617
0.989506203419	0.115750921388	0.086482354233	1.235387647204
0.000000000000	0.000000000000	0.000000000000	1.000000000000
2	50	60
-0.271920622350	0.292959829703	-0.916642631194	1.422817902950
-0.455776651255	0.799716492219	0.390795568352	-0.247619159063
0.847541632789	0.524049683001	-0.083935156133	1.182307597977
0.000000000000	0.000000000000	0.000000000000	1.000000000000
2	51	60
0.144941121042	-0.371485528092	0.917055382106	-2.222532842359
0.380886277698	0.876365563926	0.294803395208	-0.960303056478
-0.913190952043	0.306564676345	0.268515147292	1.679181189483
0.000000000000	0.000000000000	0.000000000000	1.000000000000
3	24	60
-0.507681766197	-0.720658746434	0.472133662705	-0.658188305883
-0.673544021047	-0.009713445837	-0.739083283996	1.458386636299
0.537212877715	-0.693221912635	-0.480464050537	4.857235757895
0.000000000000	0.000000000000	0.000000000000	1.000000000000
3	25	60
0.518553703915	0.795665658967	-0.313078608813	0.839633707407
0.486196255214	-0.575582144300	-0.657509236878	1.803196909058
-0.703359977232	0.188736202949	-0.685319916626	4.481365198554
0.000000000000	0.000000000000	0.000000000000	1.000000000000
3	26	60
0.615289877021	-0.461388833565	0.639170330582	-1.178567625264
-0.693387877096	-0.702487971778	0.160386724523	0.356856051315
0.375008825404	-0.541877286633	-0.752155161586	4.711076852965
0.000000000000	0.000000000000	0.000000000000	1.000000000000
3	29	60
-0.866342502729	-0.303910426040	-0.396344699610	0.964123639033
-0.219819156694	0.944584190428	-0.243803702891	1.200316170864
0.448475424427	-0.124093352509	-0.885138765137	5.418169345119
0.000000000000	0.000000000000	0.000000000000	1.000000000000
3	30	60
-0.949572631760	0.067932245426	-0.306099701149	0.436782337249
0.061742451851	-0.916621297777	-0.394959828464	2.806874890788
-0.307408013317	-0.393942389814	0.866204194665	1.038258992635
0.000000000000	0.000000000000	0.000000000000	1.000000000000
3	32	60
-0.690544878774	-0.497751664605	0.524777143920	-2.623762672149
0.010281080442	0.718714072635	0.695229732665	-0.656006666233
-0.723216475050	0.485482607495	-0.491186897257	2.785464999442
0.000000000000	0.000000000000	0.000000000000	1.000000000000
3	33	60
-0.428367005980	-0.416367513006	0.801959975498	-2.249775605462
0.059980047899	0.872452267632	0.485004571688	-0.627436924056
-0.901611946483	0.255861554004	-0.348756022373	2.259415079722
0.000000000000	0.000000000000	0.000000000000	1.000000000000
3	34	60
0.034702611939	-0.407296636952	0.912636388849	-1.456492530159
0.124497342455	0.907834971842	0.400419874159	-0.599395854455
-0.991612898487	0.099725189534	0.082211593624	2.345974868781
0.000000000000	0.000000000000	0.000000000000	1.000000000000
3	35	60
0.353076317835	-0.136193228726	0.925628715108	-1.480941649197
0.112413455469	0.988356268448	0.102543169686	-0.526488816405
-0.928816628196	0.067847557575	0.364275143426	2.447444259186
0.000000000000	0.000000000000	0.000000000000	1.000000000000
3	36	60
0.037680946647	-0.442172332840	0.896138256259	-1.138760615123
0.145648112215	0.889628820024	0.432836216127	-0.419173047881
-0.988618618916	0.114211166941	0.097923621655	2.388314591640
0.000000000000	0.000000000000	0.000000000000	1.000000000000
3	37	60
-0.259178450003	-0.584645698052	0.768775610177	-0.643635882837
0.190727265116	0.749318509803	0.634148942448	-0.643536642126
-0.946810245717	0.310984209591	-0.082699334879	2.562659301130
0.000000000000	0.000000000000	0.000000000000	1.000000000000
3	38	60
-0.643764931643	-0.390987615931	0.657795862692	-0.553896007916
0.126874678578	0.793178557566	0.595626218155	-0.707043892944
-0.754632048565	0.466900910265	-0.461014111793	2.592319372806
0.000000000000	0.000000000000	0.000000000000	1.000000000000
3	40	60
-0.998563495768	0.042592551418	0.032508760101	-0.562072070618
0.053546621961	0.815055110796	0.576903740361	-0.544741456085
-0.001924628841	0.577815749984	-0.816164967929	2.599318012868
0.000000000000	0.000000000000	0.000000000000	1.000000000000
3	41	60
-0.998537361926	0.023331945693	-0.048772504022	-0.335680921103
-0.010180534590	0.804814265537	0.593439427999	-0.459932625234
0.053098903509	0.593067971061	-0.803399581870	3.198228239711
0.000000000000	0.000000000000	0.000000000000	1.000000000000
3	42	60
-0.977494872610	0.077528580244	-0.196196567927	-0.375055085137
-0.051776250804	0.813407731060	0.579385090337	-0.536615803058
0.204506708628	0.576504277779	-0.791087747237	3.574071048008
0.000000000000	0.000000000000	0.000000000000	1.000000000000
3	44	60
-0.769861123799	0.138326150147	-0.623040709945	0.100650561477
-0.066855147216	0.953379018408	0.294276802603	-0.331956767564
0.634700117657	0.268205748345	-0.724721627386	3.793533509539
0.000000000000	0.000000000000	0.000000000000	1.000000000000
3	45	60
0.672047660945	-0.619575240520	0.405559444166	-1.672735440673
0.619874846458	0.770305851423	0.149613067583	0.353850905265
-0.405101365274	0.150848986066	0.901741352748	-0.785165518654
0.000000000000	0.000000000000	0.000000000000	1.000000000000
3	46	60
-0.721880615190	0.069986647112	-0.688469495794	0.287136967193
0.128279003736	-0.964097289332	-0.232510029683	2.307748637790
-0.680024172080	-0.256160664289	0.686985326960	1.104325131289
0.000000000000	0.000000000000	0.000000000000	1.000000000000
3	48	60
-0.816000599282	-0.066664520038	0.574194099360	-1.043645108204
0.098924524636	0.962568896031	0.252339174167	-0.122453275055
-0.569523450261	0.262710795671	-0.778862040057	4.053261356428
0.000000000000	0.000000000000	0.000000000000	1.000000000000
3	49	60
0.261827376119	0.147948422395	-0.953707339505	2.376679892537
-0.227029450094	0.969892005784	0.088131299244	0.425974104648
0.938032011130	0.193444466003	0.287532927972	0.648170537948
0.000000000000	0.000000000000	0.000000000000	1.000000000000
4	8	60
0.945209845137	0.299716458464	0.129415583223	0.397360253457
-0.290188020122	0.952957686590	-0.087536052837	-0.014437133262
-0.149563570541	0.045185087077	0.987719113044	1.492874678788
0.000000000000	0.000000000000	0.000000000000	1.000000000000
4	24	60
-0.604818207866	-0.732000587005	-0.313640042180	1.016529172193
-0.709057431359	0.674279964379	-0.206359125488	-0.015971029663
0.362536197460	0.097579046225	-0.926847255630	5.741904259748
0.000000000000	0.000000000000	0.000000000000	1.000000000000
4	25	60
-0.326901341834	-0.933446196796	0.147694652557	0.673244069990
-0.936026597820	0.341353424965	0.085627375523	0.307877592672
-0.130344623523	-0.110254419193	-0.985319360495	5.629384538461
0.000000000000	0.000000000000	0.000000000000	1.000000000000
4	26	60
-0.745035349585	0.340907999196	-0.573327187524	-1.050374877024
0.177626153959	-0.727092588853	-0.663163114675	2.761399565308
-0.642939559600	-0.595917866253	0.481155504365	1.203779083947
0.000000000000	0.000000000000	0.000000000000	1.000000000000
4	29	60
0.211306959848	0.820094233503	0.531784558722	0.121022145399
-0.752936664338	-0.210347193544	0.623570715848	-1.702023770317
0.623246137745	-0.532164924007	0.573031190637	1.701284494929
0.000000000000	0.000000000000	0.000000000000	1.000000000000
4	30	60
-0.730853867535	0.013591380886	-0.682398636191	1.933098242815
-0.627226052460	-0.407631004747	0.663644816965	-1.531165579614
-0.269146992228	0.913045583930	0.306443564527	2.487124026517
0.000000000000	0.000000000000	0.000000000000	1.000000000000
4	31	60
0.961593143890	-0.120716919584	0.246507709716	1.368400331464
0.041452171881	0.951661882213	0.304337607582	-0.062387154649
-0.271330689509	-0.282430676925	0.920115519738	-0.025104646864
0.000000000000	0.000000000000	0.000000000000	1.000000000000
4	32	60
-0.422296104962	0.145687814511	-0.894673717305	0.700117281004
-0.756043659706	0.487886472495	0.436308118850	0.095764078138
0.500063980259	0.860663610628	-0.095886208540	1.974922314310
0.000000000000	0.000000000000	0.000000000000	1.000000000000
4	42	60
0.835355745375	0.037281459275	-0.548444045882	-1.052669046170
0.141879944097	0.949271442782	0.280631091258	-0.281369721823
0.531084607320	-0.312240004984	0.787689862291	0.281059847606
0.000000000000	0.000000000000	0.000000000000	1.000000000000
4	44	60
0.054080865501	-0.557086905408	0.828691402036	-2.063646403072
0.729186181144	0.589003999758	0.348370207536	-0.211207041452
-0.682175031217	0.585430156459	0.438073919210	0.383485345245
0.000000000000	0.000000000000	0.000000000000	1.000000000000
4	45	60
0.032457537325	-0.454426350186	0.890192788404	-2.144197961867
0.698200121841	0.647616448821	0.305138534239	-0.176543834442
-0.715166482808	0.611628667962	0.338300568127	0.604498036253
0.000000000000	0.000000000000	0.000000000000	1.000000000000
4	47	60
0.716282566895	-0.004382459956	-0.697796588131	-0.414382890146
0.044366080722	0.998243135925	0.039272031534	0.245330639439
0.696398546268	-0.059088371311	0.715218588357	0.043242577335
0.000000000000	0.000000000000	0.000000000000	1.000000000000
5	6	60
0.914619223561	-0.071278985052	0.397983645623	0.060833187842
0.058366299394	0.997303645102	0.044483868552	0.022372116296
-0.400081305472	-0.017456968702	0.916313376120	-0.083827768187
0.000000000000	0.000000000000	0.000000000000	1.000000000000
5	11	60
0.704803427465	0.253781710412	-0.662455260447	1.962374257449
-0.091730252099	0.958584346002	0.269632365361	-0.209207189323
0.703447005455	-0.129270627217	0.698892992850	1.859629144022
0.000000000000	0.000000000000	0.000000000000	1.000000000000
5	15	60
-0.476104027999	0.386227047621	-0.790033937378	1.216881817686
-0.155684278831	0.847179652695	0.507985276740	-0.496642386219
0.865498330356	0.364849700212	-0.343216165713	4.428953460932
0.000000000000	0.000000000000	0.000000000000	1.000000000000
5	40	60
0.688394784610	-0.488544288016	0.536131606201	-0.449006963186
0.559099353152	0.828280183447	0.036876157799	-0.225101896566
-0.462082821392	0.274365479527	0.843328553897	1.032222667449
0.000000000000	0.000000000000	0.000000000000	1.000000000000
6	8	60
0.996766415935	-0.062481319496	0.050525209324	0.603914064430
0.058499955669	0.995331172042	0.076769871357	-0.186080506399
-0.055085998674	-0.073565907019	0.995767839446	1.458284215048
0.000000000000	0.000000000000	0.000000000000	1.000000000000
6	9	60
0.960668122290	0.049149063535	0.273315071609	0.373672783731
0.049637325475	0.937971666057	-0.343140335132	0.440977916810
-0.273226819208	0.343210610600	0.898639851129	2.135234203766
0.000000000000	0.000000000000	0.000000000000	1.000000000000
6	10	60
0.699900547909	0.238971570938	-0.673076378518	1.253712525582
0.186192868229	0.848737112744	0.494952047447	-0.770238235361
0.689544370477	-0.471739230650	0.549536768022	2.453299824636
0.000000000000	0.000000000000	0.000000000000	1.000000000000
6	24	60
0.933921495528	0.341845018307	0.104559187297	1.126123142879
-0.345523254149	0.938221970320	0.018794021693	-0.127066627468
-0.091675084031	-0.053679771493	0.994341068799	0.990698083725
0.000000000000	0.000000000000	0.000000000000	1.000000000000
6	25	60
-0.831982261165	0.131643224827	-0.538957863347	2.540936599254
-0.191922566827	0.843174238380	0.502218012495	-1.001444282320
0.520548984678	0.521274654178	-0.676240703790	4.465841645514
0.000000000000	0.000000000000	0.000000000000	1.000000000000
6	26	60
-0.685119624428	-0.287821071763	0.669156282846	-0.085955952809
0.337877623438	0.688261870759	0.641976875627	-1.478996327115
-0.645329227451	0.665923890478	-0.374293414700	4.751435411113
0.000000000000	0.000000000000	0.000000000000	1.000000000000
6	29	60
-0.634589246332	0.331229027796	-0.698272024060	2.595546528726
-0.071658353009	0.874393805015	0.479896399439	-0.461804526314
0.769520349883	0.354574117635	-0.531145579122	4.790925659971
0.000000000000	0.000000000000	0.000000000000	1.000000000000
6	30	60
-0.962956861779	-0.000311238745	-0.269655308651	0.972607472089
-0.225573595412	0.548857936503	0.804904664287	-1.688266621512
0.147751938755	0.835915587047	-0.528596723340	4.246685460878
0.000000000000	0.000000000000	0.000000000000	1.000000000000
6	31	60
0.993213656715	0.069384217691	0.093340572374	1.901231224603
-0.096321731203	0.940516728360	0.325807316943	-0.077161816549
-0.065182483948	-0.332587002168	0.940817266941	-0.019273093089
0.000000000000	0.000000000000	0.000000000000	1.000000000000
6	42	60
-0.974275904794	0.135016779184	-0.180435391974	1.259188095541
0.002340656532	-0.794553501846	-0.607189635972	2.625814836689
-0.225346361553	-0.591992569247	0.773798304012	1.246294089911
0.000000000000	0.000000000000	0.000000000000	1.000000000000
6	43	60
-0.113456652715	0.320346929808	-0.940481489726	2.277527327331
-0.188196861723	0.922527415652	0.336934872947	-0.588038660804
0.975556010279	0.215223167743	-0.044378585765	2.752077788761
0.000000000000	0.000000000000	0.000000000000	1.000000000000
6	44	60
-0.013851376848	-0.510982158642	0.859479710586	-2.252189249587
0.651653817989	0.647332763428	0.395357553225	-0.261965062157
-0.758390032147	0.565559481348	0.324017024551	0.674480100560
0.000000000000	0.000000000000	0.000000000000	1.000000000000
6	45	60
-0.114335246523	0.107757292805	-0.987580790239	2.462465956577
-0.135575615423	0.983106724479	0.122965120201	-0.053225764858
0.984147704313	0.147951120748	-0.097794488414	2.681242929706
0.000000000000	0.000000000000	0.000000000000	1.000000000000
6	46	60
-0.986961456283	-0.054644407940	0.151397068968	0.140614901953
-0.003468344875	-0.933168382802	-0.359422787151	2.489534660280
0.160919403413	-0.355261534676	0.920811700395	0.808290113018
0.000000000000	0.000000000000	0.000000000000	1.000000000000
6	47	60
-0.936792003953	0.044897451716	0.346994178855	-0.023163039655
-0.183006822685	-0.908133255408	-0.376566718223	2.370367177634
0.298210067202	-0.416266992748	0.858948512175	0.585074887000
0.000000000000	0.000000000000	0.000000000000	1.000000000000
7	9	60
0.929633538156	0.132356148836	-0.343894365469	0.598034842849
-0.111553954516	0.990558667896	0.079682122763	-0.276544008159
0.351193963456	-0.035712397309	0.935621410994	1.567915231946
0.000000000000	0.000000000000	0.000000000000	1.000000000000
7	10	60
0.664380290638	0.287793665324	-0.689763463523	0.831138510699
-0.230929006767	0.956777890304	0.176770649312	-0.363884977567
0.710823904526	0.041843456170	0.702124278123	1.563679241564
0.000000000000	0.000000000000	0.000000000000	1.000000000000
7	24	60
-0.817874921625	-0.034655565721	0.574351464124	-1.647942271497
0.141008010019	0.955675473473	0.258459146698	-0.520870451646
-0.557850655361	0.292375411356	-0.776736290608	4.306429194465
0.000000000000	0.000000000000	0.000000000000	1.000000000000
7	25	60
0.264537519355	-0.071409094515	0.961727945978	-2.078546259347
0.036567182196	0.997280327486	0.063990543014	-0.343071195856
-0.963681867651	0.018239781512	0.266429293304	2.927722491089
0.000000000000	0.000000000000	0.000000000000	1.000000000000
7	26	60
0.973731252959	0.220178649661	0.058041444201	-0.554604072800
-0.225462296086	0.967962192524	0.110525774771	-0.015832907517
-0.031846507744	-0.120708558430	0.992177022444	0.737495262341
0.000000000000	0.000000000000	0.000000000000	1.000000000000
7	28	60
0.915188114004	0.231432970215	0.329953779011	-1.550055080237
-0.257121987209	0.965715126650	0.035813096114	0.163183920779
-0.310353024280	-0.117614091235	0.943317510631	1.381769634818
0.000000000000	0.000000000000	0.000000000000	1.000000000000
7	29	60
0.536931670334	-0.204352799166	0.818501261370	-1.811027657355
0.013257640082	0.972142578659	0.234015045966	0.020914900425
-0.843521556554	-0.114798694384	0.524683374423	1.591390063159
0.000000000000	0.000000000000	0.000000000000	1.000000000000
7	30	60
0.638514902460	0.215628399238	0.738784889381	-1.061229859041
-0.151781550469	0.976376058322	-0.153792567024	-0.101467522330
-0.754493923284	-0.013935070041	0.656159076406	1.372338353938
0.000000000000	0.000000000000	0.000000000000	1.000000000000
7	31	60
0.889074751503	-0.203808626708	0.409887948003	-0.160678674019
0.068957207951	0.944828680450	0.320224402677	-0.098947290855
-0.452538384793	-0.256438702768	0.854077398139	-0.295016698022
0.000000000000	0.000000000000	0.000000000000	1.000000000000
7	43	60
-0.229270557418	0.308789195293	-0.923084093879	1.837769781881
-0.238873607428	0.901494642652	0.360897227676	-0.726741276817
0.943596529866	0.303243536024	-0.132924590215	2.479235879921
0.000000000000	0.000000000000	0.000000000000	1.000000000000
7	44	60
-0.128453657730	0.260231396231	-0.956963572050	1.861030277252
-0.229884252370	0.930861161539	0.283990718950	-0.451065805615
0.964703523539	0.256470501917	-0.059749421073	2.056335836490
0.000000000000	0.000000000000	0.000000000000	1.000000000000
7	45	60
-0.050433879825	0.198374047808	-0.978827952667	1.886766733565
-0.200552960278	0.958099962261	0.204506656221	-0.318974633967
0.978383837709	0.206620907634	-0.008536195826	1.903603185329
0.000000000000	0.000000000000	0.000000000000	1.000000000000
7	47	60
0.632420066450	0.202763152437	-0.747617524918	2.185921401361
-0.138373734062	0.979181459967	0.148513898938	-0.105116372606
0.762166365876	0.009527458738	0.647311098512	1.082893674106
0.000000000000	0.000000000000	0.000000000000	1.000000000000
8	11	60
0.274684420862	0.663810787572	-0.695631876239	1.907460340534
-0.646179396292	0.663178797973	0.377685146288	-0.433155095510
0.712039785928	0.345758760153	0.611105738014	-0.645781659832
0.000000000000	0.000000000000	0.000000000000	1.000000000000
8	25	60
0.356707014793	-0.082930989759	0.930528106257	-2.220033631742
-0.020935351564	0.995092358622	0.096710438252	-0.191381466101
-0.933981700384	-0.053978224773	0.353220235261	1.798254080740
0.000000000000	0.000000000000	0.000000000000	1.000000000000
8	30	60
-0.456240333147	-0.129401050889	0.880397709242	-1.748753587747
0.217843754588	0.943023531090	0.251496955045	-0.543580150349
-0.862779726812	0.306532197067	-0.402056159216	2.294296185645
0.000000000000	0.000000000000	0.000000000000	1.000000000000
8	44	60
0.255020919817	0.211107044439	-0.943609106698	1.503360206131
-0.206388742366	0.965270866201	0.160174410841	0.007751412292
0.944652326245	0.153902471232	0.289734381577	0.448601250111
0.000000000000	0.000000000000	0.000000000000	1.000000000000
8	45	60
-0.045982436917	0.257106358462	-0.965288524708	1.604187379062
-0.131531688456	0.956339123412	0.260988306183	-0.284021467292
0.990244934563	0.138966907827	-0.010157169973	1.038375287025
0.000000000000	0.000000000000	0.000000000000	1.000000000000
9	11	60
0.540511069004	0.343177793293	-0.768164556898	0.013439369052
-0.329213984914	0.926497490024	0.182265062797	-0.322662041956
0.774251855936	0.154374230911	0.613761077627	0.615045524116
0.000000000000	0.000000000000	0.000000000000	1.000000000000
9	24	60
0.510049423915	0.309754391520	0.802434920787	-1.479856239303
-0.097826009774	0.947743377033	-0.303665215494	0.818125605237
-0.854564015727	0.076385261822	0.513697999607	-0.368628142615
0.000000000000	0.000000000000	0.000000000000	1.000000000000
9	26	60
0.044491810441	-0.393237152718	0.918359962393	-1.977218553886
0.369723747544	0.860479688111	0.350541091528	-0.801026344547
-0.928075874757	0.323943279094	0.183673412948	1.644459644497
0.000000000000	0.000000000000	0.000000000000	1.000000000000
9	28	60
0.876002688569	0.415840537913	0.244327519221	-1.471911261330
-0.394751717177	0.909232096631	-0.132166850011	0.868318083402
-0.277110756569	0.019329808183	0.960643527595	-0.211978462865
0.000000000000	0.000000000000	0.000000000000	1.000000000000
9	29	60
-0.684469488877	-0.333125825133	0.648481845101	-1.685492707637
0.341103254450	0.639799236553	0.688698414918	-1.054163646730
-0.644321417151	0.692592319865	-0.324292753333	2.523208066444
0.000000000000	0.000000000000	0.000000000000	1.000000000000
9	30	60
-0.826276117081	-0.015181021841	0.563060667173	-1.310878912374
0.130850214543	0.967115908597	0.218094109714	-0.492952559704
-0.547855820172	0.253882563233	-0.797118337758	2.630140385699
0.000000000000	0.000000000000	0.000000000000	1.000000000000
9	43	60
0.184029703790	0.337546381323	-0.923144359555	1.369311998474
-0.377911577537	0.891291899869	0.250562544672	-0.318702569634
0.907367570330	0.302755990337	0.291586869781	0.197074000569
0.000000000000	0.000000000000	0.000000000000	1.000000000000
9	44	60
0.184884503599	0.191867271819	-0.963848883557	1.408579818291
-0.269611964360	0.953030027367	0.137996940585	-0.001734603351
0.945054024383	0.234351694984	0.227930195576	0.246933028979
0.000000000000	0.000000000000	0.000000000000	1.000000000000
9	45	60
0.264064532571	0.144261122166	-0.953655415373	1.355140866843
-0.273199633059	0.959444264130	0.069488592765	0.127264533442
0.925003720606	0.242188836777	0.292767286776	0.047782481439
0.000000000000	0.000000000000	0.000000000000	1.000000000000
10	12	60
0.824991907273	0.244781107802	-0.509382530323	-0.024334352911
-0.161995137511	0.965935137506	0.201809032388	-0.452632261425
0.541429522983	-0.083973325490	0.836542020611	1.514985071467
0.000000000000	0.000000000000	0.000000000000	1.000000000000
10	13	60
0.653816915666	0.425813935704	-0.625464573696	0.163840959188
-0.269409392076	0.903455315410	0.333447255976	-0.687803073391
0.707065782124	-0.049507425875	0.705412641319	2.175592433410
0.000000000000	0.000000000000	0.000000000000	1.000000000000
10	15	60
-0.111282805276	0.424253627378	-0.898679585228	0.313017540225
-0.305913265126	0.845762457326	0.437153222564	-1.022729768378
0.945533294744	0.323565643161	0.035665993545	3.187663348757
0.000000000000	0.000000000000	0.000000000000	1.000000000000
10	17	60
-0.104042424707	0.627981720604	-0.771241941578	0.066578726237
-0.295436688313	0.720934260033	0.626873955361	-1.322387536823
0.949680123547	0.293074651409	0.110521091388	3.002431913550
0.000000000000	0.000000000000	0.000000000000	1.000000000000
10	22	60
-0.862562770165	0.274862182846	-0.424777880741	-0.653422838158
-0.285322447638	0.429072411991	0.857022733737	-1.117888091787
0.417823609194	0.860434567942	-0.291677537516	3.363072712899
0.000000000000	0.000000000000	0.000000000000	1.000000000000
10	28	60
0.711971577202	0.575991859347	-0.401658874199	0.380271059319
-0.576199016547	0.806138036883	0.134670556624	0.598289970329
0.401361640652	0.135553839699	0.905833312456	-0.970094771743
0.000000000000	0.000000000000	0.000000000000	1.000000000000
10	29	60
-0.915811534256	-0.178088830187	0.359963334642	-0.501196468986
0.145959158758	0.687420222199	0.711441748906	-1.023534527837
-0.374145904292	0.704086505107	-0.603553672533	3.119527742091
0.000000000000	0.000000000000	0.000000000000	1.000000000000
10	43	60
0.645638046196	0.167890872857	-0.744959172113	1.252373269688
-0.196300989302	0.979239244640	0.050561085397	0.017155732104
0.737982001747	0.113592062086	0.665191257104	-0.272396897562
0.000000000000	0.000000000000	0.000000000000	1.000000000000
10	44	60
0.637692256218	0.111079529987	-0.762240070042	1.163404865862
-0.189200883649	0.981820634155	-0.015207497289	0.250386243321
0.746693787296	0.153914198063	0.647115760625	-0.297609789894
0.000000000000	0.000000000000	0.000000000000	1.000000000000
10	45	60
0.713540678147	0.014187427279	-0.700470140360	0.984354796452
-0.122772146956	0.986856740098	-0.105075089602	0.375237548490
0.689772934060	0.160973573701	0.705904248470	-0.469498286824
0.000000000000	0.000000000000	0.000000000000	1.000000000000
11	13	60
0.945794580495	0.208080317944	-0.249349539381	0.638789332357
-0.136746005502	0.951558670619	0.275384506370	-0.449120243906
0.294572811856	-0.226359620193	0.928433185998	1.339471940766
0.000000000000	0.000000000000	0.000000000000	1.000000000000
11	18	60
0.527424205535	0.608317722314	-0.593104759832	0.939345442324
-0.300618848569	0.786557013393	0.539403719459	-1.083258898650
0.794639550552	-0.106196108217	0.597720981143	2.367315629897
0.000000000000	0.000000000000	0.000000000000	1.000000000000
11	20	60
0.596628093966	0.434457657460	-0.674745478951	0.630432498385
-0.330882559839	0.899166894365	0.286383707065	-1.221978221888
0.731130391301	0.052396946026	0.680222692185	2.796153005954
0.000000000000	0.000000000000	0.000000000000	1.000000000000
11	21	60
-0.006236840228	0.680725113192	-0.732512404055	0.461925493078
-0.377376767415	0.676759058596	0.632126531656	-1.111518384107
0.926038809791	0.280375635316	0.252669004594	2.820431608523
0.000000000000	0.000000000000	0.000000000000	1.000000000000
11	22	60
-0.530759043075	0.609054334763	-0.589362075044	0.508919038086
-0.364150549485	0.464050479266	0.807497077396	-0.969470263492
0.765303348682	0.643202899557	-0.024511517644	2.771792717777
0.000000000000	0.000000000000	0.000000000000	1.000000000000
11	23	60
-0.661232656033	0.182514531837	-0.727639897383	0.706150659277
0.288872371971	-0.833209091700	-0.471503300329	1.279138801710
-0.692332382102	-0.521968442702	0.498221655005	1.409960855869
0.000000000000	0.000000000000	0.000000000000	1.000000000000
11	44	60
0.894307836190	0.034891086504	-0.446089796130	0.558716093362
-0.092941834038	0.989696302563	-0.108917602705	0.581885826043
0.437693168343	0.138866269396	0.888336000402	-1.221073406441
0.000000000000	0.000000000000	0.000000000000	1.000000000000
11	45	60
0.961818883000	-0.021546659333	-0.272837273437	0.009021907556
-0.046997503985	0.969085161426	-0.242208968710	0.879168862187
0.269621347308	0.245783830583	0.931071768286	-1.268834207762
0.000000000000	0.000000000000	0.000000000000	1.000000000000
12	19	60
0.853754268045	0.357351178024	-0.378686922616	0.648239757590
-0.257075065483	0.921771317701	0.290258589142	-1.375476849973
0.452786992417	-0.150458543888	0.878832274139	1.901065658300
0.000000000000	0.000000000000	0.000000000000	1.000000000000
12	20	60
0.700225679065	0.426131432262	-0.572796648747	0.683586636823
-0.355399023347	0.903907592976	0.237997053689	-1.323026234951
0.619173265396	0.036919721006	0.784386002947	1.750800946278
0.000000000000	0.000000000000	0.000000000000	1.000000000000
12	22	60
-0.401862211083	0.664687648020	-0.629838942804	0.588520183366
-0.507763727445	0.410638402474	0.757332225318	-0.975296660382
0.762025432905	0.624152571879	0.172484221371	1.738694204970
0.000000000000	0.000000000000	0.000000000000	1.000000000000
13	19	60
0.960845122870	0.184304580410	-0.206902081906	0.486587091186
-0.176177765059	0.982694818729	0.057203918939	-1.065506477105
0.213864548151	-0.018512560145	0.976687892912	1.234569680807
0.000000000000	0.000000000000	0.000000000000	1.000000000000
13	20	60
0.868264157274	0.261223690561	-0.421757675309	0.507193643892
-0.272640015287	0.961506341004	0.034248770391	-1.085404160457
0.414469269376	0.085251039282	0.906061523874	1.125291848130
0.000000000000	0.000000000000	0.000000000000	1.000000000000
13	21	60
0.372269191337	0.636659860218	-0.675336857848	0.341570007748
-0.551807910201	0.736890667336	0.390512707390	-1.002246019793
0.746273193556	0.227280370424	0.625635639809	1.206610418057
0.000000000000	0.000000000000	0.000000000000	1.000000000000
13	22	60
-0.147966784925	0.691673936252	-0.706889663574	0.415531665798
-0.627351121900	0.486906664262	0.607743753689	-0.796721905358
0.764549802439	0.533393912794	0.361876406228	1.200542906299
0.000000000000	0.000000000000	0.000000000000	1.000000000000
14	19	60
0.994697253842	0.038932654141	0.095192550341	0.356253038636
-0.061090238471	0.968265667978	0.242341863858	-0.863530878696
-0.082736666373	-0.246872122071	0.965509606053	1.051514676057
0.000000000000	0.000000000000	0.000000000000	1.000000000000
14	22	60
0.160325334038	0.743667373892	-0.649041311685	0.213803987129
-0.526321759955	0.620678044102	0.581157612501	-0.542989548493
0.835033647384	0.248430277097	0.490918735799	1.021262863547
0.000000000000	0.000000000000	0.000000000000	1.000000000000
15	19	60
0.816586441086	-0.328935166613	0.474329253157	0.443846294765
0.187942821028	0.928478308985	0.320320973038	-0.744491389263
-0.545769255509	-0.172422985444	0.820003801108	0.797068653302
0.000000000000	0.000000000000	0.000000000000	1.000000000000
15	22	60
0.648563418853	0.606191064368	-0.460323674393	0.265253939658
-0.414000353143	0.788424090208	0.454962813400	-0.468018948514
0.638724666287	-0.104498073951	0.762306338172	0.858340419241
0.000000000000	0.000000000000	0.000000000000	1.000000000000
15	23	60
0.526727510947	0.317156294427	-0.788650755478	0.128586664943
-0.392943465582	0.913554515438	0.104945605808	-0.492456282468
0.753759618226	0.254617423259	0.605818789495	0.620580892766
0.000000000000	0.000000000000	0.000000000000	1.000000000000
16	22	60
0.440018361838	0.714641942277	-0.543756136134	0.051796538245
-0.539416378259	0.694455468260	0.476194890219	-0.099283177174
0.717923263387	0.083776470099	0.691062725768	0.766486360410
0.000000000000	0.000000000000	0.000000000000	1.000000000000
17	19	60
0.848298323158	-0.331403499402	0.412991132485	0.578217043350
0.335509420790	0.939792685238	0.064985670223	-0.443810123039
-0.409662523901	0.083435180572	0.908413555136	0.625816300628
0.000000000000	0.000000000000	0.000000000000	1.000000000000
17	20	60
0.944739334504	-0.122638291167	0.304018814188	0.408591333714
0.153232417438	0.985042260780	-0.078813518663	-0.459580857579
-0.289805824798	0.121043769016	0.949400331734	0.543076653299
0.000000000000	0.000000000000	0.000000000000	1.000000000000
17	23	60
0.462861790360	0.443272015246	-0.767638510970	0.125965991998
-0.620561881450	0.780419628210	0.076473231891	-0.283212843716
0.632978604944	0.440970661614	0.636304142121	0.462276595373
0.000000000000	0.000000000000	0.000000000000	1.000000000000
18	22	60
0.339384653251	0.736469252327	-0.585176125208	0.135532175416
-0.715793509048	0.605818281561	0.347309461621	-0.276486862609
0.610293134110	0.300993770871	0.732765337850	0.589044194190
0.000000000000	0.000000000000	0.000000000000	1.000000000000
19	21	60
0.631530858242	0.520507792078	-0.574665479627	-0.009928945337
-0.521140947768	0.833739635399	0.182456386362	0.112616421705
0.574091358276	0.184254874432	0.797790231578	0.005628336819
0.000000000000	0.000000000000	0.000000000000	1.000000000000
20	22	60
-0.458363560942	-0.666077531854	0.588424649007	-1.797965915475
0.887185778644	-0.382354516237	0.258275856568	-0.545013727917
0.052955076933	0.640426221724	0.766191891340	0.420498757061
0.000000000000	0.000000000000	0.000000000000	1.000000000000
21	23	60
0.734086937528	0.251551721619	-0.630744084001	-0.251233926513
-0.462437775115	0.865373862147	-0.193078696026	0.073395536105
0.497260165605	0.433416439540	0.751586666752	-0.149467981164
0.000000000000	0.000000000000	0.000000000000	1.000000000000
22	31	60
0.948838718825	0.100173600211	-0.299450055065	-1.078311066784
-0.198737799285	0.926401982150	-0.319816595259	-0.587836948223
0.245373944813	0.362966413444	0.898914350713	0.188505683466
0.000000000000	0.000000000000	0.000000000000	1.000000000000
22	32	60
0.997277660764	-0.063053269203	0.038230257451	-1.041765411594
0.068309710476	0.985236682270	-0.156979181307	-0.782634755719
-0.027767801435	0.159163328540	0.986861684357	0.043706376052
0.000000000000	0.000000000000	0.000000000000	1.000000000000
22	42	60
-0.849367054267	0.510110731336	-0.135508851749	1.488096478407
-0.048035554245	-0.330386182212	-0.942622700836	2.044625890408
-0.525612207483	-0.794123423895	0.305122590062	0.922173352504
0.000000000000	0.000000000000	0.000000000000	1.000000000000
22	43	60
0.003761422398	0.661166839645	-0.750229472798	1.799480845814
0.996097151172	-0.068636000092	-0.055493827744	-0.806368087988
-0.088183428873	-0.747092704853	-0.658844574408	3.501932821720
0.000000000000	0.000000000000	0.000000000000	1.000000000000
23	24	60
0.862991676682	0.113728011706	-0.492251262397	-0.014576151589
-0.141530640333	0.989742622016	-0.019458160563	-0.043032670816
0.484989117223	0.086460866981	0.870235643177	0.093732741524
0.000000000000	0.000000000000	0.000000000000	1.000000000000
23	30	60
