0	3	66
0.532942629451	-0.216062097739	0.818101047326	-0.680201599002
0.286069968988	0.955925792662	0.066104854337	0.002129884027
-0.796326645641	0.198804046347	0.571262483100	0.114867227590
0.000000000000	0.000000000000	0.000000000000	1.000000000000
0	8	66
0.756450872007	-0.115574375087	0.643758217083	-0.790796880612
0.192758274484	0.979942217440	-0.050571712413	-0.145289003167
-0.625001060685	0.162344739063	0.763556062016	1.002627897808
0.000000000000	0.000000000000	0.000000000000	1.000000000000
0	18	66
0.745122659832	-0.044272814872	0.665456339415	-0.116581061151
0.121359975737	0.990136177737	-0.070015040001	0.283257894797
-0.655792633455	0.132929558039	0.743145850090	-0.305115327183
0.000000000000	0.000000000000	0.000000000000	1.000000000000
0	19	66
0.752101322588	-0.041716135669	0.657725903843	-0.861363525072
0.359250356616	0.862636740867	-0.356085712403	1.151403949681
-0.552524010187	0.504100800764	0.663776770335	0.219462805034
0.000000000000	0.000000000000	0.000000000000	1.000000000000
0	21	66
-0.338926830297	0.376638385275	-0.862132316088	1.107230707035
-0.226965469731	0.856571419708	0.463435085518	-0.810259863943
0.913025344257	0.352744850674	-0.204831128172	2.553879241059
0.000000000000	0.000000000000	0.000000000000	1.000000000000
0	22	66
0.936279430918	0.081700907848	-0.341622289813	1.391404116261
-0.139406302243	0.979127145086	-0.147905093389	0.251276215109
0.322407676917	0.186104796854	0.928126227650	-0.124706502529
0.000000000000	0.000000000000	0.000000000000	1.000000000000
0	33	66
-0.072895859627	0.522511081758	-0.849510660963	0.725763966298
-0.391057252757	0.768594035049	0.506297772416	-0.090873869863
0.917475023483	0.369114316612	0.148304425278	0.456447840449
0.000000000000	0.000000000000	0.000000000000	1.000000000000
0	39	66
-0.887893208004	-0.150256975720	0.434820069025	-0.910248718632
-0.206237279366	-0.714861885974	-0.668160660756	1.785074877051
0.411232094783	-0.682931420591	0.603732423339	0.777695301140
0.000000000000	0.000000000000	0.000000000000	1.000000000000
0	44	66
0.893433038488	-0.127979137212	0.430579546862	1.256103611125
0.137116617828	0.990505512762	0.009892537780	-0.261159191344
-0.427757453300	0.050201291085	0.902498416353	0.023296585193
0.000000000000	0.000000000000	0.000000000000	1.000000000000
0	45	66
0.849671302204	-0.143392754830	0.507441815456	0.460206787897
0.277650595649	0.939772502769	-0.199343396615	-0.192693793800
-0.448295466123	0.310267885707	0.838310809994	-0.003572048780
0.000000000000	0.000000000000	0.000000000000	1.000000000000
0	50	66
0.690638697154	-0.137670795218	0.709975310935	-0.687110267634
0.157977786943	0.986724255831	0.037659816610	-0.425772624953
-0.705734517241	0.086151001727	0.703218882053	1.073979863145
0.000000000000	0.000000000000	0.000000000000	1.000000000000
0	51	66
0.795970599375	-0.039416096756	0.604050640466	-0.759837383289
0.051143578952	0.998688830956	-0.002225590890	-0.436964504189
-0.603170903860	0.032664816536	0.796942827622	1.393856401357
0.000000000000	0.000000000000	0.000000000000	1.000000000000
0	64	66
0.228906305065	0.204281762126	-0.951772486030	2.947651197016
-0.273393536787	0.951871704307	0.138550469440	-0.536274855549
0.934268632431	0.228493370148	0.273738748178	2.421378561016
0.000000000000	0.000000000000	0.000000000000	1.000000000000
1	8	66
0.854687420897	-0.081303890390	0.512736862307	-0.459376517794
0.127715552888	0.990235946550	-0.055870454718	-0.207299670052
-0.503187986851	0.113236246703	0.856725978549	0.860240440808
0.000000000000	0.000000000000	0.000000000000	1.000000000000
1	19	66
0.222377839301	-0.428176311494	0.875907040081	-0.525499794803
0.900270116179	0.435041321030	-0.015898644946	0.694135899816
-0.374248332666	0.792088439047	0.482217886671	0.970716359546
0.000000000000	0.000000000000	0.000000000000	1.000000000000
1	20	66
-0.206198731156	-0.185847743743	0.960699068083	-1.212387312977
-0.449420439919	-0.854130040923	-0.261692837839	0.846024762463
0.869196957802	-0.485718528922	0.092596755930	2.782228788900
0.000000000000	0.000000000000	0.000000000000	1.000000000000
1	21	66
-0.285427263186	-0.427878942038	0.857584333107	-1.127576442944
-0.331994971363	-0.795263730630	-0.507281911499	1.330804014830
0.899060963684	-0.429505773774	0.084936293037	2.384511511714
0.000000000000	0.000000000000	0.000000000000	1.000000000000
1	22	66
-0.261970341948	-0.232539957687	0.936641184242	-1.134032814681
-0.439309393392	-0.835417437997	-0.330280125298	1.359785298262
0.859289704824	-0.497998867839	0.116697604150	1.956870173974
0.000000000000	0.000000000000	0.000000000000	1.000000000000
1	33	66
-0.362035686639	0.506560669789	-0.782512906873	1.166495240162
-0.408458236368	0.668369549980	0.621646212731	-0.171074827186
0.837909321313	0.544681955349	-0.035064751160	0.628273073041
0.000000000000	0.000000000000	0.000000000000	1.000000000000
1	39	66
-0.982335491256	0.022981727248	0.185711665848	-0.221296379345
-0.155506948692	-0.652291386947	-0.741844684165	1.934475916750
0.104089247896	-0.757619816747	0.644342798318	0.668713406047
0.000000000000	0.000000000000	0.000000000000	1.000000000000
1	44	66
-0.114006249267	0.966634675663	-0.229390450835	0.787429521785
-0.938937556235	-0.029383029823	0.342830720691	-1.397108010325
0.324651876044	0.254468153930	0.910959449161	-0.348571276896
0.000000000000	0.000000000000	0.000000000000	1.000000000000
1	50	66
0.806547723918	-0.102197489853	0.582268359187	-0.453457683932
0.230064811295	0.961559374159	-0.149912483037	-0.109700540380
-0.544564919589	0.254871032160	0.799055570858	0.874666821696
0.000000000000	0.000000000000	0.000000000000	1.000000000000
1	51	66
0.860352285656	-0.023317262130	0.509166230079	-0.627648921245
0.084832853641	0.991570487664	-0.097935463120	-0.336944972478
-0.502590620197	0.127453023817	0.855078005337	1.233131749072
0.000000000000	0.000000000000	0.000000000000	1.000000000000
1	64	66
-0.940218831786	0.340139168012	-0.017143358444	0.395918182464
-0.339711136680	-0.933081780035	0.118130162879	-0.245697340202
0.024184539906	0.116891993524	0.992850124580	0.676421267079
0.000000000000	0.000000000000	0.000000000000	1.000000000000
2	4	66
0.629728584193	-0.364529728138	0.685973751360	-1.055133725370
0.697350510055	0.654352627200	-0.292446414583	0.850828348858
-0.342263314389	0.662526012003	0.666269545337	0.875334545330
0.000000000000	0.000000000000	0.000000000000	1.000000000000
2	21	66
-0.645208132986	-0.251406173545	0.721457830391	-1.643261311681
-0.212363201412	-0.848080694151	-0.485449283546	1.541323676478
0.733899404424	-0.466426920442	0.493799141426	1.734237011581
0.000000000000	0.000000000000	0.000000000000	1.000000000000
2	34	66
0.152318623861	0.453211455212	-0.878292897438	0.876622210494
-0.249440728736	0.877521913280	0.409554165600	-0.188139124234
0.956335903160	0.156699293480	0.246712325898	1.051176279544
0.000000000000	0.000000000000	0.000000000000	1.000000000000
2	43	66
0.811348580203	0.048035668703	-0.582585664031	1.116688183676
0.026104063872	0.992646569271	0.118200534536	-0.090173659656
0.583979502424	-0.111109689260	0.804128458458	0.591929658001
0.000000000000	0.000000000000	0.000000000000	1.000000000000
2	51	66
0.993014503894	-0.022206018321	0.115883941111	-0.763748623202
0.027029345241	0.998825280782	-0.040217819016	-0.162756180462
-0.114854732393	0.043069144650	0.992448204808	1.033007242707
0.000000000000	0.000000000000	0.000000000000	1.000000000000
3	8	66
0.923025737775	0.146578618056	-0.355722077097	-0.651052792943
-0.129331603732	0.988988854205	0.071933181035	-0.193290002063
0.362349035712	-0.020390070782	0.931819414550	0.497261453905
0.000000000000	0.000000000000	0.000000000000	1.000000000000
3	35	66
0.032567439103	0.424205396116	-0.904980189737	0.570593565091
-0.267521996046	0.876122164621	0.401051037017	-0.405135717823
0.963001216791	0.229040901515	0.142017329546	1.754408766114
0.000000000000	0.000000000000	0.000000000000	1.000000000000
3	36	66
0.429982788319	0.338793557684	-0.836859442810	0.631987882785
-0.175699899624	0.940600699065	0.290516557514	-0.356520455839
0.885575715013	0.022119000648	0.463968105358	1.549494866339
0.000000000000	0.000000000000	0.000000000000	1.000000000000
3	37	66
0.272809941981	0.559425757166	-0.782698893430	0.596012947459
-0.355993602635	0.814511778082	0.458081999480	-0.723259193163
0.893780336794	0.153666475150	0.421358901622	1.798097091859
0.000000000000	0.000000000000	0.000000000000	1.000000000000
3	41	66
0.810891102118	-0.085262914082	0.578952377997	0.878033617187
0.060650830716	0.996245954734	0.061769526543	-0.252384003120
-0.582045614398	-0.014974416785	0.813018246783	1.047456573042
0.000000000000	0.000000000000	0.000000000000	1.000000000000
3	42	66
-0.999329808316	0.006246560441	0.036068195032	-0.101076847556
-0.018596565750	-0.935340423711	-0.353259762092	1.489351925186
0.031529382368	-0.353693754898	0.934829730910	1.898694316220
0.000000000000	0.000000000000	0.000000000000	1.000000000000
4	6	66
0.828528738554	0.255420698705	-0.498297497548	1.011385430165
-0.200805570550	0.966243757364	0.161400508649	-0.237117870516
0.522701877007	-0.033664046534	0.851850620558	0.064163843510
0.000000000000	0.000000000000	0.000000000000	1.000000000000
4	7	66
-0.689901105634	0.702297564310	0.175540865924	-0.290237902216
-0.693883521736	-0.710661788629	0.116127001361	0.677139479276
0.206305895962	-0.041688767623	0.977599060937	0.173177621617
0.000000000000	0.000000000000	0.000000000000	1.000000000000
4	38	66
-0.255643736542	-0.444807700923	0.858366116040	-2.057305344722
-0.156970703464	0.895185183878	0.417137489107	-0.483407990304
-0.953942596921	-0.028099746697	-0.298670263024	4.705880282335
0.000000000000	0.000000000000	0.000000000000	1.000000000000
4	45	66
0.647196655010	0.099379285369	-0.755817601927	1.292099878946
-0.146916871944	0.989139691360	0.004254846093	-0.508060821057
0.748032033059	0.108288635676	0.654768393328	1.143670173948
0.000000000000	0.000000000000	0.000000000000	1.000000000000
4	49	66
0.837189394094	0.298386590424	-0.458344151344	0.570104626536
0.342712681727	0.366893307912	0.864833694067	-2.235756762806
0.426218179105	-0.881109949589	0.204898317552	1.532053160024
0.000000000000	0.000000000000	0.000000000000	1.000000000000
5	8	66
0.743308416862	-0.389411226764	-0.543922323399	-0.129781472687
0.149344792501	0.889178821752	-0.432501047283	1.423181915552
0.652064974043	0.240249702223	0.719090641163	0.596285016028
0.000000000000	0.000000000000	0.000000000000	1.000000000000
5	34	66
0.904146844868	0.192090384175	-0.381601581786	-0.246961627801
-0.035234393606	0.923701325566	0.381489709764	0.007746530094
0.425766391841	-0.331477217099	0.841929827315	0.657803152679
0.000000000000	0.000000000000	0.000000000000	1.000000000000
5	35	66
-0.110777593045	0.437791771195	-0.892225694515	0.209047688080
-0.121318099778	0.885080655272	0.449348586656	-0.119295928591
0.986412815988	0.158020880699	-0.044935038862	2.002674775945
0.000000000000	0.000000000000	0.000000000000	1.000000000000
5	36	66
0.237809720603	0.418425379824	-0.876565307496	0.305687864484
-0.061236431664	0.907118511731	0.416396571927	-0.156751541237
0.969379510937	-0.045345420879	0.241344477007	1.890007486233
0.000000000000	0.000000000000	0.000000000000	1.000000000000
5	41	66
0.774945796127	-0.454689961294	0.438994364614	0.427213998219
0.320826548407	0.881438831317	0.346606278772	0.035552120580
-0.544545075179	-0.127760031877	0.828943927750	1.159364750243
0.000000000000	0.000000000000	0.000000000000	1.000000000000
5	42	66
0.834527927063	-0.102374758881	0.541370988968	0.296452848007
0.139323602874	0.989862681012	-0.027582719629	-0.122481438046
-0.533059164290	0.098444306510	0.840331271513	1.146042011145
0.000000000000	0.000000000000	0.000000000000	1.000000000000
5	50	66
-0.126697296593	-0.847095121915	-0.516117863926	3.062748017147
0.237824489865	0.479194097657	-0.844874268037	2.932315235218
0.963009505174	-0.229788753420	0.140747368520	1.958529617255
0.000000000000	0.000000000000	0.000000000000	1.000000000000
6	34	66
-0.059783690562	0.532320634300	-0.844429187464	0.709259695010
-0.256011298223	0.809470804199	0.528408206154	-0.383424354425
0.964823364935	0.247773605227	0.087886944580	1.214707198717
0.000000000000	0.000000000000	0.000000000000	1.000000000000
6	40	66
0.488634137519	0.415077556114	-0.767429020862	0.749162359571
-0.185663119461	0.908907817003	0.373384234084	-0.284331675947
0.852505651432	-0.039965017207	0.521187981132	0.879964392866
0.000000000000	0.000000000000	0.000000000000	1.000000000000
6	43	66
0.617438614893	0.299423010480	-0.727403201556	1.084728779871
-0.127204895640	0.950556167402	0.283305289640	-0.506420474895
0.776265722136	-0.082394377285	0.624998156180	0.973822331005
0.000000000000	0.000000000000	0.000000000000	1.000000000000
6	50	66
0.998625772806	0.040882516709	0.032790024626	-0.557229528017
-0.038963991777	0.997604638871	-0.057155855764	-0.075806188271
-0.035048155904	0.055799680383	0.997826649492	0.671286656632
0.000000000000	0.000000000000	0.000000000000	1.000000000000
6	51	66
0.977629927808	0.191649353345	-0.086661696366	-0.887091140651
-0.183603737771	0.978599935230	0.092907665153	-0.323576821419
0.102612824398	-0.074917902601	0.991896121647	0.922618377392
0.000000000000	0.000000000000	0.000000000000	1.000000000000
7	34	66
-0.128235557298	0.291512100057	-0.947932664995	0.991568709710
-0.225287785830	0.922273219153	0.314097950946	-0.113617269518
0.965816263789	0.253836176999	-0.052594104675	1.193149889017
0.000000000000	0.000000000000	0.000000000000	1.000000000000
7	40	66
-0.928415542903	-0.060933570197	0.366512864331	-0.173237586630
-0.227900661189	-0.685692155085	-0.691294117640	1.156736560165
0.293438014454	-0.725336727650	0.622720453491	1.784259588111
0.000000000000	0.000000000000	0.000000000000	1.000000000000
7	43	66
0.444076150720	0.062470284672	-0.893808612565	1.436152205854
-0.001865932277	0.997628765918	0.068799445559	-0.041369350558
0.895987104069	-0.028884406616	0.443139707537	1.157496233822
0.000000000000	0.000000000000	0.000000000000	1.000000000000
8	9	66
0.998514370083	0.035023760359	0.041741932733	-0.590224207065
-0.026900103800	0.983050294774	-0.181351874433	-0.130414762850
-0.047386043868	0.179959590339	0.982531988635	0.320202750271
0.000000000000	0.000000000000	0.000000000000	1.000000000000
8	10	66
0.995766794365	-0.080764611511	-0.043881303171	-0.341856783004
0.083791685386	0.993864826824	0.072191824067	-0.498256877540
0.037781539152	-0.075563109581	0.996424995557	1.598992942203
0.000000000000	0.000000000000	0.000000000000	1.000000000000
8	34	66
-0.911513907254	0.193190310991	-0.363070104280	1.104764107948
0.101135947570	-0.750401427706	-0.653199217243	1.802929607615
-0.398640084528	-0.632119609755	0.664462852213	0.548378802573
0.000000000000	0.000000000000	0.000000000000	1.000000000000
8	35	66
0.364669475041	0.452482389758	-0.813803330622	1.563236780676
-0.210132954036	0.891434030545	0.401484135197	-0.347814929692
0.907116484031	0.024597889048	0.420160241162	0.756956937011
0.000000000000	0.000000000000	0.000000000000	1.000000000000
8	36	66
0.665931490157	0.306036893786	-0.680350402410	1.622735055849
-0.171814884637	0.950382865193	0.259330011694	-0.203667951591
0.725957916021	-0.055801695227	0.685471571238	0.599306828510
0.000000000000	0.000000000000	0.000000000000	1.000000000000
8	52	66
0.985065010388	-0.115566413390	0.127637492160	-0.860078475989
0.117159829415	0.993100374342	-0.005022036781	-0.178711075306
-0.126176462465	0.019901019522	0.991808171847	0.552186063431
0.000000000000	0.000000000000	0.000000000000	1.000000000000
8	53	66
0.983697463774	-0.065463963008	0.167492594798	-1.069425958539
0.066444615509	0.997790083069	-0.000251394216	-0.345320646117
-0.167105992815	0.011376276914	0.985873301945	0.884810609720
0.000000000000	0.000000000000	0.000000000000	1.000000000000
8	55	66
-0.783975391087	-0.539564872647	0.307005430531	-1.480474323264
-0.378575569173	0.807472856461	0.452402613282	-1.486832042093
-0.491999110360	0.238447760074	-0.837304927204	4.398416737986
0.000000000000	0.000000000000	0.000000000000	1.000000000000
9	12	66
0.857180914348	0.016265383675	-0.514758503933	-0.214753852872
-0.050248701162	0.997373777327	-0.052159527712	-0.304819550890
0.512558238748	0.070576097890	0.855747080800	1.182190079858
0.000000000000	0.000000000000	0.000000000000	1.000000000000
9	36	66
0.648498454956	0.336531634579	-0.682785627300	2.102951130558
-0.017300284829	0.903251214586	0.428763272091	-0.160897158337
0.761019351965	-0.266239933664	0.591579110228	0.458029522522
0.000000000000	0.000000000000	0.000000000000	1.000000000000
9	37	66
0.674302235468	0.198442881260	-0.711292427993	2.384458993211
-0.031939218507	0.970152329208	0.240383744155	0.411048774350
0.737764448564	-0.139373171773	0.660513994875	0.451187883557
0.000000000000	0.000000000000	0.000000000000	1.000000000000
9	38	66
0.906802785182	0.077608939613	-0.414349564110	1.669482432627
0.105386306926	0.909962355820	0.401076348470	-0.121634210248
0.408169615599	-0.407363920201	0.816977479139	0.124831210861
0.000000000000	0.000000000000	0.000000000000	1.000000000000
9	39	66
0.965884619265	-0.245175959104	-0.083400547634	1.859920969591
0.257753883778	0.941331678726	0.217847667016	0.567893517314
0.025096566812	-0.231912525975	0.972412845776	0.172729190349
0.000000000000	0.000000000000	0.000000000000	1.000000000000
9	50	66
0.995204092483	-0.044865910368	0.086924475214	0.486312365869
0.032990254280	0.990494911469	0.133534540391	0.069807645771
-0.092089399101	-0.130026460545	0.987224727269	-0.313231353795
0.000000000000	0.000000000000	0.000000000000	1.000000000000
9	54	66
0.999673239372	-0.012207874449	-0.022458456857	-0.585232048162
0.011396616568	0.999290306779	-0.035902644871	-0.121541551758
0.022880813224	0.035634962878	0.999102906515	0.926938131114
0.000000000000	0.000000000000	0.000000000000	1.000000000000
9	56	66
0.741638582372	0.142512872266	-0.655486303728	-0.448360655491
0.047945093469	0.963410545584	0.263707012933	-0.038638562922
0.669084061348	-0.227002647333	0.707669638288	0.872365988482
0.000000000000	0.000000000000	0.000000000000	1.000000000000
10	13	66
0.847059214444	-0.151270636914	0.509517302585	-3.084091276402
0.191811488853	0.981043071863	-0.027619628769	-0.488665649041
-0.495680380860	0.121126733454	0.860017019874	1.002261036032
0.000000000000	0.000000000000	0.000000000000	1.000000000000
10	37	66
0.808558113854	0.343451096492	-0.477781457195	2.037363438083
-0.319229923824	0.938136252707	0.134136598633	0.440544271332
0.494293467746	0.044064902995	0.868177546397	-0.233882122742
0.000000000000	0.000000000000	0.000000000000	1.000000000000
10	39	66
-0.990774843357	-0.055638756502	0.123569974289	0.026584141987
0.073150880632	0.548011034132	0.833266377056	-2.221803660664
-0.114079614452	0.834618616641	-0.538885522465	4.623922484393
0.000000000000	0.000000000000	0.000000000000	1.000000000000
10	56	66
0.656595179540	0.234787020141	-0.716769018148	0.124949205793
-0.164950236473	0.972010647332	0.167292321883	-0.080965307967
0.735985183065	0.008387886917	0.676945679993	0.435334274931
0.000000000000	0.000000000000	0.000000000000	1.000000000000
11	13	66
0.420435663143	0.133399682670	-0.897462187405	1.102328577287
-0.135188288158	0.987301856077	0.083421650261	-0.320164565375
0.897194505056	0.086252939954	0.433130985322	1.264347821024
0.000000000000	0.000000000000	0.000000000000	1.000000000000
11	51	66
0.995307959706	0.000700496479	0.096755230615	0.492307163370
0.006246043918	0.997422947056	-0.071473432979	0.544904399855
-0.096555954151	0.071742414171	0.992738623066	-1.090085140898
0.000000000000	0.000000000000	0.000000000000	1.000000000000
11	56	66
0.782880116294	0.244455762117	-0.572136438168	0.557448961134
-0.113420221195	0.960243795842	0.255083723453	-0.186515765200
0.611747151146	-0.134808133711	0.779482001171	0.637544976146
0.000000000000	0.000000000000	0.000000000000	1.000000000000
12	14	66
0.730227239482	0.031100544491	-0.682496106107	0.293017580009
0.028535432232	0.996703253013	0.075949684265	0.039355035590
0.682608165660	-0.074935849665	0.726932397551	0.259350964070
0.000000000000	0.000000000000	0.000000000000	1.000000000000
12	15	66
0.337517141404	0.312461599877	-0.887947029873	0.401030074535
0.086178324182	0.929082117723	0.359693918449	-0.008243108565
0.937366244165	-0.197924650132	0.286653723455	0.680192715550
0.000000000000	0.000000000000	0.000000000000	1.000000000000
12	51	66
0.896829078898	-0.130923289933	0.422559694477	-0.148447988012
0.021312110415	0.966880035901	0.254339910605	0.121225029695
-0.441863550424	-0.219093788889	0.869916383612	-1.368578207359
0.000000000000	0.000000000000	0.000000000000	1.000000000000
12	52	66
0.807154796627	-0.203009853348	0.554335759018	-0.510684822714
0.066535889662	0.964312289577	0.256270918282	0.128189300449
-0.586578306511	-0.169967078030	0.791856731181	-0.794372748837
0.000000000000	0.000000000000	0.000000000000	1.000000000000
12	57	66
0.734966137091	0.291887768591	-0.612067241304	-0.288807433167
0.011092845227	0.897319781971	0.441241609176	0.059967051805
0.678013072230	-0.331087208196	0.656261788050	0.144291316108
0.000000000000	0.000000000000	0.000000000000	1.000000000000
13	53	66
0.281035834068	-0.200558176471	0.938506940742	-1.054019034779
0.190505220014	0.970117380396	0.150266527878	0.063459975558
-0.940599075652	0.136560192236	0.310845126678	0.092962138788
0.000000000000	0.000000000000	0.000000000000	1.000000000000
13	58	66
-0.804119033982	-0.234629694767	0.546206449542	-0.932545935649
-0.203370071192	-0.754799876613	-0.623632712747	2.315346320213
0.558599313758	-0.612556979063	0.559232289904	0.279754043282
0.000000000000	0.000000000000	0.000000000000	1.000000000000
14	18	66
0.538421322393	0.260811921491	-0.801298709097	0.576182481373
-0.073496017266	0.961808644904	0.263671132349	-0.023432679173
0.839464600230	-0.083073895997	0.537026919963	0.229318719064
0.000000000000	0.000000000000	0.000000000000	1.000000000000
14	55	66
0.463236493732	-0.152831869803	0.872957255796	-0.872478207931
0.103446910224	0.987609408354	0.118010140646	-0.023079162855
-0.880176509366	0.035638127092	0.473306704218	0.216305948549
0.000000000000	0.000000000000	0.000000000000	1.000000000000
14	61	66
0.818986470073	-0.360250942600	-0.446632309840	1.689318710918
0.105458706479	-0.670602291590	0.734282662019	-1.435350015379
-0.564038671604	-0.648468831070	-0.511222605198	2.921346677022
0.000000000000	0.000000000000	0.000000000000	1.000000000000
14	62	66
-0.284205347241	0.539856201300	-0.792327332936	-0.238760167194
-0.055187718700	0.815823763146	0.575661274701	-0.495338687778
0.957173775395	0.207332750438	-0.202068043717	2.873750055870
0.000000000000	0.000000000000	0.000000000000	1.000000000000
14	63	66
-0.346147005000	0.374047767802	-0.860389747924	0.224739771587
-0.200715698743	0.866324433637	0.457378600245	-0.341543868858
0.916458105539	0.331013962072	-0.224798348983	2.626656007654
0.000000000000	0.000000000000	0.000000000000	1.000000000000
15	16	66
0.979152093486	0.014711761788	-0.202595019402	0.211037386403
-0.077596881392	0.948822153681	-0.306129457390	0.036488773823
0.187722938980	0.315468040773	0.930182784958	-0.040984542380
0.000000000000	0.000000000000	0.000000000000	1.000000000000
15	17	66
0.941332161440	-0.059024474132	-0.332279811744	0.454642802219
-0.083371897710	0.913397484576	-0.398439658974	0.060678509376
0.327021235567	0.402766863861	0.854889445989	-0.134054464465
0.000000000000	0.000000000000	0.000000000000	1.000000000000
15	19	66
0.682526396259	0.209815072683	-0.700096674527	0.225660576619
-0.257405526718	0.965539329605	0.038421319612	0.092139654229
0.684032245749	0.153985188446	0.713013638379	-0.239039138516
0.000000000000	0.000000000000	0.000000000000	1.000000000000
15	55	66
0.175663408676	-0.184815570480	0.966946519597	-0.870046392171
0.428342151231	0.898718393124	0.093958774679	-0.133423227954
-0.886377666873	0.397678833694	0.237036235417	0.286969982962
0.000000000000	0.000000000000	0.000000000000	1.000000000000
15	60	66
0.071172827633	0.800620086983	0.594930168109	-0.126971700382
-0.561531228261	-0.460790618120	0.687280645691	-1.544852904787
0.824388930236	-0.382987574959	0.416777409575	0.936443281267
0.000000000000	0.000000000000	0.000000000000	1.000000000000
15	61	66
0.420958724744	0.441891457133	-0.792165192479	0.430312070088
-0.295195253396	0.892512472527	0.341000364746	-0.971668812166
0.857702462649	0.090296326044	0.506155172915	2.580896106040
0.000000000000	0.000000000000	0.000000000000	1.000000000000
15	63	66
-0.193453031278	0.442858268183	-0.875472717446	0.721263645295
-0.377493530972	0.790035939369	0.483054705576	-1.080436867226
0.905579681068	0.423933684445	0.014341284087	2.627805044129
0.000000000000	0.000000000000	0.000000000000	1.000000000000
15	64	66
-0.183956370979	0.481409441865	-0.856974330339	0.321466705393
-0.301458758899	0.802205460622	0.515353292055	-0.856582295736
0.935565428102	0.353144939410	-0.002445712448	2.158397168101
0.000000000000	0.000000000000	0.000000000000	1.000000000000
16	18	66
0.889655727798	0.154373280243	-0.429745943952	0.271632603904
-0.024282985888	0.955783755061	0.293066119088	-0.088576898989
0.455985770165	-0.250292436778	0.854067136412	0.076199594418
0.000000000000	0.000000000000	0.000000000000	1.000000000000
16	19	66
0.826663069881	0.153108268329	-0.541466552119	-0.111430810808
-0.018724877924	0.969221954206	0.245475421237	0.000356756553
0.562385586445	-0.192786570212	0.804086929694	-0.170051253506
0.000000000000	0.000000000000	0.000000000000	1.000000000000
16	57	66
0.735812492425	-0.486459108990	0.471102442440	-0.666073919163
0.343043487672	0.867572262021	0.360054906560	0.243291555025
-0.583867400663	-0.103324273300	0.805247137834	0.573831980417
0.000000000000	0.000000000000	0.000000000000	1.000000000000
16	58	66
0.996840075802	-0.028246496199	0.074242836206	-0.280482436519
-0.002299522479	0.923987331053	0.382416166302	-0.184669782242
-0.079401356864	-0.381378483275	0.921002647674	1.352467807986
0.000000000000	0.000000000000	0.000000000000	1.000000000000
16	61	66
0.917922072543	-0.084502377208	0.387657602770	-0.326036399544
-0.092273768075	0.904798768004	0.415721951722	-0.431927778739
-0.385881614572	-0.417370983257	0.822737407604	1.057291605415
0.000000000000	0.000000000000	0.000000000000	1.000000000000
16	62	66
0.421385162114	0.187443409150	-0.887298998938	1.329782290092
0.177453574788	0.942450336274	0.283368298247	0.328304189553
0.889350759793	-0.276861575562	0.363872084712	2.389475514995
0.000000000000	0.000000000000	0.000000000000	1.000000000000
16	63	66
-0.982173635631	-0.037761082811	0.184144101443	-2.181268588497
-0.063001065359	-0.856830748110	-0.511734242412	1.675533733223
0.177103967305	-0.514213155917	0.839177582546	0.141648925688
0.000000000000	0.000000000000	0.000000000000	1.000000000000
16	64	66
0.143533469118	0.459432568167	-0.876538566494	1.491228044808
0.112839704779	0.872335829042	0.475707265443	-0.239666331508
0.983191407747	-0.167188267164	0.073367152420	2.694955625869
0.000000000000	0.000000000000	0.000000000000	1.000000000000
17	20	66
0.830294161613	0.297311386485	-0.471399559460	-0.660395825588
-0.056300902444	0.886242412913	0.459787553048	-0.023243531974
0.554474357907	-0.355218700269	0.752580800581	-0.226078438757
0.000000000000	0.000000000000	0.000000000000	1.000000000000
17	57	66
0.711165968044	-0.313826971885	0.629091088486	-0.807739215282
0.062713891442	0.919587568425	0.387847485254	0.135736778158
-0.700221346230	-0.236371182073	0.673660693947	0.794568401257
0.000000000000	0.000000000000	0.000000000000	1.000000000000
17	58	66
-0.339755155284	0.048776667257	-0.939248247903	0.504830142674
-0.598837577671	-0.781282130100	0.176044848705	0.687015586362
-0.725230990807	0.622269290515	0.294653932700	1.823919118927
0.000000000000	0.000000000000	0.000000000000	1.000000000000
17	61	66
-0.320315832249	0.941845733223	0.101608968203	-1.988319934739
-0.789002960294	-0.324610350129	0.521634401891	-0.488022444162
0.524282458469	0.086917980867	0.847096906112	2.128072734230
0.000000000000	0.000000000000	0.000000000000	1.000000000000
17	62	66
0.479154305575	0.534866834380	-0.695937224848	1.150581700814
-0.022394079006	0.800073892066	0.599483337933	-0.211773973670
0.877444959342	-0.271660149294	0.395336700309	2.510431557966
0.000000000000	0.000000000000	0.000000000000	1.000000000000
17	63	66
0.165651267549	0.518154978257	-0.839091816231	1.228028029878
0.057071138074	0.844384037279	0.532689856096	-0.000743570107
0.984531636241	-0.136128674774	0.110301591765	2.741340595836
0.000000000000	0.000000000000	0.000000000000	1.000000000000
17	65	66
0.049961203862	0.201554995867	-0.978202157915	0.312582395052
0.008074254672	0.979311786963	0.202196019563	0.467644634848
0.998718521166	-0.018000209897	0.047300189465	2.090477257339
0.000000000000	0.000000000000	0.000000000000	1.000000000000
18	21	66
0.938166879805	0.089995916645	-0.334280781117	-0.633480018225
-0.056815506059	0.992551802338	0.107763249520	0.196193114675
0.341489244206	-0.082107579815	0.936292390992	-0.490308009948
0.000000000000	0.000000000000	0.000000000000	1.000000000000
18	34	66
0.885353435627	-0.249587328816	0.392244132292	-0.944282083565
0.181172706585	0.962203946770	0.203322441478	0.263524173253
-0.428165557246	-0.108948291014	0.897108981938	-0.762410138143
0.000000000000	0.000000000000	0.000000000000	1.000000000000
18	56	66
0.938516932523	0.021962067524	-0.344533938760	0.367428908899
0.020166141744	0.992782969278	0.118217184191	-0.122496599512
0.344643720521	-0.117896749323	0.931300736822	0.728359296366
0.000000000000	0.000000000000	0.000000000000	1.000000000000
18	57	66
0.487520769887	-0.377370693118	0.787346720895	-0.530842068330
0.296060498876	0.919795918033	0.257533784531	-0.290563476242
-0.821384002726	0.107549194070	0.560144169764	0.930726074605
0.000000000000	0.000000000000	0.000000000000	1.000000000000
18	58	66
0.761957324928	-0.309671467893	0.568792244112	-0.072923835451
0.186725939220	0.946021277699	0.264909731348	-0.641940828708
-0.620124550886	-0.095641644243	0.778651537772	1.347219971214
0.000000000000	0.000000000000	0.000000000000	1.000000000000
18	61	66
0.881078788002	0.263237336590	-0.392945637408	1.623891683148
-0.175256741960	0.953370527153	0.245702487480	-0.741013372135
0.439300857876	-0.147616877699	0.886128666553	2.022446699852
0.000000000000	0.000000000000	0.000000000000	1.000000000000
18	65	66
0.638441376105	0.273884573374	-0.719291213449	1.499636662068
-0.155719624713	0.961182024630	0.227772943975	-0.603286296836
0.753753280429	-0.033411913973	0.656307577472	1.675269436651
0.000000000000	0.000000000000	0.000000000000	1.000000000000
19	22	66
0.999600317865	0.026327632004	-0.010298559017	-1.406850293141
-0.025890428466	0.998843955543	0.040502323262	0.120679055146
0.011352983687	-0.040219501101	0.999126369131	-0.276562067145
0.000000000000	0.000000000000	0.000000000000	1.000000000000
19	23	66
0.995869608511	0.027821100793	-0.086427479393	-1.696100215589
-0.044643835183	0.978921611169	-0.199297283390	-0.010786601038
0.079061057568	0.202332561733	0.976120322316	-0.204957456437
0.000000000000	0.000000000000	0.000000000000	1.000000000000
19	24	66
0.955160372652	0.179528072895	-0.235453463677	-1.701944634731
-0.133546989536	0.970946106955	0.198567013814	-0.322470580402
0.264260977256	-0.158219241661	0.951384679017	0.124319542500
0.000000000000	0.000000000000	0.000000000000	1.000000000000
19	33	66
0.960510966451	0.110748508233	0.255251740939	-2.735805333113
-0.146672633819	0.981095187448	0.126251224374	0.220307694469
-0.236444119861	-0.158704130669	0.958596462069	0.646675931461
0.000000000000	0.000000000000	0.000000000000	1.000000000000
19	34	66
0.656432753904	-0.303432745968	0.690669681017	-1.392691270683
0.226590755220	0.952571491283	0.203135874830	0.351719830734
-0.719550324335	0.023154322898	0.694054182381	-0.294360273609
0.000000000000	0.000000000000	0.000000000000	1.000000000000
19	62	66
0.873976382908	0.221822531824	-0.432388767771	2.444751836532
-0.108113116708	0.956199193036	0.272019589796	-0.564671297278
0.473789864935	-0.190991799857	0.859677437340	1.321871113164
0.000000000000	0.000000000000	0.000000000000	1.000000000000
20	24	66
0.975414262748	-0.127940817426	-0.179438466511	-1.173825869983
0.137428060026	0.989645126782	0.041425250193	-0.506418221704
0.172280423568	-0.065066660223	0.982896630060	0.314394090491
0.000000000000	0.000000000000	0.000000000000	1.000000000000
20	25	66
0.999909987476	0.007213473130	0.011312946157	-0.139722450159
-0.008407142407	0.993974495015	0.109288714951	-0.330316971657
-0.010456428735	-0.109373987147	0.993945669558	0.299171397580
0.000000000000	0.000000000000	0.000000000000	1.000000000000
20	32	66
0.992479396697	0.115500989545	-0.040548348260	-0.365069540318
-0.096055249172	0.940156793530	0.326922915511	-0.329179025837
0.075881725329	-0.320569376257	0.944180723573	0.339571371698
0.000000000000	0.000000000000	0.000000000000	1.000000000000
20	33	66
0.934261507746	-0.161971701123	0.317680032706	-2.216473535549
0.084982664148	0.966352330330	0.242777924163	-0.407418928257
-0.346313993276	-0.199820773950	0.916590571825	1.096656325628
0.000000000000	0.000000000000	0.000000000000	1.000000000000
20	35	66
0.054660851105	-0.443453363843	0.894629144089	-2.278074190047
0.328385174768	0.854112183565	0.403305783343	-0.202355963267
-0.942960958020	0.271737910461	0.192310009280	0.765748501263
0.000000000000	0.000000000000	0.000000000000	1.000000000000
20	63	66
0.704336954114	-0.158447516334	0.691956530165	-1.648874872330
0.249823274538	0.967739290615	-0.032695518015	0.067584105347
-0.664452998014	0.195895507776	0.721198421701	1.194234503440
0.000000000000	0.000000000000	0.000000000000	1.000000000000
21	25	66
0.978093853311	0.162844243538	-0.129669450763	0.292947208914
-0.158605708828	0.986429483616	0.042439403626	-0.040348516196
0.134820781936	-0.020943404673	0.990648641325	-0.191873120364
0.000000000000	0.000000000000	0.000000000000	1.000000000000
21	32	66
0.983518193855	0.161994351063	-0.080310600666	0.042092045734
-0.142392813105	0.967684826584	0.208111420097	-0.210610407803
0.111428224125	-0.193245715664	0.974802464218	0.454329689272
0.000000000000	0.000000000000	0.000000000000	1.000000000000
21	35	66
0.095917194416	-0.394505791003	0.913873663413	-1.968320374747
0.403675782729	0.854635142338	0.326564903074	-0.178813149527
-0.909860293811	0.337585477096	0.241226639077	0.878191231945
0.000000000000	0.000000000000	0.000000000000	1.000000000000
21	47	66
-0.692752575292	-0.428895845402	0.579777736053	-1.759590249120
-0.273205171560	-0.587936837228	-0.761373239393	1.485632862605
0.667422507606	-0.685841548193	0.290118195074	1.773034806358
0.000000000000	0.000000000000	0.000000000000	1.000000000000
21	48	66
-0.795987904852	-0.404265599757	0.450524783096	-1.851108182493
-0.262830377220	-0.439633119795	-0.858861404878	1.582254806921
0.545273736888	-0.802054888915	0.243689365848	1.283497727546
0.000000000000	0.000000000000	0.000000000000	1.000000000000
21	63	66
0.860979091643	0.225986498470	-0.455680925938	2.048372657421
-0.222691493796	0.972931587347	0.061746456848	-0.554050616298
0.457300232173	0.048313857763	0.887999025226	1.270273787032
0.000000000000	0.000000000000	0.000000000000	1.000000000000
21	64	66
-0.949266743616	0.221300532433	-0.223424984748	1.475116130463
-0.070622234981	0.542309190881	0.837205614776	-1.858004701593
0.306439471007	0.810510219449	-0.499167341457	3.641329743496
0.000000000000	0.000000000000	0.000000000000	1.000000000000
21	65	66
0.804442217322	0.180732197248	-0.565869765819	2.058927675546
-0.169820655606	0.982806038817	0.072479203871	-0.696830883934
0.569239548801	0.037791043147	0.821302729289	1.535660216542
0.000000000000	0.000000000000	0.000000000000	1.000000000000
22	25	66
0.341639381811	0.834711704455	-0.431901497152	1.466520124665
-0.654901755478	0.541044902918	0.527611697841	-1.498565162254
0.674081763192	0.102600114392	0.731496406730	1.058483246209
0.000000000000	0.000000000000	0.000000000000	1.000000000000
22	26	66
-0.307084188917	0.181502918330	-0.934214103702	1.547354154000
-0.250231376704	0.931704834491	0.263268607126	-0.960368791018
0.918195817367	0.314615307992	-0.240694098281	2.862731543378
0.000000000000	0.000000000000	0.000000000000	1.000000000000
22	27	66
-0.557179930943	-0.253053799458	0.790894619488	-1.037401774322
-0.301466443101	-0.825811124373	-0.476606725242	1.443970443419
0.773736717649	-0.503983890062	0.383838156414	1.958086691567
0.000000000000	0.000000000000	0.000000000000	1.000000000000
22	32	66
0.624704083816	0.251488632017	-0.739255216843	2.722705786236
-0.104575626186	0.965133845341	0.239959577817	-0.029150651426
0.773827336084	-0.072595651001	0.629222635785	1.043225187895
0.000000000000	0.000000000000	0.000000000000	1.000000000000
22	35	66
0.078291520119	-0.401882935803	0.912337954811	-1.438422814731
0.306522193448	0.880520332887	0.361563394573	-0.139364655607
-0.948638278166	0.251344483294	0.192123314349	0.861254763040
0.000000000000	0.000000000000	0.000000000000	1.000000000000
22	48	66
0.921551856913	0.245956149195	-0.300412629052	-0.208805332176
-0.118912973551	0.915367949385	0.384657278575	0.059751589923
0.369596915223	-0.318758670333	0.872806410578	0.390813805323
0.000000000000	0.000000000000	0.000000000000	1.000000000000
22	64	66
0.693708491948	0.393682386858	-0.603144018023	3.260807188734
-0.417168629557	0.902255750402	0.109109556773	-0.391984583258
0.587144669322	0.175922537339	0.790134417769	1.384152758127
0.000000000000	0.000000000000	0.000000000000	1.000000000000
23	26	66
-0.988386115807	0.096007893129	0.117793762722	0.473422686434
0.144733540516	0.830983640180	0.537139080688	-1.005048076348
-0.046315098283	0.547949517939	-0.835228254707	5.046529326646
0.000000000000	0.000000000000	0.000000000000	1.000000000000
23	28	66
0.973346628998	0.098251103925	-0.207227074474	-0.343521188556
0.008043840177	0.888402888353	0.458994122621	0.158851872283
0.229197810750	-0.448427283451	0.863933640394	0.724093035301
0.000000000000	0.000000000000	0.000000000000	1.000000000000
23	31	66
-0.447768751318	-0.433105437107	0.782254962075	-0.605075002420
-0.752804302348	0.654676658830	-0.068440885080	1.767627942585
-0.482481945476	-0.619530590635	-0.619187386465	3.226996046061
0.000000000000	0.000000000000	0.000000000000	1.000000000000
23	34	66
0.439478507317	-0.448196654134	0.778446145106	-0.894234389510
0.115632157002	0.887640165921	0.445784858548	0.024510395447
-0.890779347467	-0.105899457350	0.441924721032	1.007683617846
0.000000000000	0.000000000000	0.000000000000	1.000000000000
23	64	66
0.634562962098	0.273585742793	-0.722828256554	0.777999088911
0.092625865816	0.901589069953	0.422560762404	-0.019618578190
0.767300655620	-0.335094002157	0.546773914524	2.216179728298
0.000000000000	0.000000000000	0.000000000000	1.000000000000
24	28	66
0.931125449090	0.094350525554	-0.352283091257	-0.542402187556
-0.032008053439	0.983369949118	0.178770880420	-0.032485964371
0.363291732046	-0.155182220304	0.918660762158	0.549005249651
0.000000000000	0.000000000000	0.000000000000	1.000000000000
24	29	66
0.663442649878	0.382867176863	-0.642850352107	-0.327269289980
-0.208348370182	0.919714965143	0.332739146382	-0.083323652845
0.718633986787	-0.086816517861	0.689947885902	0.439156029971
0.000000000000	0.000000000000	0.000000000000	1.000000000000
24	31	66
0.638286670578	0.400590187824	-0.657356545249	-0.323824886005
-0.176446786826	0.907331835170	0.381595954258	-0.111485679094
0.749304115551	-0.127579160941	0.649820667655	0.429006462153
0.000000000000	0.000000000000	0.000000000000	1.000000000000
24	34	66
0.438568602708	-0.430275589064	0.788999681986	-0.432434469112
0.359448900468	0.888638653003	0.284811924508	-0.002276519639
-0.823683233210	0.158695500393	0.544391099747	0.618900696768
0.000000000000	0.000000000000	0.000000000000	1.000000000000
24	65	66
0.803237875804	0.141247598783	-0.578669189358	3.505023452387
-0.059503285714	0.985645997126	0.157991541982	-0.349550550894
0.592678896084	-0.092472072469	0.800112893253	1.026816367344
0.000000000000	0.000000000000	0.000000000000	1.000000000000
25	29	66
0.748313474979	0.335661074919	-0.572152589743	-0.020499516062
-0.192671587454	0.935323896140	0.296726926142	0.050172610493
0.634747668411	-0.111807209489	0.764587827102	-0.022703449925
0.000000000000	0.000000000000	0.000000000000	1.000000000000
25	31	66
