0	11	37
0.821499131959	0.152053994576	-0.549562333975	-0.839537898771
0.090245898467	0.916971617472	0.388611284653	-0.054568664255
0.563022960456	-0.368839579605	0.739569138428	1.006687266940
0.000000000000	0.000000000000	0.000000000000	1.000000000000
0	27	37
-0.768988353186	0.186247997767	-0.611529717996	1.364631065835
-0.244487318829	-0.969576444459	0.012143693103	0.400895849146
-0.590663071130	0.158849619698	0.791128266924	-0.335850853990
0.000000000000	0.000000000000	0.000000000000	1.000000000000
1	11	37
0.648039915520	0.381669213887	-0.659069707287	1.054203949534
-0.036578978275	0.879966881133	0.473624604995	0.398436326281
0.760727445437	-0.282819552505	0.584214733193	-0.196678602767
0.000000000000	0.000000000000	0.000000000000	1.000000000000
1	12	37
0.911540756422	-0.026798641540	-0.410335572665	-0.880445046157
0.150196151844	0.950626853609	0.271568962085	0.016974260471
0.382798335098	-0.309177001098	0.870560174048	0.442477771048
0.000000000000	0.000000000000	0.000000000000	1.000000000000
1	13	37
0.954566025361	-0.104734736325	-0.278988061096	-0.770591239130
0.188892768306	0.936754649402	0.294635790266	0.041851656715
0.230484761554	-0.333948142428	0.913977796700	0.269079689645
0.000000000000	0.000000000000	0.000000000000	1.000000000000
3	5	37
0.792475647722	-0.247646568262	0.557363010072	-0.185272834658
0.248844871122	0.965617538472	0.075226321937	0.099197508683
-0.556829038292	0.079081898207	0.826853962615	-0.206551784860
0.000000000000	0.000000000000	0.000000000000	1.000000000000
5	7	37
0.245159263488	-0.507269188571	0.826180915934	-0.240447261007
0.560549786229	0.769467329683	0.306111034934	0.178195392203
-0.790999919522	0.388069579943	0.472991679037	-0.144492397442
0.000000000000	0.000000000000	0.000000000000	1.000000000000
8	14	37
0.110296249530	-0.418181628364	0.901642314357	-0.254346865002
0.480723504143	0.816450883603	0.319863826070	-0.276550925387
-0.869907839891	0.398160872466	0.291081208142	0.647728496414
0.000000000000	0.000000000000	0.000000000000	1.000000000000
8	16	37
0.925537456897	-0.220388560125	0.307911185973	0.592757424202
0.208787997836	0.975411622338	0.070567265556	-0.569162342613
-0.315892367493	-0.001024487472	0.948794478581	1.024970747952
0.000000000000	0.000000000000	0.000000000000	1.000000000000
9	10	37
0.879090926776	-0.309831924969	0.362219989413	-0.161763260087
0.051985598269	0.817710260060	0.573277793191	0.196153319890
-0.473810763948	-0.485133083661	0.734948468332	0.076785885564
0.000000000000	0.000000000000	0.000000000000	1.000000000000
9	15	37
0.980716560319	-0.192676133887	-0.032725154652	0.068264850558
0.156219135439	0.672240533901	0.723663075128	0.254247355919
-0.117433428117	-0.714820657236	0.689377123170	0.869925528137
0.000000000000	0.000000000000	0.000000000000	1.000000000000
9	16	37
0.995678418705	-0.077449556364	0.051245026521	0.291664782342
0.032806853808	0.809564949413	0.586112875669	0.259868613351
-0.086880359503	-0.581898753136	0.808607224944	1.372655722330
0.000000000000	0.000000000000	0.000000000000	1.000000000000
10	11	37
0.680345994165	-0.300083309024	0.668639914953	-0.161785101627
0.373461910887	0.926946315850	0.036010118696	-0.155234489240
-0.630599341373	0.225212200329	0.742713898808	0.202674040940
0.000000000000	0.000000000000	0.000000000000	1.000000000000
10	13	37
0.180245223883	-0.068339549744	0.981244803914	-0.657479999577
0.604867692543	0.794369708015	-0.055783882134	0.043253716816
-0.775658902988	0.603578058688	0.184517731631	0.067953238260
0.000000000000	0.000000000000	0.000000000000	1.000000000000
10	17	37
0.818237930897	0.373737113030	-0.436814902201	1.207296665055
-0.397572751505	0.916715384976	0.039608208857	0.257937036505
0.415237998866	0.141256763705	0.898678992191	0.637022425706
0.000000000000	0.000000000000	0.000000000000	1.000000000000
11	14	37
0.994801926970	0.051689970885	-0.087734104010	-0.309535988465
-0.047318616341	0.997567042901	0.051195150809	0.068603289217
0.090166926553	-0.046777578269	0.994827514460	-0.112267100357
0.000000000000	0.000000000000	0.000000000000	1.000000000000
11	27	37
0.951795879541	-0.289815786578	-0.100456027887	2.493663837828
-0.085419132828	-0.564987860249	0.820665759928	-0.760917904162
-0.294598328976	-0.772525421991	-0.562508930545	2.919876935626
0.000000000000	0.000000000000	0.000000000000	1.000000000000
12	27	37
-0.627606510008	-0.723665247206	0.287086535005	0.131507666943
0.385133208323	0.031880379478	0.922310171933	-2.883978439713
-0.676596246252	0.689414426445	0.258699184706	0.394739297672
0.000000000000	0.000000000000	0.000000000000	1.000000000000
13	14	37
0.769225702395	0.367936313058	-0.522412373809	-0.259284285912
-0.110169779274	0.881701355974	0.458765014586	-0.001848027244
0.629408006391	-0.295339784667	0.718762807248	0.256252420556
0.000000000000	0.000000000000	0.000000000000	1.000000000000
13	27	37
0.043009245760	-0.562850389941	-0.825439060938	1.403816523018
-0.763148270721	-0.551730055819	0.336450089020	0.398716502389
-0.644790602968	0.615461927375	-0.453267795322	2.299887605228
0.000000000000	0.000000000000	0.000000000000	1.000000000000
14	16	37
-0.474771935856	-0.565622963181	-0.674286491371	-0.688679948854
-0.452299007909	-0.500420585038	0.738244434801	-0.316621021406
-0.754994845259	0.655476850539	-0.018245055197	0.857119886424
0.000000000000	0.000000000000	0.000000000000	1.000000000000
14	17	37
0.939906523762	0.187070761561	-0.285622577466	-0.270457333260
-0.116231698205	0.961888404538	0.247509372648	-0.079467406225
0.321038812173	-0.199437276819	0.925828738857	0.157022187490
0.000000000000	0.000000000000	0.000000000000	1.000000000000
16	18	37
0.853976374284	0.037495540921	0.518958993155	0.327523065506
0.100815336445	0.966574298350	-0.235733734765	-0.477610579460
-0.510451388579	0.253630065607	0.821651489208	0.675770700752
0.000000000000	0.000000000000	0.000000000000	1.000000000000
16	19	37
0.936498157947	-0.034391848494	0.348981949275	0.815806914756
0.091214938091	0.984813385732	-0.147724169830	-0.720572823532
-0.338601587757	0.170175779828	0.925412971990	0.995892599583
0.000000000000	0.000000000000	0.000000000000	1.000000000000
18	20	37
0.828677712266	-0.475069919030	0.295976048399	0.131387354972
0.302213628376	0.824842460643	0.477809415922	-0.197964327676
-0.471126492587	-0.306502018187	0.827101167228	1.033306563700
0.000000000000	0.000000000000	0.000000000000	1.000000000000
20	33	37
0.050406846306	-0.772964289437	-0.632443955700	0.878321048812
0.718697018213	0.467786952756	-0.514441408562	0.602497032874
0.693493868651	-0.428604216134	0.579106795035	0.765182871841
0.000000000000	0.000000000000	0.000000000000	1.000000000000
20	34	37
-0.087820505328	-0.934127629474	-0.345966950297	-0.405268618780
-0.326874373573	-0.301054031390	0.895834590806	-1.350966967044
-0.940978587825	0.191760376610	-0.278903666553	2.094530512159
0.000000000000	0.000000000000	0.000000000000	1.000000000000
20	36	37
-0.145918565901	0.987989527352	-0.050837643224	-0.183048041395
-0.987930350466	-0.148224290691	-0.044979798551	0.386771118374
-0.051974943518	0.043660662988	0.997693515943	0.094674959679
0.000000000000	0.000000000000	0.000000000000	1.000000000000
21	24	37
0.798982456653	-0.196814684103	0.568234998994	-0.015820139072
0.390125218487	0.888738078190	-0.240721711268	-0.552274080230
-0.457634513406	0.414015227374	0.786868504670	0.585879176392
0.000000000000	0.000000000000	0.000000000000	1.000000000000
21	29	37
0.984808001348	0.101975330107	0.140549751089	0.144673800074
-0.056831622645	0.954103117449	-0.294036405810	-0.746813082720
-0.164083415216	0.281581734713	0.945403807654	0.694588093186
0.000000000000	0.000000000000	0.000000000000	1.000000000000
21	30	37
0.938742847879	0.176617607909	-0.295919053345	0.214984412369
-0.333999368560	0.677802800305	-0.655002126485	-0.743986420627
0.084889854266	0.713715338546	0.695272700577	0.575019019182
0.000000000000	0.000000000000	0.000000000000	1.000000000000
21	31	37
0.857739934425	0.477104765442	-0.191450379171	-0.006969550063
-0.416426166807	0.863196008793	0.285450342446	-0.883739602187
0.301448921860	-0.165117210479	0.939076596616	1.080793723781
0.000000000000	0.000000000000	0.000000000000	1.000000000000
22	24	37
0.957044602731	-0.140325386793	0.253721134723	-0.035404150986
0.125814105804	0.989391778119	0.072627268782	-0.189606626817
-0.261221054213	-0.037585837910	0.964546974296	0.706537636082
0.000000000000	0.000000000000	0.000000000000	1.000000000000
22	27	37
0.681792364597	0.248579624394	0.688016963391	-0.150807879858
0.206542133708	0.836823890925	-0.507016885893	-0.247207667477
-0.701783099383	0.487784733170	0.519197973327	0.566161496052
0.000000000000	0.000000000000	0.000000000000	1.000000000000
22	30	37
0.827299489444	0.063205438421	-0.558194076751	0.122271424740
-0.254950343481	0.927668856440	-0.272820115004	-0.446055514299
0.500575545872	0.368015713450	0.783574219541	0.861203376362
0.000000000000	0.000000000000	0.000000000000	1.000000000000
22	31	37
0.701395363692	0.601938144707	-0.381726359762	-0.297478219470
-0.262251217767	0.715920948710	0.647056020742	-0.301284497583
0.662773598275	-0.353733890296	0.660002645665	1.262028414034
0.000000000000	0.000000000000	0.000000000000	1.000000000000
23	24	37
0.911075818259	-0.317174431987	0.263327235729	0.020382404358
0.079665311864	0.762196353060	0.642425215466	0.165751288922
-0.404467911544	-0.564320032495	0.719686466078	0.444019503970
0.000000000000	0.000000000000	0.000000000000	1.000000000000
23	27	37
0.589629770330	0.063384379120	0.805182683882	-0.083356590994
-0.060457923489	0.997582717458	-0.034257281208	0.054474613233
-0.805407706337	-0.028480560246	0.592036556524	0.353193275678
0.000000000000	0.000000000000	0.000000000000	1.000000000000
24	25	37
0.630408736641	-0.410904366657	0.658591243663	-0.026896246454
0.424794786330	0.892715517363	0.150360881104	0.054539743427
-0.649718565437	0.184977313534	0.737325694116	0.064975761158
0.000000000000	0.000000000000	0.000000000000	1.000000000000
24	30	37
0.746869678501	0.338511367995	-0.572359796871	1.393660062944
-0.638718429732	0.604653186349	-0.475850072773	-0.673471466755
0.184998515821	0.720974741566	0.667810580306	0.879135349070
0.000000000000	0.000000000000	0.000000000000	1.000000000000
25	26	37
0.938766467795	0.075891344262	0.336092283174	-0.028565737053
0.116140770049	0.848658212290	-0.516033487523	-0.057138796447
-0.324389951255	0.523468950921	0.787877793155	-0.170286923782
0.000000000000	0.000000000000	0.000000000000	1.000000000000
25	28	37
0.824902017021	0.410194320297	-0.388943803024	0.090940542476
-0.345589545985	0.910454467769	0.227245523224	-0.019873826390
0.447330446114	-0.053040378166	0.892794595785	0.023980649821
0.000000000000	0.000000000000	0.000000000000	1.000000000000
27	28	37
0.978698376675	0.107713092775	-0.174778079684	-0.022312379044
0.071878014513	0.617664601949	0.783150043433	0.191063628316
0.192309746303	-0.779030377549	0.596765140012	0.110379249160
0.000000000000	0.000000000000	0.000000000000	1.000000000000
28	31	37
0.103156048126	0.829268799710	-0.549246836643	-0.485584884920
-0.598320517923	0.492852709136	0.631750555940	-0.090797674028
0.794588816664	0.263456761016	0.547009275522	0.366596719326
0.000000000000	0.000000000000	0.000000000000	1.000000000000
29	31	37
0.786147881100	0.410810757353	-0.461742385627	-0.126085408452
-0.179927229458	0.866877165128	0.464919533553	0.022786072777
0.591267875959	-0.282415478016	0.755409687942	0.431603340670
0.000000000000	0.000000000000	0.000000000000	1.000000000000
30	32	37
0.601278757717	0.434842706211	-0.670354888379	-0.261391810397
0.026154317041	0.827790873515	0.560426820759	0.078407623749
0.798611173988	-0.354505416858	0.486360054076	0.846164537515
0.000000000000	0.000000000000	0.000000000000	1.000000000000
30	33	37
0.036163137414	-0.997963984223	-0.052536784132	0.074240056189
0.997406406407	0.039316737166	-0.060288096973	0.484079410167
0.062230924389	-0.050220318330	0.996797487796	0.077043930273
0.000000000000	0.000000000000	0.000000000000	1.000000000000
31	35	37
0.393091154486	-0.578325237647	0.714856114029	-2.240205876473
-0.233761343213	0.689043059147	0.685984910228	-1.260215639447
-0.889289029891	-0.436760325741	0.135666647244	1.127797652945
0.000000000000	0.000000000000	0.000000000000	1.000000000000
31	36	37
0.164562198072	-0.214763952750	0.962702304747	-2.501169615052
0.802926184279	0.596063118672	-0.004277985312	-0.890566839875
-0.572912581084	0.773682882813	0.270529058101	0.852326433740
0.000000000000	0.000000000000	0.000000000000	1.000000000000
