1	2	60
0.853119480314	-0.117442221388	0.508325168514	-0.246959189639
0.097455113171	0.993057381156	0.065875174750	-0.002525721078
-0.512532587477	-0.006660508023	0.858641941910	0.309503576693
0.000000000000	0.000000000000	0.000000000000	1.000000000000
2	3	60
0.837478484359	-0.141354056011	0.527871972248	-0.573866277881
0.138111825536	0.989356463290	0.045813886466	-0.002471616142
-0.528729526207	0.034537217536	0.848087418089	0.134980526302
0.000000000000	0.000000000000	0.000000000000	1.000000000000
2	5	60
0.713747841785	-0.137232654669	0.686826919128	-1.038323174050
0.087964373275	0.990416255539	0.106479621517	-0.085257651647
-0.694857026575	-0.015583300562	0.718979049321	0.232555380242
0.000000000000	0.000000000000	0.000000000000	1.000000000000
2	7	60
0.837593885361	-0.102660255922	0.536560672301	-0.936986633030
0.122797606516	0.992430083294	-0.001810415988	-0.102664380480
-0.532313094936	0.067404759671	0.843859803127	0.352676841188
0.000000000000	0.000000000000	0.000000000000	1.000000000000
3	4	60
0.955917166997	-0.033674183898	0.291699192970	-0.390128976696
0.004212528664	0.994872951380	0.101044867330	0.044045061011
-0.293606240470	-0.095361732106	0.951157986670	-0.363519214697
0.000000000000	0.000000000000	0.000000000000	1.000000000000
3	5	60
0.975477595811	0.023893465162	0.218797994490	-0.460491221115
-0.030934639756	0.999106067469	0.028811699188	-0.001735920543
-0.217913992515	-0.034873604194	0.975344720392	-0.175713374856
0.000000000000	0.000000000000	0.000000000000	1.000000000000
3	6	60
0.988416001883	0.037803802583	0.146985304477	-0.440305552250
-0.006872792537	0.978636520307	-0.205483152213	-0.139667564635
-0.151613231430	0.202092636261	0.967559814391	-0.019838202650
0.000000000000	0.000000000000	0.000000000000	1.000000000000
3	7	60
0.999102265150	0.025763504606	-0.033628939941	-0.324192638227
-0.027215021587	0.998685135738	-0.043443552515	-0.050721226497
0.032465464285	0.044319764050	0.998489735622	-0.018196006054
0.000000000000	0.000000000000	0.000000000000	1.000000000000
3	38	60
0.407411529896	-0.498080474930	0.765461746792	-2.216056986436
0.346205953053	0.859849960825	0.375232571801	-0.539785843473
-0.845078270563	0.112133337430	0.522751213541	1.457540310525
0.000000000000	0.000000000000	0.000000000000	1.000000000000
3	39	60
0.114497674294	-0.300868969961	0.946767207658	-2.180865953062
0.237507342038	0.933687306840	0.267989319794	-0.588767618111
-0.964614194929	0.194180009168	0.178363614508	1.506011508204
0.000000000000	0.000000000000	0.000000000000	1.000000000000
3	40	60
0.068426916509	-0.455381323662	0.887663003148	-1.897898163659
0.248991262680	0.869387653656	0.426811971222	-0.634612331780
-0.966085455954	0.191814904869	0.172875487170	1.717328750156
0.000000000000	0.000000000000	0.000000000000	1.000000000000
3	41	60
-0.154704759426	-0.509048896963	0.846720531174	-1.644244286385
0.197549300232	0.823791591360	0.531358342347	-0.797469767273
-0.968008631877	0.249472712947	-0.026882226579	1.810573898618
0.000000000000	0.000000000000	0.000000000000	1.000000000000
3	45	60
-0.168134259893	0.012044588624	0.985690518639	-2.074176847285
0.226662474706	0.973605515958	0.026766057916	-0.687831640619
-0.959351339818	0.227919343587	-0.166426499117	1.758219632384
0.000000000000	0.000000000000	0.000000000000	1.000000000000
3	46	60
0.079777749035	-0.211178921066	0.974186313831	-2.430323964719
0.241530100212	0.952273684304	0.186649513455	-0.671007162914
-0.967108433140	0.220404839962	0.126976316967	1.567626616432
0.000000000000	0.000000000000	0.000000000000	1.000000000000
3	47	60
-0.132273189955	-0.484327582420	0.864829807607	-1.735303967616
0.206971100417	0.839768421084	0.501948167187	-0.712531184190
-0.969364104355	0.245389062220	-0.010837035184	1.758124548355
0.000000000000	0.000000000000	0.000000000000	1.000000000000
4	5	60
0.995572888260	0.030945221245	-0.088752563021	-0.105572994387
-0.036857308148	0.997154075497	-0.065766925996	-0.080441850580
0.086464807851	0.068746949030	0.993880120539	0.161177668329
0.000000000000	0.000000000000	0.000000000000	1.000000000000
4	6	60
0.987519910495	-0.030221435805	-0.154567432516	-0.117408168355
-0.018659596157	0.952053254482	-0.305362768033	-0.210400252223
0.156384928455	0.304435979226	0.939607624865	0.301449896308
0.000000000000	0.000000000000	0.000000000000	1.000000000000
4	7	60
0.948221896410	0.012662292488	-0.317356111518	-0.077527023827
-0.057003825998	0.989764703919	-0.130829639982	-0.135892117390
0.312451274586	0.142146041891	0.939238363667	0.322465504823
0.000000000000	0.000000000000	0.000000000000	1.000000000000
4	38	60
0.657726253369	-0.495145675016	0.567650364346	-2.248858641558
0.390431735117	0.868559309499	0.305233985815	-0.692934816888
-0.644173296437	0.020868310800	0.764594845498	1.097016205117
0.000000000000	0.000000000000	0.000000000000	1.000000000000
4	39	60
0.354827151130	-0.342836083281	0.869805215449	-2.328779060713
0.333311647501	0.915596511248	0.224914148577	-0.766588098606
-0.873499306503	0.210110562777	0.439149761411	1.288832817788
0.000000000000	0.000000000000	0.000000000000	1.000000000000
4	40	60
0.330868177966	-0.499075907739	0.800905417090	-2.060807281109
0.357276369862	0.851778615995	0.383179833593	-0.847131946392
-0.873429930989	0.159362566646	0.460134467307	1.487720975818
0.000000000000	0.000000000000	0.000000000000	1.000000000000
4	41	60
0.137152373728	-0.546546068026	0.826121432906	-1.880960960533
0.301920637103	0.817383532665	0.490640488973	-0.963098826802
-0.943415685301	0.182130601638	0.277119628816	1.613713561524
0.000000000000	0.000000000000	0.000000000000	1.000000000000
4	46	60
0.359808222654	-0.275910878512	0.891297498049	-2.506004406423
0.312072160651	0.935845352263	0.163720625436	-0.900261920977
-0.879288922628	0.219241108749	0.422828956882	1.176682974808
0.000000000000	0.000000000000	0.000000000000	1.000000000000
4	47	60
0.168355646370	-0.531012154680	0.830471232445	-1.896552965912
0.292008499313	0.831547610224	0.472503553701	-0.922454058323
-0.941481498843	0.162956017114	0.295055797811	1.540146369799
0.000000000000	0.000000000000	0.000000000000	1.000000000000
5	6	60
0.998489219490	-0.031042708264	-0.045339043062	-0.050566528898
0.018467137970	0.966713916341	-0.255192415186	-0.092161493877
0.051751747577	0.253969593096	0.965826693774	0.148923917322
0.000000000000	0.000000000000	0.000000000000	1.000000000000
5	7	60
0.971909906332	0.008730375210	-0.235191229687	0.063056890646
-0.020825997433	0.998581919240	-0.048994166988	-0.097755414318
0.234429972068	0.052516008194	0.970713478365	0.158885658347
0.000000000000	0.000000000000	0.000000000000	1.000000000000
5	38	60
0.561136432297	-0.531985750976	0.634127010233	-2.044064609358
0.373761255401	0.846408744675	0.379334629184	-0.623563487005
-0.738531264274	0.024153626962	0.673786445392	1.204516497422
0.000000000000	0.000000000000	0.000000000000	1.000000000000
5	39	60
0.313897635571	-0.373577768040	0.872873373182	-2.022452155147
0.303478284908	0.910589472226	0.280584646159	-0.662563950234
-0.899649490064	0.176823257228	0.399204622632	1.192949603287
0.000000000000	0.000000000000	0.000000000000	1.000000000000
5	40	60
0.264612254488	-0.491680144355	0.829596884289	-1.823353184898
0.275899767795	0.862900925523	0.423416238307	-0.673703995472
-0.924045276437	0.116844462333	0.363988596959	1.516781968440
0.000000000000	0.000000000000	0.000000000000	1.000000000000
5	45	60
-0.001071540377	-0.050719319058	0.998712372245	-1.989783830732
0.291378143743	0.955360860703	0.048830351071	-0.757792050467
-0.956607353698	0.291055280851	0.013754793302	1.581312713268
0.000000000000	0.000000000000	0.000000000000	1.000000000000
5	46	60
0.305300111820	-0.290003440982	0.907022516777	-2.271909910251
0.282861560446	0.937124659506	0.204417979072	-0.786939566061
-0.909275084529	0.194152972586	0.368135089188	1.182013720824
0.000000000000	0.000000000000	0.000000000000	1.000000000000
6	7	60
0.979521920274	0.028429088938	-0.199320331640	0.143333415978
0.012655994812	0.979329040062	0.201877331780	-0.005458578757
0.200939377670	-0.200265868768	0.958914463499	0.028039544093
0.000000000000	0.000000000000	0.000000000000	1.000000000000
6	46	60
0.130676776949	-0.239293479958	0.962113408292	-2.352244991617
0.020034181726	0.970874063091	0.238751304037	-0.267911468193
-0.991222584251	-0.011924096041	0.131664742452	1.644194423384
0.000000000000	0.000000000000	0.000000000000	1.000000000000
7	38	60
0.376626594607	-0.527093804710	0.761790344695	-1.765628759173
0.315914124131	0.846128153580	0.429261474971	-0.499184477282
-0.870833321830	0.078989042001	0.485190742734	1.545599950788
0.000000000000	0.000000000000	0.000000000000	1.000000000000
7	46	60
0.070686404434	-0.226880626053	0.971354010518	-2.012385973765
0.171807048906	0.962006115956	0.212194653113	-0.622560075854
-0.982591354620	0.151886188922	0.106980444197	1.657764658550
0.000000000000	0.000000000000	0.000000000000	1.000000000000
8	9	60
-0.989636583163	-0.075737767943	0.121996818695	-1.034860744521
-0.084114234875	-0.382811062042	-0.919989394651	2.507946975118
0.116379675012	-0.920716830130	0.372473207035	1.370816600245
0.000000000000	0.000000000000	0.000000000000	1.000000000000
8	35	60
0.995999138236	0.015456328905	-0.088016012923	-0.604638979510
-0.000834691191	0.986494701647	0.163791046496	-0.250532636671
0.089358938695	-0.163062274970	0.982560773976	-0.248963715147
0.000000000000	0.000000000000	0.000000000000	1.000000000000
8	36	60
0.898496675737	-0.356388494458	0.256302486735	-1.552615580822
0.345402382684	0.934292549849	0.088287175358	-0.587625829716
-0.270926037370	0.009201756037	0.962556185353	0.413387185975
0.000000000000	0.000000000000	0.000000000000	1.000000000000
8	37	60
0.794048646771	-0.436471926421	0.423059102263	-1.451285021733
0.312829094664	0.890177137580	0.331244050908	-0.635961191931
-0.521176269695	-0.130678694424	0.843385069070	1.026872977564
0.000000000000	0.000000000000	0.000000000000	1.000000000000
8	38	60
-0.119854848979	-0.570484082290	0.812516293394	-1.009003926678
0.432541505495	0.706650441873	0.559958033271	-0.814360059744
-0.893612142487	0.418560706296	0.162062561823	1.438810623337
0.000000000000	0.000000000000	0.000000000000	1.000000000000
9	10	60
0.812387115222	0.161341064448	-0.560353670413	0.354559006952
-0.245593216672	0.966242054489	-0.077847697852	-0.193042494548
0.528877251304	0.200861527075	0.824586866251	0.483690204632
0.000000000000	0.000000000000	0.000000000000	1.000000000000
9	11	60
0.820178972946	-0.095028242139	-0.564159627706	0.359182056619
-0.235623941231	0.842483566231	-0.484461349284	-0.111476282096
0.521332725480	0.530274526851	0.668596377134	0.466061538213
0.000000000000	0.000000000000	0.000000000000	1.000000000000
9	32	60
0.607805337413	-0.129770175234	0.783410730991	-2.098314423051
0.361572246948	0.923580155130	-0.127535121781	-0.329701277799
-0.706992349357	0.360776106014	0.608278241662	-0.350424249530
0.000000000000	0.000000000000	0.000000000000	1.000000000000
9	33	60
-0.216525051021	-0.627493751461	-0.747909415743	1.980212049897
-0.778318485234	-0.351514245101	0.520248086046	-1.022192270746
-0.589353236882	0.694758466928	-0.412278346276	3.305164552299
0.000000000000	0.000000000000	0.000000000000	1.000000000000
9	35	60
0.841061810423	-0.291680683588	0.455562739773	-1.748418258918
0.233716146400	0.955450415546	0.180253339344	-0.400272284425
-0.487844026262	-0.045131831940	0.871763341616	0.077623381670
0.000000000000	0.000000000000	0.000000000000	1.000000000000
9	36	60
0.563222295569	-0.391019013410	0.727931849095	-1.461818754028
0.382335758511	0.904293160206	0.189929587396	-0.546455520879
-0.732529872113	0.171341797458	0.658818620642	0.495375065342
0.000000000000	0.000000000000	0.000000000000	1.000000000000
9	37	60
0.375682894841	-0.582159324695	0.721077584726	-0.979025003635
0.377892257720	0.806678652364	0.454386392155	-0.573601393371
-0.846203169504	0.101784441302	0.523048872888	0.888294051023
0.000000000000	0.000000000000	0.000000000000	1.000000000000
10	11	60
0.998922665699	-0.043669809806	-0.015698906457	0.038625715742
0.034449625442	0.924492980080	-0.379639240714	0.025425383683
0.031092302251	0.378689420891	0.925001400673	-0.020573865887
0.000000000000	0.000000000000	0.000000000000	1.000000000000
10	12	60
0.944054138413	-0.036650331002	-0.327747672733	0.160037602917
-0.064053726739	0.954503381401	-0.291239446136	-0.083842173291
0.323510283972	0.295939264263	0.898755277054	0.345684594962
0.000000000000	0.000000000000	0.000000000000	1.000000000000
10	32	60
0.084805580441	-0.122570984167	0.988829796965	-2.372253739351
0.361246194476	0.928667344274	0.084131745830	-0.527603629787
-0.928606052372	0.350076159600	0.123034474751	0.527046415981
0.000000000000	0.000000000000	0.000000000000	1.000000000000
10	33	60
0.562159677282	-0.204319552069	0.801392549179	-2.241642168629
0.393361470522	0.918434339034	-0.041774614203	-0.427671005231
-0.727491065751	0.338720955249	0.596678191095	0.514032039550
0.000000000000	0.000000000000	0.000000000000	1.000000000000
10	35	60
0.421047538418	-0.491006173498	0.762647958090	-1.812133012233
0.323148069029	0.866842666156	0.379682917201	-0.529341511565
-0.847522445647	0.086583657339	0.523649667628	0.674599669355
0.000000000000	0.000000000000	0.000000000000	1.000000000000
10	36	60
-0.011538854122	-0.481229868311	0.876518493068	-1.330079087290
0.351209003895	0.818778195914	0.454152509053	-0.667235350538
-0.936225982564	0.313081586397	0.159564500533	1.011310318504
0.000000000000	0.000000000000	0.000000000000	1.000000000000
11	12	60
0.955529675406	-0.034837563801	-0.292829956743	0.089068256130
0.056607502655	0.996199433610	0.066198784871	0.093164721496
0.289410832660	-0.079831275974	0.953870188923	0.369828851525
0.000000000000	0.000000000000	0.000000000000	1.000000000000
11	32	60
0.131055024402	-0.230205460571	-0.964276944919	3.171881344305
-0.885268904920	0.410636483364	-0.218349821414	0.376144512040
0.446232614855	0.882260236242	-0.149977761639	1.792761868902
0.000000000000	0.000000000000	0.000000000000	1.000000000000
11	33	60
-0.430130079412	-0.096464560091	-0.897598297364	3.005180306560
-0.775258091089	0.548917861006	0.312512518262	0.084253914833
0.462561354835	0.830291376876	-0.310891013859	1.810804557813
0.000000000000	0.000000000000	0.000000000000	1.000000000000
13	14	60
0.902857523423	0.055642661079	-0.426324039514	0.061777786711
-0.031786231233	0.997514975487	0.062876936809	-0.110101375588
0.428763253910	-0.043217680948	0.902382570837	0.478538938183
0.000000000000	0.000000000000	0.000000000000	1.000000000000
13	15	60
0.895573458330	0.189699940616	-0.402445168023	-0.015584434013
-0.078507303247	0.957732474312	0.276740150656	-0.123560100689
0.437932396691	-0.216246248935	0.872612614939	0.577383725312
0.000000000000	0.000000000000	0.000000000000	1.000000000000
13	16	60
0.877991878619	0.134993021580	-0.459246279467	-0.204456008723
-0.039616459348	0.976611440817	0.211330617312	-0.132165466403
0.477033329264	-0.167352854142	0.862804859156	0.943734091052
0.000000000000	0.000000000000	0.000000000000	1.000000000000
14	15	60
0.999287242509	0.037157808172	-0.006656143836	-0.004451937745
-0.035259466473	0.981729885028	0.186984499003	0.037202802340
0.013482469468	-0.186616532320	0.982340314189	0.122240327106
0.000000000000	0.000000000000	0.000000000000	1.000000000000
14	16	60
0.999404309170	0.013559831006	-0.031735749480	-0.086957099825
-0.008771088108	0.989181210982	0.146436333786	-0.067827893017
0.033378059042	-0.146070745950	0.988710899279	0.561067766424
0.000000000000	0.000000000000	0.000000000000	1.000000000000
15	16	60
0.999721800291	-0.021486182953	-0.009729643649	-0.087727087502
0.021046188865	0.998841873199	-0.043266271840	-0.170805851132
0.010648002520	0.043049463258	0.999016197945	0.404466288958
0.000000000000	0.000000000000	0.000000000000	1.000000000000
15	57	60
0.831029235933	-0.121063668765	0.542894093843	-2.170145834994
0.282916065515	0.932341575879	-0.225161465978	-0.517367980285
-0.478903861854	0.340709222055	0.809053964275	0.132835842207
0.000000000000	0.000000000000	0.000000000000	1.000000000000
16	24	60
0.977422315596	0.148129993293	-0.150675552303	-0.236833626097
-0.056183390281	0.869635987278	0.490486163197	-0.483932266268
0.203688594750	-0.470946658039	0.858324065636	1.357100188303
0.000000000000	0.000000000000	0.000000000000	1.000000000000
16	55	60
0.661959401217	-0.192819941280	0.724313620875	-1.861740904416
0.231737862125	0.971648244263	0.046874861902	-0.249817785053
-0.712816466138	0.136821634493	0.687875370934	0.249124778282
0.000000000000	0.000000000000	0.000000000000	1.000000000000
16	56	60
0.767405516079	-0.004774985167	0.641144268795	-1.748762842517
0.199408163778	0.952157579428	-0.231586545716	-0.237864119458
-0.609364552719	0.305570193990	0.731643149653	0.048478968634
0.000000000000	0.000000000000	0.000000000000	1.000000000000
16	57	60
0.827842718582	-0.028592676145	0.560231106029	-2.155641375984
0.188712563220	0.954686698510	-0.230132301453	-0.196678625933
-0.528265086651	0.296235998082	0.795726229092	-0.153028439042
0.000000000000	0.000000000000	0.000000000000	1.000000000000
16	58	60
0.667466832063	-0.652400017686	0.358973877905	-0.630264408205
0.465051039082	0.741720090227	0.483299947034	-1.995585209798
-0.581563031102	-0.155645509660	0.798472865023	-0.627847021767
0.000000000000	0.000000000000	0.000000000000	1.000000000000
17	18	60
0.996201841619	0.041776447070	-0.076397769767	-0.292828909345
-0.044030388055	0.998636063131	-0.028059549921	-0.138095742190
0.075121339730	0.031316798755	0.996682518374	0.306890540748
0.000000000000	0.000000000000	0.000000000000	1.000000000000
17	19	60
0.999387577950	-0.028792366505	0.019886394093	-0.604394397229
0.029154218205	0.999410090510	-0.018152205061	-0.256805367743
-0.019352017979	0.018720860523	0.999637448669	0.505742402856
0.000000000000	0.000000000000	0.000000000000	1.000000000000
17	20	60
0.845983003558	-0.232208962101	0.479991412018	-0.570577665558
0.160991606721	0.969417198902	0.185234977903	-0.210312179260
-0.508325152099	-0.079431054337	0.857494167532	0.487434379123
0.000000000000	0.000000000000	0.000000000000	1.000000000000
17	21	60
0.767431420753	-0.402804145571	0.498796386065	-0.535896267382
0.199363843689	0.889353932305	0.411465236591	-0.293690722128
-0.609346430424	-0.216329386363	0.762822734536	0.537410876591
0.000000000000	0.000000000000	0.000000000000	1.000000000000
17	22	60
0.777819753850	-0.387540203301	0.494781791647	-0.625805247957
0.198963995875	0.898603966098	0.391055290793	-0.302680879304
-0.596162527223	-0.205726767674	0.776058463131	0.644554727967
0.000000000000	0.000000000000	0.000000000000	1.000000000000
17	54	60
0.961605393908	-0.156949785613	0.225126256141	-1.435733386101
0.110352084232	0.972217374127	0.206435934254	0.402802719185
-0.251271733216	-0.173666756295	0.952209206973	-0.975204275230
0.000000000000	0.000000000000	0.000000000000	1.000000000000
17	55	60
0.945633969077	0.014334410787	0.324916791186	-1.480018357431
0.027549745040	0.991907123479	-0.123940590367	0.369340514012
-0.324063895051	0.126153807155	0.937586160769	-1.038511164786
0.000000000000	0.000000000000	0.000000000000	1.000000000000
17	56	60
0.977280086104	-0.000059570952	0.211951951528	-1.347927329344
0.078794930661	0.928431574998	-0.363051193978	0.283844993712
-0.196761256876	0.371503441435	0.907342383444	-1.171566742252
0.000000000000	0.000000000000	0.000000000000	1.000000000000
17	57	60
0.988348678786	-0.055415588341	0.141760367210	-1.680188489533
0.095648991592	0.950618599038	-0.295255058502	0.227875858823
-0.118398308898	0.305374183146	0.944843081531	-1.538316785089
0.000000000000	0.000000000000	0.000000000000	1.000000000000
17	58	60
0.817586619010	-0.110713928489	0.565061542183	-2.245402970310
0.223275392997	0.965517531947	-0.133880522800	-0.069984485197
-0.530754386980	0.235623261886	0.814113910433	-1.501719669150
0.000000000000	0.000000000000	0.000000000000	1.000000000000
18	19	60
0.993966905611	-0.074159678797	0.080809235805	-0.274981124646
0.076225481559	0.996830306234	-0.022781934385	-0.102723648130
-0.078863594338	0.028804211738	0.996469192135	0.224955665037
0.000000000000	0.000000000000	0.000000000000	1.000000000000
18	20	60
0.792000074372	-0.292010348737	0.536158407960	-0.258543127887
0.251662604965	0.956266348025	0.149065773729	0.002039119456
-0.556238991314	0.016870917741	0.830851103795	0.202847350248
0.000000000000	0.000000000000	0.000000000000	1.000000000000
18	21	60
0.769395518445	-0.399701060355	0.498266593851	-0.170488785059
0.238704027561	0.903434683077	0.356126607597	-0.084949866923
-0.592495504981	-0.155063973133	0.790508849295	0.226186882115
0.000000000000	0.000000000000	0.000000000000	1.000000000000
18	22	60
0.708996670518	-0.432045352683	0.557369298059	-0.299467115153
0.194394378868	0.879470586050	0.434444833941	-0.169402357346
-0.677889774711	-0.199670482291	0.707528905306	0.387754420439
0.000000000000	0.000000000000	0.000000000000	1.000000000000
18	23	60
0.966709401608	-0.170326188099	0.190950052346	-0.387683026238
0.086594391138	0.919998042258	0.382236855450	-0.237868297102
-0.240778620867	-0.352976758284	0.904120049465	0.512377733089
0.000000000000	0.000000000000	0.000000000000	1.000000000000
18	54	60
0.918533241682	-0.255154748162	0.301981354418	-1.339125986100
0.166983051405	0.942757949236	0.288659158345	0.313366765022
-0.358348077250	-0.214717264427	0.908561033661	-1.166756716508
0.000000000000	0.000000000000	0.000000000000	1.000000000000
18	55	60
0.894907382447	-0.117526683927	0.430497683393	-1.405909121742
0.140076969800	0.989919198729	-0.020938541483	0.233494734489
-0.423697084452	0.079040866347	0.902348780724	-1.237395155150
0.000000000000	0.000000000000	0.000000000000	1.000000000000
18	56	60
0.937594579091	-0.051496915867	0.343896020498	-1.299048535785
0.172411199408	0.927695809095	-0.331141758323	0.353687499868
-0.301978117712	0.369768242880	0.878681206684	-1.341321619917
0.000000000000	0.000000000000	0.000000000000	1.000000000000
18	57	60
0.957208658911	-0.064548548392	0.282108256182	-1.691258382053
0.140036726402	0.956393620386	-0.256321981390	0.244766987201
-0.253261324651	0.284859136743	0.924507422172	-1.644703055234
0.000000000000	0.000000000000	0.000000000000	1.000000000000
18	58	60
0.807233174275	-0.091644018006	0.583074588979	-1.959136347239
0.197425129004	0.972895015675	-0.120410161170	0.019668298066
-0.556235490406	0.212312652565	0.803445963817	-1.741256046383
0.000000000000	0.000000000000	0.000000000000	1.000000000000
19	20	60
0.869948106075	-0.237395746062	0.432242469556	0.054448382763
0.162146597419	0.965468205303	0.203910827311	0.048129445587
-0.465723924317	-0.107305192329	0.878400149145	-0.020012929599
0.000000000000	0.000000000000	0.000000000000	1.000000000000
19	22	60
0.804233699413	-0.335638922518	0.490463729973	-0.013675512607
0.172240213593	0.921474749781	0.348163172000	-0.009466606751
-0.568807054764	-0.195526978207	0.798891566637	0.142570312354
0.000000000000	0.000000000000	0.000000000000	1.000000000000
19	23	60
0.989199546532	-0.104866455749	0.102407439185	-0.110563896871
0.059083910091	0.924670673488	0.376155868172	-0.122061131129
-0.134139288465	-0.366042582291	0.920879731148	0.261181666902
0.000000000000	0.000000000000	0.000000000000	1.000000000000
19	54	60
0.958207097910	-0.174689079591	0.226545542854	-0.888470401240
0.101383753567	0.947873696474	0.302087388095	0.418502849427
-0.267507928907	-0.266494241973	0.925969938479	-1.510501205415
0.000000000000	0.000000000000	0.000000000000	1.000000000000
19	55	60
0.940019213922	-0.087134291744	0.329805234435	-0.931050773122
0.114533634518	0.991320618928	-0.064540507073	0.473476490389
-0.321319037753	0.098443108908	0.941840236073	-1.564994415825
0.000000000000	0.000000000000	0.000000000000	1.000000000000
19	56	60
0.975857201302	-0.026802357118	0.216758751428	-0.763002670354
0.087557616169	0.957210707542	-0.275828434390	0.330875445403
-0.200090945619	0.288148043582	0.936447712615	-1.721191997635
0.000000000000	0.000000000000	0.000000000000	1.000000000000
19	57	60
0.986743387924	-0.012326357502	0.161819489859	-1.156981993271
0.052986752643	0.966937545542	-0.249447764201	0.398110748785
-0.153394558025	0.254715221240	0.954772363256	-2.031540744293
0.000000000000	0.000000000000	0.000000000000	1.000000000000
19	58	60
0.839855082091	-0.046642681692	0.540803015275	-1.606024846714
0.204886710121	0.949842651053	-0.236263357838	0.532015137767
-0.502657813131	0.309230332415	0.807286643277	-1.972171864285
0.000000000000	0.000000000000	0.000000000000	1.000000000000
20	21	60
0.991947966524	-0.026121516878	0.123922952128	-0.037236391699
0.006333866029	0.987505854670	0.157454974942	-0.063908461778
-0.126487603540	-0.155402230836	0.979719874659	0.036585707046
0.000000000000	0.000000000000	0.000000000000	1.000000000000
20	22	60
0.988796008232	-0.060439255597	0.136490111314	-0.145455045102
0.025384718923	0.969129413638	0.245242320300	-0.118479897404
-0.147098844825	-0.239029864251	0.959805529181	0.101552343384
0.000000000000	0.000000000000	0.000000000000	1.000000000000
20	23	60
0.956328812918	0.206638030219	-0.206726694091	-0.359271635233
-0.144014538604	0.948562790829	0.281936951329	-0.181398910867
0.254352146155	-0.239852780515	0.936896808312	0.158137242876
0.000000000000	0.000000000000	0.000000000000	1.000000000000
20	54	60
0.954100820755	0.200448548875	-0.222512927913	0.148463694211
-0.180351518995	0.977716007579	0.107446443033	0.827643016912
0.239091935102	-0.062384194940	0.968990845566	-1.582460215048
0.000000000000	0.000000000000	0.000000000000	1.000000000000
20	55	60
0.128326247235	0.983541898250	-0.127191621803	0.457877780606
-0.012995432375	0.129908668213	0.991440798364	-1.504121389182
0.991646859022	-0.125574966890	0.029452244102	1.413468565853
0.000000000000	0.000000000000	0.000000000000	1.000000000000
20	56	60
0.972433113689	0.033165099646	-0.230811428588	-0.076289999693
-0.119226010796	0.921382058991	-0.369919261083	0.504460386891
0.200397100156	0.387240464745	0.899936567050	-1.846601028772
0.000000000000	0.000000000000	0.000000000000	1.000000000000
20	57	60
0.911673818424	-0.047863997465	-0.408117491107	0.137508540052
-0.112774791839	0.925911569974	-0.360512983005	0.714401305955
0.395136299429	0.374695612912	0.838731484170	-2.220583446980
0.000000000000	0.000000000000	0.000000000000	1.000000000000
20	58	60
0.992372534480	0.056880907613	-0.109367797635	-0.200127981806
-0.101636970451	0.879581218212	-0.464765324445	1.087889654322
0.069761587195	0.472336154574	0.878653445924	-2.339120091895
0.000000000000	0.000000000000	0.000000000000	1.000000000000
21	22	60
0.999123711093	0.010778222569	-0.040443044510	-0.117953720442
-0.009762971509	0.999634318932	0.025217311510	-0.018161617758
0.040700053051	-0.024800369568	0.998863577948	0.043611327052
0.000000000000	0.000000000000	0.000000000000	1.000000000000
21	54	60
0.801633095726	-0.364641230043	-0.473731097976	0.005475184271
0.226922989706	0.918729709264	-0.323174377169	0.145775151755
0.553073536322	0.151566799360	0.819229619064	-0.220583368637
0.000000000000	0.000000000000	0.000000000000	1.000000000000
21	55	60
-0.231705585458	0.942517533576	0.240776287388	-0.255714023648
-0.949912132077	-0.165858723532	-0.264873224698	-0.188397970827
-0.209712810770	-0.290088922107	0.933739232479	-0.664623872407
0.000000000000	0.000000000000	0.000000000000	1.000000000000
21	56	60
-0.612761811879	-0.559177723253	-0.558429257579	0.402501797136
0.707956164299	-0.702424420400	-0.073471103554	0.472600342258
-0.351170943179	-0.440363721762	0.826292176668	-0.561555278708
0.000000000000	0.000000000000	0.000000000000	1.000000000000
21	57	60
0.823639092341	-0.096722652687	-0.558805309589	0.667392823575
-0.262608402259	0.808292829656	-0.526972037769	1.363664236286
0.502648458299	0.580781740402	0.640341391279	-1.916276869791
0.000000000000	0.000000000000	0.000000000000	1.000000000000
21	58	60
0.980493651929	-0.041926024651	-0.192027099606	0.198273511779
-0.081775890622	0.801393858357	-0.592520537619	1.568454011092
0.178731368929	0.596665812867	0.782333052808	-2.193246252131
0.000000000000	0.000000000000	0.000000000000	1.000000000000
22	23	60
0.902239632420	0.250920969044	-0.350716855862	-0.186226662666
-0.266070880017	0.963939606486	0.005169318627	-0.009933764695
0.339366958466	0.088651578338	0.936467279279	0.018439783994
0.000000000000	0.000000000000	0.000000000000	1.000000000000
22	54	60
0.949964502268	0.166108407484	-0.264528715633	0.174989505081
-0.185513107841	0.981370712246	-0.049964106770	1.146057181956
0.251301275863	0.096537671969	0.963082627110	-1.514204114807
0.000000000000	0.000000000000	0.000000000000	1.000000000000
22	55	60
0.947948027234	0.051426663332	-0.314244866247	0.406958717544
-0.183266301099	0.895151408712	-0.406346426541	1.207942889916
0.260399693827	0.442785787690	0.857981786330	-1.551732564106
0.000000000000	0.000000000000	0.000000000000	1.000000000000
22	56	60
0.900893698677	0.005770141890	-0.434001439107	0.579752008093
-0.282678445419	0.766576347499	-0.576587894385	1.160644664945
0.329368244037	0.642127252901	0.692234895756	-1.603505164602
0.000000000000	0.000000000000	0.000000000000	1.000000000000
22	57	60
0.899246841073	-0.086747020922	-0.428754094069	0.307331662488
-0.178297582841	0.822345055686	-0.540331917752	1.316686948560
0.399455993537	0.562337588775	0.724024409449	-2.084253399504
0.000000000000	0.000000000000	0.000000000000	1.000000000000
22	58	60
0.966157670453	-0.092489691500	-0.240800774066	0.440142291629
-0.120790012156	0.662621514283	-0.739149850688	2.129271845056
0.227923515214	0.743221626283	0.629025027671	-1.768452428446
0.000000000000	0.000000000000	0.000000000000	1.000000000000
23	24	60
0.659141491230	0.551944731745	-0.510773440616	0.123314928977
-0.493325655065	0.829993492927	0.260270243694	0.146027408945
0.567593421908	0.080422725630	0.819371644987	-0.022399236858
0.000000000000	0.000000000000	0.000000000000	1.000000000000
23	54	60
0.999752806350	-0.011351885664	0.019117031352	-0.190317662394
0.013824751136	0.990798217474	-0.134639401758	1.329661096074
-0.017412709492	0.134870407953	0.990710235441	-1.487020308294
0.000000000000	0.000000000000	0.000000000000	1.000000000000
23	55	60
0.993378444012	0.004326143501	0.114806582805	-0.331631300818
0.041523270845	0.918221011830	-0.393885759341	1.171107109557
-0.107121822947	0.396044767565	0.911961324363	-1.638776482169
0.000000000000	0.000000000000	0.000000000000	1.000000000000
23	56	60
0.985386304413	-0.170061258406	-0.009643623006	-0.041535182682
0.111248986155	0.685416560735	-0.719602530116	1.492585326011
0.128986410738	0.708013634515	0.694319234348	-1.568854558749
0.000000000000	0.000000000000	0.000000000000	1.000000000000
23	57	60
0.972377776723	-0.059972502233	-0.225576502127	0.082062444236
-0.071542375463	0.843334949758	-0.532604779391	1.252750301336
0.222178189409	0.534031330066	0.815749588206	-2.174731477936
0.000000000000	0.000000000000	0.000000000000	1.000000000000
23	58	60
0.971888173426	-0.067639625452	0.225517758554	-0.499613638562
0.163429191499	0.883309322564	-0.439380859890	1.111113967055
-0.169482381741	0.463885246306	0.869532173378	-2.386782667462
0.000000000000	0.000000000000	0.000000000000	1.000000000000
24	25	60
0.911702706061	0.147558218687	-0.383438062611	-0.145428966714
-0.253609249196	0.936374197633	-0.242663781248	-0.017666366457
0.323234472918	0.318480665198	0.891117018922	-0.097818845182
0.000000000000	0.000000000000	0.000000000000	1.000000000000
25	26	60
0.921527177209	0.264349164822	-0.284441875826	-0.105622323261
-0.266510947344	0.963306354227	0.031824249437	0.053629975657
0.282417380151	0.046479963041	0.958164931744	-0.146448018758
0.000000000000	0.000000000000	0.000000000000	1.000000000000
26	27	60
0.975672990753	0.079738788469	-0.204215427253	-0.113036105442
-0.088925968777	0.995380256763	-0.036198294479	0.076053097026
0.200385596268	0.053477752942	0.978256481066	-0.098693395883
0.000000000000	0.000000000000	0.000000000000	1.000000000000
26	28	60
0.905009706846	0.053561793060	-0.422005408543	-0.168889234896
-0.119704381148	0.984019800527	-0.131817651722	0.129951423436
0.408201288152	0.169812150613	0.896959052496	-0.221116365435
0.000000000000	0.000000000000	0.000000000000	1.000000000000
26	50	60
0.991563096111	-0.126932282345	0.026283495392	-1.971490875650
0.125969480916	0.991397856701	0.035524352314	0.249223347648
-0.030566588116	-0.031913718497	0.999023121986	-0.389575733219
0.000000000000	0.000000000000	0.000000000000	1.000000000000
26	51	60
0.831706549511	-0.205691549694	0.515708446590	-1.939862306461
0.250934186111	0.967824009112	-0.018674089755	0.261594114161
-0.495273913851	0.144940242071	0.856560608765	-0.333520735251
0.000000000000	0.000000000000	0.000000000000	1.000000000000
27	28	60
0.979684471290	0.020930047650	-0.199449918072	-0.132998691175
-0.044457488602	0.992459711082	-0.114224575233	0.028907909334
0.195555282263	0.120771085055	0.973227864682	-0.104567624991
0.000000000000	0.000000000000	0.000000000000	1.000000000000
27	50	60
0.943728709813	-0.243307827522	0.224003177077	-1.919428457674
0.229133807657	0.969441214142	0.087643770526	-0.011524403095
-0.238482327360	-0.031385241590	0.970639555215	0.106176616583
0.000000000000	0.000000000000	0.000000000000	1.000000000000
27	51	60
0.659682513406	-0.256255199235	0.706507080199	-1.970474754759
0.294452376135	0.953044494403	0.070738885181	-0.004973018365
-0.691459890156	0.161367482949	0.704161739767	0.231594321475
0.000000000000	0.000000000000	0.000000000000	1.000000000000
28	50	60
0.876758431701	-0.243081839358	0.414976953354	-1.721483967446
0.180362500590	0.966077634967	0.184833361699	0.034965490089
-0.445829587199	-0.087207927335	0.890859560530	0.599707032733
0.000000000000	0.000000000000	0.000000000000	1.000000000000
28	51	60
0.500903796061	-0.279657681253	0.819076900180	-1.712569943065
0.220110769314	0.956405327179	0.191937748701	-0.077067991361
-0.837046376448	0.084145299694	0.540622726321	0.650694362299
0.000000000000	0.000000000000	0.000000000000	1.000000000000
29	41	60
-0.966022975035	-0.211738234238	-0.148211105746	1.984995314046
0.254862444866	-0.685106404293	-0.682403362385	2.334611064927
0.042950505255	-0.696990771071	0.715792650940	1.642256472214
0.000000000000	0.000000000000	0.000000000000	1.000000000000
29	42	60
0.827840532344	0.202093219306	0.523295694344	-0.961445951703
-0.250712999035	0.967791342514	0.022867213874	0.762420629512
-0.501819733693	-0.150127439418	0.851844297281	0.049549304783
0.000000000000	0.000000000000	0.000000000000	1.000000000000
29	43	60
0.458807341458	0.239230048528	0.855724726361	-2.143099072532
-0.277164313636	0.953552335384	-0.117974094322	0.342828162518
-0.844201259577	-0.183048975867	0.503802844140	2.188404048148
0.000000000000	0.000000000000	0.000000000000	1.000000000000
29	45	60
-0.775403223237	0.622593338356	0.105486380299	0.732977580266
-0.609225440994	-0.781525286727	0.134397128885	0.901147764382
0.166115030747	0.039946980375	0.985296927489	1.299302476009
0.000000000000	0.000000000000	0.000000000000	1.000000000000
29	47	60
-0.972637576381	0.225278564843	0.056795362776	1.383839440381
0.214083059121	0.774102115462	0.595763676834	-1.032969125897
0.090247375630	0.591621063738	-0.801149129771	5.112084080711
0.000000000000	0.000000000000	0.000000000000	1.000000000000
29	48	60
-0.224492516572	-0.943575902438	0.243449432822	-0.064954209863
0.506703537083	-0.326425865987	-0.797933380378	2.128809046010
0.832378901409	-0.055773383906	0.551393411402	0.469068046054
0.000000000000	0.000000000000	0.000000000000	1.000000000000
29	49	60
-0.886986678926	-0.397313833770	0.235364289779	0.739721646269
-0.026120551171	-0.465691396163	-0.884561609130	2.563223389153
0.461055688843	-0.790742208962	0.402684008561	1.110736560833
0.000000000000	0.000000000000	0.000000000000	1.000000000000
29	50	60
0.695184793817	-0.289910152083	0.657776714520	-1.226950100037
0.179014889500	0.956057665869	0.232179690910	0.199181392421
-0.696183719849	-0.043655964688	0.716534985164	0.804631962709
0.000000000000	0.000000000000	0.000000000000	1.000000000000
31	32	60
0.890684034088	0.219915615363	-0.397893294164	-0.033636816605
-0.142118166449	0.966040008712	0.215798814483	-0.033069709199
0.431838370443	-0.135660693226	0.891690416079	-0.109887693931
0.000000000000	0.000000000000	0.000000000000	1.000000000000
32	33	60
0.837983876638	0.153634596726	-0.523621459819	0.002920415287
-0.075390628079	0.982942505826	0.167750658534	-0.072049690865
0.540462094593	-0.101096196416	0.835272580286	0.176724259649
0.000000000000	0.000000000000	0.000000000000	1.000000000000
32	35	60
0.941975044273	0.220423951089	-0.253172466420	-0.184700466888
-0.096585627115	0.900279753471	0.424461520193	0.019268585909
0.321487531021	-0.375379337839	0.869330846181	0.532617945054
0.000000000000	0.000000000000	0.000000000000	1.000000000000
32	36	60
0.992069211399	0.025796202269	0.123017217261	-0.443174897382
-0.064588419390	0.944237223713	0.322869015912	-0.042425652534
-0.107828641255	-0.328253897622	0.938414813833	1.046595104314
0.000000000000	0.000000000000	0.000000000000	1.000000000000
33	34	60
0.932050619511	0.246918895370	-0.265165423423	-0.028463456274
-0.148745757361	0.928081033769	0.341379985390	0.100087637171
0.330388169184	-0.278741195139	0.901746640579	0.109287089990
0.000000000000	0.000000000000	0.000000000000	1.000000000000
33	35	60
0.976233984267	-0.038950289202	0.213190250556	0.056290588047
-0.029151114626	0.951175903220	0.307269610683	0.021181489597
-0.214749669330	-0.306181769712	0.927434797395	0.414662244988
0.000000000000	0.000000000000	0.000000000000	1.000000000000
33	36	60
0.803922038127	-0.212225637204	0.555580449194	0.100139150948
0.092134220221	0.967328786525	0.236191245021	-0.115147071894
-0.587554799212	-0.138691375629	0.797210173197	0.971527356508
0.000000000000	0.000000000000	0.000000000000	1.000000000000
34	35	60
0.793956375723	-0.199809764655	0.574203214374	-0.039675775153
0.181635481393	0.979273969065	0.089616100179	-0.170747630334
-0.580208432676	0.033144403155	0.813793354109	0.321414881246
0.000000000000	0.000000000000	0.000000000000	1.000000000000
35	36	60
0.912348504248	-0.253499976217	0.321493341850	0.070498938640
0.278858487314	0.959707967558	-0.034620240601	-0.294421841597
-0.299763491521	0.121236871719	0.946278748619	0.459986729504
0.000000000000	0.000000000000	0.000000000000	1.000000000000
35	37	60
-0.870154087760	0.434846795144	-0.231819171572	1.326498547119
-0.492462775582	-0.784231775341	0.377439978290	-0.076635060932
-0.017671395561	0.442593252658	0.896548344754	0.798559939716
0.000000000000	0.000000000000	0.000000000000	1.000000000000
36	37	60
0.962664384460	-0.013776444758	0.270346985303	-0.147217179596
-0.025956343440	0.989404650697	0.142845039870	-0.027929045325
-0.269450461362	-0.144529051578	0.952107032913	0.604814259138
0.000000000000	0.000000000000	0.000000000000	1.000000000000
37	38	60
0.505233810891	-0.422671025687	0.752388197925	0.042197959580
0.552773744658	0.828016688254	0.093965691556	-0.346000794899
-0.662706559157	0.368425797166	0.651983472515	0.498178153804
0.000000000000	0.000000000000	0.000000000000	1.000000000000
38	39	60
0.925947117237	-0.026069493038	0.376752329273	-0.179624527711
0.110161507240	0.972873109267	-0.203426536095	-0.090938190553
-0.361228983337	0.229865819115	0.903700905610	0.076624018318
0.000000000000	0.000000000000	0.000000000000	1.000000000000
38	40	60
0.929017418613	-0.065972075124	0.364107568195	-0.154583798805
0.086250027503	0.995482361827	-0.039696348028	-0.238446649671
-0.359843811491	0.068282886544	0.930510547354	0.331029979730
0.000000000000	0.000000000000	0.000000000000	1.000000000000
38	41	60
0.840223740077	-0.123288361048	0.528037921594	-0.117431785127
0.129054737444	0.991294015825	0.026096914244	-0.446541324135
-0.526658277590	0.046218548441	0.848819712557	0.482615586273
0.000000000000	0.000000000000	0.000000000000	1.000000000000
38	46	60
0.926298061258	0.046015708276	0.373971197154	-0.296231500375
0.062016644231	0.960359368670	-0.271778988970	-0.113152039609
-0.371652845472	0.274940789260	0.886725281501	-0.148455595905
0.000000000000	0.000000000000	0.000000000000	1.000000000000
38	47	60
0.848974154455	-0.109488661025	0.516967231239	-0.088908671780
0.129717095572	0.991546433519	-0.003024118525	-0.344789996610
-0.512265907693	0.069626886210	0.855999846105	0.440523549380
