0	1	60
0.835295071126	-0.085621824352	0.543093958121	0.000320046122
0.045759466040	0.995198720509	0.086519234655	0.010730166597
-0.547894346950	-0.047417400732	0.835202594996	0.082673995990
0.000000000000	0.000000000000	0.000000000000	1.000000000000
0	51	60
-0.290522385192	0.325202684664	-0.899911083157	1.544816593385
-0.082783582622	0.928406931295	0.362225687068	-0.377994763349
0.953280453041	0.179732534090	-0.242801552794	2.171823121979
0.000000000000	0.000000000000	0.000000000000	1.000000000000
0	52	60
0.212034070986	0.415781966740	-0.884402006372	1.000321137678
-0.131978674138	0.908871500225	0.395644064346	-0.366822346231
0.968309445536	0.032832182582	0.247586076897	1.779807158705
0.000000000000	0.000000000000	0.000000000000	1.000000000000
0	53	60
0.539166453604	0.451574788468	-0.710900658129	0.573395573525
-0.098922149254	0.872213455181	0.479017846210	-0.235760258889
0.836369501892	-0.187946532346	0.514938984040	1.748347289176
0.000000000000	0.000000000000	0.000000000000	1.000000000000
0	54	60
0.735197394866	0.343311143450	-0.584484601478	0.423939173602
-0.090961535946	0.904426322907	0.416820135563	-0.226501774975
0.671722256264	-0.253279460706	0.696159985366	1.550186056948
0.000000000000	0.000000000000	0.000000000000	1.000000000000
0	55	60
0.761796134981	0.213694587498	-0.611556434029	0.424933156002
-0.138574441453	0.975929777712	0.168398910777	-0.435034634948
0.632822070494	-0.043539548102	0.773072140778	1.465731452367
0.000000000000	0.000000000000	0.000000000000	1.000000000000
0	56	60
0.720926209175	0.045317154277	-0.691528565174	0.570023927380
-0.103711799615	0.993677306376	-0.043003179111	-0.551608619389
0.685207460222	0.102721790879	0.721067937253	1.452669273677
0.000000000000	0.000000000000	0.000000000000	1.000000000000
0	57	60
0.697557112414	-0.006047230186	-0.716503667769	0.559679497640
-0.097302412637	0.989901966494	-0.103084126942	-0.364601972374
0.709891763169	0.141624601462	0.689924747234	0.927272846560
0.000000000000	0.000000000000	0.000000000000	1.000000000000
0	58	60
0.911754709990	0.042501511633	-0.408530256309	0.321038134560
-0.077544973243	0.994556814584	-0.069595399916	-0.405889025854
0.403348640677	0.095133401461	0.910087638632	0.614296161037
0.000000000000	0.000000000000	0.000000000000	1.000000000000
0	59	60
0.529679931539	0.299678940486	-0.793493353945	0.522910286565
-0.201943247353	0.953160058471	0.225177325197	-0.349596398167
0.823807073879	0.040968714454	0.565387892922	0.966610505843
0.000000000000	0.000000000000	0.000000000000	1.000000000000
1	3	60
0.465107296741	-0.156846312521	0.871248780066	-0.623631322501
0.095506169355	0.987325173120	0.126757935206	-0.042958241549
-0.880087367330	0.024253592955	0.474191932761	0.701352786895
0.000000000000	0.000000000000	0.000000000000	1.000000000000
1	4	60
0.183377671586	-0.337479612366	0.923298511209	-1.087135491983
0.135937472583	0.938907500417	0.316186193892	-0.172715263257
-0.973598291449	0.067529378030	0.218050796814	0.840670583062
0.000000000000	0.000000000000	0.000000000000	1.000000000000
1	5	60
0.258315367386	-0.260542226613	0.930263897571	-0.977009340481
0.116621713912	0.964313437385	0.237695120527	-0.204756267859
-0.958995592699	0.047088667741	0.279481860867	1.020371788120
0.000000000000	0.000000000000	0.000000000000	1.000000000000
1	6	60
0.203852731789	0.051019158512	0.977671268478	-0.983447637546
0.092006693263	0.993222862621	-0.071014882680	-0.180661433097
-0.974668575536	0.104428878343	0.197777089753	1.321367817955
0.000000000000	0.000000000000	0.000000000000	1.000000000000
1	7	60
0.500497768055	-0.223405489581	0.836416147260	-0.739773591032
0.209111495296	0.968720519900	0.133614882629	-0.217433811886
-0.840103783295	0.108030280709	0.531559114062	0.920347677008
0.000000000000	0.000000000000	0.000000000000	1.000000000000
1	8	60
0.828574746535	-0.220250776057	0.514736325755	-0.195898480512
0.177368483709	0.975278861340	0.131801227648	-0.224025708170
-0.531040780347	-0.017909167182	0.847156981521	1.377145157618
0.000000000000	0.000000000000	0.000000000000	1.000000000000
1	37	60
-0.691092386253	0.347011197307	-0.634014623339	1.722055613985
-0.302855202219	0.657448182541	0.689956965153	-0.379877138339
0.656254554386	0.668838632420	-0.349263286977	2.481090076683
0.000000000000	0.000000000000	0.000000000000	1.000000000000
1	38	60
-0.583029369230	-0.363184626956	0.726755585708	-0.273940578747
0.278048211865	0.751310770105	0.598515930117	-0.749206579020
-0.763391083583	0.551025456279	-0.337053408288	3.171972534929
0.000000000000	0.000000000000	0.000000000000	1.000000000000
1	46	60
-0.763395194292	-0.130339460513	0.632644767911	-0.488787548606
0.106078514515	0.940834279891	0.321835682517	-0.813622670851
-0.637161773877	0.312797830580	-0.704402151540	3.403723424919
0.000000000000	0.000000000000	0.000000000000	1.000000000000
2	3	60
0.832996038184	-0.144593586529	0.534050835693	-0.581446695586
0.136404019406	0.989122841181	0.055044968384	-0.022291180512
-0.536201029335	0.026994439970	0.843658554364	0.145021583811
0.000000000000	0.000000000000	0.000000000000	1.000000000000
2	4	60
0.651650521435	-0.221924285182	0.725328346034	-1.072601695665
0.126551417185	0.974648899882	0.184510868967	-0.029621004966
-0.747887917219	-0.028445273858	0.663215296622	0.021640815435
0.000000000000	0.000000000000	0.000000000000	1.000000000000
2	6	60
0.700398513287	0.034766690369	0.712904762101	-1.090743878870
0.117724944774	0.979506071452	-0.163427945486	-0.135961251440
-0.703976391623	0.198391363796	0.681951689497	0.467041195114
0.000000000000	0.000000000000	0.000000000000	1.000000000000
2	9	60
-0.826419272333	0.473296796542	-0.304993981415	-0.407873684452
-0.546259936650	-0.542641887008	0.638075124163	-2.017469922698
0.136496402619	0.693923572771	0.706992791494	1.392034268665
0.000000000000	0.000000000000	0.000000000000	1.000000000000
2	36	60
-0.907240706614	0.114383351101	-0.404760113219	0.129763169360
-0.145963356261	0.816891980482	0.558016299810	-1.274521620486
0.394473064849	0.565335246748	-0.724421879773	4.485191914819
0.000000000000	0.000000000000	0.000000000000	1.000000000000
2	37	60
0.798236565375	-0.334878787564	0.500674128889	-1.962889294136
0.188253380321	0.928270029881	0.320741977955	-0.571243896436
-0.572170473282	-0.161774377652	0.804021144149	2.069325471408
0.000000000000	0.000000000000	0.000000000000	1.000000000000
2	38	60
-0.081336690201	-0.488457355647	0.868788670818	-1.649868344078
0.381740137491	0.789939347291	0.479864871635	-0.720726044727
-0.920683881827	0.370682127051	0.122212726135	2.303440358590
0.000000000000	0.000000000000	0.000000000000	1.000000000000
2	39	60
-0.470774679526	-0.275717227809	0.838063966179	-1.470376778183
0.248666738050	0.869933349270	0.425888273160	-0.855717154769
-0.846484527032	0.408896048058	-0.340980890048	2.530382861901
0.000000000000	0.000000000000	0.000000000000	1.000000000000
2	40	60
-0.498023384499	-0.420911632894	0.758159683567	-1.130913515420
0.208723830087	0.790409240618	0.575923254523	-0.857877363829
-0.841669217238	0.445069241401	-0.305787997006	2.575935522961
0.000000000000	0.000000000000	0.000000000000	1.000000000000
2	41	60
-0.644036513585	-0.403066621357	0.650195561287	-0.943163224593
0.152621626198	0.765148304793	0.625503565849	-0.889970017349
-0.749615640436	0.502081039695	-0.431266763377	2.462685456071
0.000000000000	0.000000000000	0.000000000000	1.000000000000
2	45	60
-0.663201799636	-0.056838615120	0.746279267293	-1.209070008646
0.182499556189	0.954733820759	0.234898368426	-1.049493027440
-0.725849354171	0.291980655746	-0.622808166067	2.513934965834
0.000000000000	0.000000000000	0.000000000000	1.000000000000
2	46	60
-0.495418131583	-0.213609679962	0.841980866484	-1.606721319451
0.194775065214	0.917295110932	0.347321685807	-0.995991738122
-0.846536206473	0.336066338819	-0.412838790623	2.750286690872
0.000000000000	0.000000000000	0.000000000000	1.000000000000
2	47	60
-0.621346098618	-0.405609123981	0.670380686085	-1.025609378721
0.145702504740	0.780848399905	0.607492021741	-0.841530522396
-0.769869992820	0.475138942742	-0.426078841584	2.439065376499
0.000000000000	0.000000000000	0.000000000000	1.000000000000
2	49	60
-0.737369583598	-0.473982217647	0.481276380617	-0.528593120696
0.244627696084	0.476745322182	0.844316995024	-0.757878726362
-0.629637504834	0.740307203215	-0.235588321812	1.889065844377
0.000000000000	0.000000000000	0.000000000000	1.000000000000
3	8	60
0.861823130508	0.200923958812	-0.465714992776	-0.440364027022
-0.166872250850	0.979396323511	0.113738706645	-0.178665344670
0.478972382938	-0.020307739121	0.877595038793	0.668495729661
0.000000000000	0.000000000000	0.000000000000	1.000000000000
3	45	60
-0.128279206428	0.007499855569	0.991709734431	-2.036021406063
0.225184439678	0.974073100965	0.021761482117	-0.680212812481
-0.965834568301	0.226109146528	-0.126642175168	1.657654184066
0.000000000000	0.000000000000	0.000000000000	1.000000000000
3	48	60
-0.334749257981	-0.674403260270	0.658120943914	-1.161388488085
0.099208943120	0.669309337725	0.736330493759	-0.632705782633
-0.937070178741	0.311777569706	-0.157143969475	1.566789792195
0.000000000000	0.000000000000	0.000000000000	1.000000000000
3	49	60
-0.280669902979	-0.711028262505	0.644719485885	-1.015011286301
0.341108225082	0.553973618501	0.759446119739	-0.693978691009
-0.897145241498	0.433072788251	0.087053866849	1.479384301913
0.000000000000	0.000000000000	0.000000000000	1.000000000000
4	8	60
0.734121643499	0.158872242361	-0.660170450075	-0.439735940794
-0.171307532110	0.984127361191	0.046336447839	-0.370053600445
0.657053378340	0.079075581333	0.749685207570	0.914568983021
0.000000000000	0.000000000000	0.000000000000	1.000000000000
4	30	60
0.851015444900	-0.215708695413	0.478792722652	-1.624374843883
0.310839637246	0.941777171230	-0.128197034550	-0.350234125105
-0.423262840866	0.257925412618	0.868517731004	-0.356348436169
0.000000000000	0.000000000000	0.000000000000	1.000000000000
4	41	60
0.143354976828	-0.541065223094	0.828672296494	-1.869583361498
0.300274085807	0.821629308720	0.484521157892	-0.944235067789
-0.943018994513	0.179370296901	0.280252515739	1.589941130818
0.000000000000	0.000000000000	0.000000000000	1.000000000000
4	45	60
0.151656246298	-0.077781930596	0.985368131325	-2.171538641391
0.317687820438	0.947840888164	0.025924881295	-0.931056750534
-0.935988692081	0.309107783787	0.168456363187	1.392246301773
0.000000000000	0.000000000000	0.000000000000	1.000000000000
4	47	60
0.170744741690	-0.528816455777	0.831384020345	-1.905077402710
0.283806338014	0.834410201892	0.472454841738	-0.915224819186
-0.943557203188	0.155282874385	0.292552616181	1.544148153311
0.000000000000	0.000000000000	0.000000000000	1.000000000000
4	48	60
-0.050141574225	-0.739819546509	0.670934319541	-1.311577241918
0.208177772144	0.649281845636	0.731501948126	-0.862524093030
-0.976804912825	0.176352271125	0.121457971125	1.551192213579
0.000000000000	0.000000000000	0.000000000000	1.000000000000
4	49	60
-0.037689254852	-0.804704742533	0.592477676722	-1.155353921795
0.414464874601	0.526909069757	0.742014622450	-0.919137179625
-0.909284547208	0.273527164196	0.313663039991	1.538897738681
0.000000000000	0.000000000000	0.000000000000	1.000000000000
5	8	60
0.723710872894	0.203879830983	-0.659299315162	-0.122468379453
-0.203204004521	0.975964586597	0.078748068259	-0.207203561767
0.659507926413	0.076981427800	0.747745380977	0.832092692361
0.000000000000	0.000000000000	0.000000000000	1.000000000000
5	37	60
0.971180729072	-0.067541603283	-0.228574109001	-1.893935101950
0.126131785395	0.959357662067	0.252435435203	-0.369753324794
0.202234428801	-0.273990890468	0.940228816697	0.532427579346
0.000000000000	0.000000000000	0.000000000000	1.000000000000
5	41	60
0.066394940732	-0.563919032900	0.823156750673	-1.565031674836
0.235145974859	0.810584084908	0.536339269308	-0.842053629345
-0.969689683534	0.157951782601	0.186421973008	1.611696123177
0.000000000000	0.000000000000	0.000000000000	1.000000000000
5	45	60
0.033486577476	-0.094967532034	0.994916989999	-1.923568225812
0.281651011502	0.956025871151	0.081775555090	-0.839964330914
-0.958932404734	0.277480993133	0.058761735861	1.483123193551
0.000000000000	0.000000000000	0.000000000000	1.000000000000
5	47	60
0.127590602010	-0.521877971874	0.843423986351	-1.636419990238
0.240276883146	0.841307360626	0.484219933896	-0.722045873900
-0.962282524888	0.140873373740	0.232738125082	1.509282461168
0.000000000000	0.000000000000	0.000000000000	1.000000000000
5	48	60
-0.147954664136	-0.733905234332	0.662942323571	-1.053559686140
0.177904010425	0.639635429540	0.747807916749	-0.688414380967
-0.972861542274	0.228581767205	0.035927639313	1.534484838026
0.000000000000	0.000000000000	0.000000000000	1.000000000000
5	49	60
-0.074000043202	-0.801534696042	0.593351602886	-0.884287727836
0.389178175351	0.524595881567	0.757191857374	-0.739659317095
-0.918185352441	0.286951724310	0.273119692586	1.438383627093
0.000000000000	0.000000000000	0.000000000000	1.000000000000
6	8	60
0.762702965773	0.154805381393	-0.627948628387	-0.041984041287
0.039390811289	0.958009557153	0.284017697316	0.026587562988
0.645548255351	-0.241356545995	0.724578820915	0.721552192077
0.000000000000	0.000000000000	0.000000000000	1.000000000000
6	40	60
0.213304883185	-0.481124855456	0.850305768692	-1.717365385022
0.012005571612	0.871561058716	0.490139966928	-0.208752533316
-0.976911916735	-0.094340841592	0.191684408725	1.595897748700
0.000000000000	0.000000000000	0.000000000000	1.000000000000
6	41	60
-0.040760642457	-0.532893699220	0.845199902602	-1.527067574429
-0.006229799820	0.846021999774	0.533111588219	-0.292312959651
-0.999149518151	0.016464544636	-0.037804221315	1.833149744805
0.000000000000	0.000000000000	0.000000000000	1.000000000000
6	45	60
-0.053973804842	-0.085713825738	0.994856757764	-1.817503743602
0.019869124341	0.996019580079	0.086891967395	-0.376583847129
-0.998344653058	0.024456822712	-0.052055907773	1.674394295045
0.000000000000	0.000000000000	0.000000000000	1.000000000000
6	47	60
0.011226742927	-0.497210802468	0.867557132501	-1.589431284394
0.025508655134	0.867471864416	0.496831835695	-0.178548445688
-0.999611558935	0.016552412404	0.022422062508	1.675728965329
0.000000000000	0.000000000000	0.000000000000	1.000000000000
7	8	60
0.885495458782	0.167029527877	-0.433588433072	-0.085725188971
-0.119797805075	0.983675385192	0.134280387496	-0.113720721641
0.448939058643	-0.066961730743	0.891049857326	0.707439355211
0.000000000000	0.000000000000	0.000000000000	1.000000000000
7	37	60
0.994584549476	-0.101697092514	-0.021430709671	-1.779684971856
0.102258744600	0.920717808904	0.376592439542	-0.360783122872
-0.018566720113	-0.376744499285	0.926131124173	0.883381474888
0.000000000000	0.000000000000	0.000000000000	1.000000000000
7	40	60
0.077009909572	-0.458063154732	0.885577563009	-1.470528327207
0.186045392699	0.879216692218	0.438594482388	-0.501247254733
-0.979518547902	0.130981504048	0.152928937464	1.738094370668
0.000000000000	0.000000000000	0.000000000000	1.000000000000
7	41	60
-0.145062109015	-0.504569814646	0.851097107665	-1.241906519019
0.176313225127	0.833245571997	0.524037654557	-0.626218325069
-0.973586478528	0.226077683322	-0.031910028680	1.824309769393
0.000000000000	0.000000000000	0.000000000000	1.000000000000
7	45	60
-0.120028659686	-0.046904268737	0.991661792361	-1.571869197133
0.196734797943	0.977949836999	0.070068078262	-0.677769312162
-0.973081980170	0.203504559869	-0.108154306343	1.645571293846
0.000000000000	0.000000000000	0.000000000000	1.000000000000
7	47	60
-0.081820548421	-0.501467860056	0.861298660853	-1.288974027645
0.170739641821	0.844367648043	0.507829941663	-0.586404007014
-0.981913118645	0.188608749186	0.016533818779	1.687016004420
0.000000000000	0.000000000000	0.000000000000	1.000000000000
7	49	60
-0.234207739999	-0.747253531089	0.621899424987	-0.565891894141
0.316616061104	0.546189069098	0.775520322525	-0.587446970042
-0.919184967444	0.378536208404	0.108670762174	1.460999991961
0.000000000000	0.000000000000	0.000000000000	1.000000000000
8	10	60
-0.156913835079	-0.107893962718	0.981701044702	-1.981249983682
-0.242116347652	-0.959479077224	-0.144151221184	1.361343965172
0.957474658965	-0.260305192376	0.124432649499	2.023563924479
0.000000000000	0.000000000000	0.000000000000	1.000000000000
8	32	60
0.239607799036	-0.944812738507	-0.223421108662	-0.092262057606
-0.945876568125	-0.279053766788	0.165669891992	-1.379460617936
-0.218873526293	0.171632993321	-0.960539689493	4.723652244725
0.000000000000	0.000000000000	0.000000000000	1.000000000000
8	33	60
-0.927682164503	0.080187252829	0.364658478780	-0.369258273403
0.307269262845	-0.390881300683	0.867638985343	-1.838809842921
0.212111767173	0.916941553895	0.337974533015	0.283543744134
0.000000000000	0.000000000000	0.000000000000	1.000000000000
8	39	60
-0.471636048871	-0.330128671965	0.817664049199	-0.876912064373
0.235726251812	0.846324525511	0.477669270234	-0.827441645486
-0.849701460286	0.418030928839	-0.321337160817	1.604779974833
0.000000000000	0.000000000000	0.000000000000	1.000000000000
8	40	60
-0.380332670922	-0.567164481110	0.730528240930	-0.519437848680
0.287119583665	0.678450854475	0.676215041786	-0.838170925278
-0.879152662571	0.466935637351	-0.095192995887	1.336909015705
0.000000000000	0.000000000000	0.000000000000	1.000000000000
8	46	60
-0.503458767353	-0.376053400445	0.777890165505	-0.904400785221
0.224833613593	0.812279649468	0.538192918254	-1.179020619600
-0.834253627966	0.445853800111	-0.324399866141	1.621434169935
0.000000000000	0.000000000000	0.000000000000	1.000000000000
9	12	60
0.592826808865	-0.015897689522	-0.805173048580	0.260996124275
-0.364836724644	0.886021089665	-0.286113252085	-0.306132075922
0.717948841522	0.463372304023	0.519456994199	0.821813777521
0.000000000000	0.000000000000	0.000000000000	1.000000000000
9	32	60
0.660078825361	-0.137032847291	0.738591865020	-1.920005409739
0.388930971546	0.903520324460	-0.179954779485	-0.140500788943
-0.642673045710	0.406045591099	0.649690952890	-0.468042380351
0.000000000000	0.000000000000	0.000000000000	1.000000000000
9	33	60
-0.258421650425	-0.601016929395	-0.756304767387	2.010929714573
-0.806421194752	-0.296841872100	0.511438910940	-1.030859550007
-0.531886366855	0.742067081569	-0.407962423766	3.233802699333
0.000000000000	0.000000000000	0.000000000000	1.000000000000
10	32	60
0.140024523631	-0.090883097546	0.985968252715	-2.356235003753
0.372426122230	0.927489034797	0.032601745524	-0.383771688856
-0.917437690670	0.362635289115	0.163718449866	0.412189858331
0.000000000000	0.000000000000	0.000000000000	1.000000000000
10	33	60
0.641208821907	-0.242147149365	0.728159326496	-2.091343223916
0.357016386097	0.934090571306	-0.003755616581	-0.489963455878
-0.679257349439	0.262372945732	0.685397614951	0.276755372013
0.000000000000	0.000000000000	0.000000000000	1.000000000000
10	35	60
0.426382966045	-0.481256811077	0.765891276918	-1.819376169007
0.282436103775	0.875216439494	0.392716222383	-0.545842856362
-0.859317993266	0.048867840454	0.509101680039	0.702831630589
0.000000000000	0.000000000000	0.000000000000	1.000000000000
10	36	60
0.006928519399	-0.468587316737	0.883390017044	-1.324860295298
0.312962600847	0.840047387649	0.443141960296	-0.663466503359
-0.949740178201	0.273397719628	0.152470589991	0.999652003336
0.000000000000	0.000000000000	0.000000000000	1.000000000000
11	32	60
0.152567773165	-0.212234417752	-0.965235529036	3.167060113029
-0.897389222350	0.379404206262	-0.225266579591	0.421540940040
0.414023741108	0.900560381203	-0.132572024224	1.722184767390
0.000000000000	0.000000000000	0.000000000000	1.000000000000
11	33	60
-0.336697311063	-0.092687838064	-0.937039959339	3.028236253180
-0.893577437661	0.345239138917	0.286930827662	0.348664500558
0.296907870603	0.933926603987	-0.199064850587	1.572457186432
0.000000000000	0.000000000000	0.000000000000	1.000000000000
11	35	60
-0.194820247289	0.279122127888	-0.940285014753	2.615332540621
-0.935940647135	0.233821653697	0.263329715952	0.249812577901
0.293360147749	0.931352925580	0.215688552610	1.337885283876
0.000000000000	0.000000000000	0.000000000000	1.000000000000
11	36	60
-0.020833634542	-0.379245693752	0.925061437658	-1.416354578706
-0.311409572868	0.881695360677	0.354453620220	-0.193348410914
-0.950047387028	-0.280688429992	-0.136469658425	1.439921829606
0.000000000000	0.000000000000	0.000000000000	1.000000000000
12	13	60
0.749716710263	0.047995586142	-0.660016119548	0.003548690290
-0.004155197036	0.997688187522	0.067830780747	-0.080097495495
0.661745864128	-0.048111372773	0.748182936934	0.637694832038
0.000000000000	0.000000000000	0.000000000000	1.000000000000
12	14	60
0.369392550167	0.924058889172	-0.098307238917	-1.276030977808
0.551307633222	-0.303079824712	-0.777304646457	0.447603890769
-0.748070208892	0.232933014396	-0.621396148502	2.074354526070
0.000000000000	0.000000000000	0.000000000000	1.000000000000
12	32	60
-0.055688512014	-0.175420984747	0.982917223239	-2.169958595569
-0.036439362939	0.984146137011	0.173575787009	-0.468115592144
-0.997783023737	-0.026150700136	-0.061197862905	0.955577288549
0.000000000000	0.000000000000	0.000000000000	1.000000000000
12	33	60
0.475885012550	-0.200626955079	0.856319029174	-1.996976195916
0.228834993613	0.968345988591	0.099702517914	-0.325468371735
-0.849216109437	0.148508825583	0.506731810918	0.991066608817
0.000000000000	0.000000000000	0.000000000000	1.000000000000
12	35	60
0.050639409518	-0.865738447784	-0.497928298285	2.001666966685
0.970954935724	0.159412560155	-0.178421266833	0.107608031024
0.233842175403	-0.474430791258	0.848665576838	-0.348146186502
0.000000000000	0.000000000000	0.000000000000	1.000000000000
13	17	60
0.998500826805	-0.032359851967	-0.044146787540	-0.456765711087
0.041854904331	0.971139022658	0.234813044048	-0.177589950667
0.035274152759	-0.236308778196	0.971037535575	1.438223452145
0.000000000000	0.000000000000	0.000000000000	1.000000000000
13	18	60
0.994848573218	0.018079692406	-0.099746885105	-0.763714005007
0.003148647649	0.977981367686	0.208668470251	-0.251217748175
0.101323256874	-0.207907597700	0.972886441696	1.738404060395
0.000000000000	0.000000000000	0.000000000000	1.000000000000
13	19	60
0.999856192820	-0.002682383004	-0.016745103779	-1.072460026504
0.006310328503	0.975355088396	0.220550745393	-0.324207414651
0.015740820606	-0.220624695718	0.975231752050	1.961847632057
0.000000000000	0.000000000000	0.000000000000	1.000000000000
13	23	60
-0.396492185525	-0.367822758986	0.841130408908	-1.828354900977
-0.918038003957	0.158447612397	-0.363456431250	0.033209065666
0.000412442307	-0.916297316431	-0.400498511600	2.980560223299
0.000000000000	0.000000000000	0.000000000000	1.000000000000
13	54	60
0.960090627077	-0.135934949359	0.244433380170	-1.951698169606
0.009607836755	0.889460399625	0.456911246274	-0.102451377665
-0.279524019132	-0.436327728940	0.855268633639	0.395570005874
0.000000000000	0.000000000000	0.000000000000	1.000000000000
13	55	60
0.946316746297	-0.097652476251	0.308137322568	-1.977148970371
0.042859856520	0.982764699401	0.179823742344	-0.303621719389
-0.320386716916	-0.156963497329	0.934192063834	0.312487070528
0.000000000000	0.000000000000	0.000000000000	1.000000000000
13	56	60
0.979549744563	-0.046273329897	0.195808776275	-1.790846534922
0.064077891171	0.994267700800	-0.085590671278	-0.330983029658
-0.190725776415	0.096387333644	0.976899769743	0.191188878818
0.000000000000	0.000000000000	0.000000000000	1.000000000000
13	57	60
0.988140742543	-0.085404069651	0.127608846925	-2.111472065694
0.089331895337	0.995678744788	-0.025370251353	-0.447138290830
-0.124890693816	0.036468919168	0.991500041620	-0.128173974996
0.000000000000	0.000000000000	0.000000000000	1.000000000000
13	58	60
0.909686315252	-0.086939580837	0.406093975733	-2.239609031023
0.050651574970	0.993768612450	0.099289288759	-0.743957930927
-0.412195615935	-0.069752807778	0.908421333970	-0.300584098039
0.000000000000	0.000000000000	0.000000000000	1.000000000000
14	17	60
0.922932298076	-0.189874660130	0.334878465430	-0.012189730201
0.114136134773	0.965751884283	0.233015537557	-0.174163808113
-0.367653254993	-0.176835831902	0.912995165731	1.070404532704
0.000000000000	0.000000000000	0.000000000000	1.000000000000
14	18	60
0.948595314215	-0.114458806977	0.295069672035	-0.178384040311
0.054451320420	0.977434520291	0.204100005508	-0.279473169759
-0.311772326473	-0.177541375598	0.933422239073	1.500313098802
0.000000000000	0.000000000000	0.000000000000	1.000000000000
14	19	60
0.889985203425	-0.130328489920	0.436967758993	-0.410746080988
0.065983444076	0.985007407043	0.159394457800	-0.340693999029
-0.451190118234	-0.113026071262	0.885241540159	1.835060884754
0.000000000000	0.000000000000	0.000000000000	1.000000000000
14	23	60
0.800169633817	-0.440263806666	0.407303741275	-0.355471248965
0.163817467032	0.813702133194	0.557720966013	-0.444554179586
-0.576968278688	-0.379547913939	0.723222639588	2.109822477753
0.000000000000	0.000000000000	0.000000000000	1.000000000000
14	24	60
0.979094286183	0.154565979469	-0.132226081974	-0.384840148933
-0.037920445848	0.777361962642	0.627909562616	-0.348526334281
0.199840983159	-0.609768593016	0.766971866773	1.970880198989
0.000000000000	0.000000000000	0.000000000000	1.000000000000
14	25	60
0.795307052654	0.264539757148	-0.545440564027	-0.523701480053
-0.067228130035	0.932698682923	0.354335357262	-0.385070912426
0.602467485040	-0.245136459470	0.759566353723	1.844462464986
0.000000000000	0.000000000000	0.000000000000	1.000000000000
14	54	60
0.722333399209	-0.318347044466	0.613913364953	-1.924421489852
0.028618641667	0.900742163008	0.433410347279	-0.109885378470
-0.690952555344	-0.295497402796	0.659746808408	0.862808969185
0.000000000000	0.000000000000	0.000000000000	1.000000000000
14	55	60
0.721331316575	-0.215412327041	0.658239060743	-1.871134181350
0.129402543745	0.975583516284	0.177459247231	-0.358556807760
-0.680394086836	-0.042829103591	0.731593845303	0.675789000372
0.000000000000	0.000000000000	0.000000000000	1.000000000000
14	56	60
0.760286366118	0.038180628650	0.648465019172	-1.925809843882
0.034016757805	0.994561339094	-0.098440860260	-0.339218028030
-0.648696771753	0.096901921427	0.754852645184	0.658629018827
0.000000000000	0.000000000000	0.000000000000	1.000000000000
14	57	60
0.842648293449	-0.056500818804	0.535491840294	-2.234410999214
0.087440926433	0.995637939488	-0.032545012476	-0.465056977870
-0.531317172630	0.074247901836	0.843913094543	0.367916046704
0.000000000000	0.000000000000	0.000000000000	1.000000000000
14	58	60
0.359473829868	-0.090111957181	0.928794057266	-2.961425586114
-0.017564124283	0.994496779159	0.103284354000	-0.777654050291
-0.932989853738	-0.053441476553	0.355912828380	1.231289608331
0.000000000000	0.000000000000	0.000000000000	1.000000000000
15	17	60
0.892551781819	-0.206953470414	0.400651441847	-0.068646116999
0.211433192327	0.976816578662	0.033546636706	-0.345328742255
-0.398305563548	0.054768902994	0.915616210708	0.906434710221
0.000000000000	0.000000000000	0.000000000000	1.000000000000
15	18	60
0.931956459366	-0.148726032882	0.330662554561	-0.173292075229
0.151497535521	0.988302144292	0.017531922870	-0.544303544415
-0.329401965047	0.033755573342	0.943586194627	1.292997272166
0.000000000000	0.000000000000	0.000000000000	1.000000000000
15	19	60
0.881353387004	-0.213352652897	0.421541045118	-0.351462881561
0.226518009922	0.973816300424	0.019271850184	-0.714388019532
-0.414615241397	0.078501328207	0.906604513044	1.603888155756
0.000000000000	0.000000000000	0.000000000000	1.000000000000
15	23	60
0.866011153500	-0.365596569761	0.341121430274	-0.269145159945
0.254978599854	0.909730309389	0.327683807648	-0.782291261927
-0.430128580345	-0.196799167573	0.881055896077	1.826877854037
0.000000000000	0.000000000000	0.000000000000	1.000000000000
15	24	60
0.981923160013	0.073573736999	-0.174395564894	-0.312524452931
0.011774328759	0.895836103624	0.444228590509	-0.707113280337
0.188913400830	-0.438251732076	0.878775936357	1.734802997271
0.000000000000	0.000000000000	0.000000000000	1.000000000000
15	25	60
0.822332066892	0.169724935186	-0.543105347181	-0.442405999599
-0.090038813425	0.981266008071	0.170323320430	-0.772511308571
0.561838930511	-0.091161767104	0.822208336361	1.620089541300
0.000000000000	0.000000000000	0.000000000000	1.000000000000
15	54	60
0.687289807955	-0.396716048110	0.608480975096	-1.946237971752
0.237967807224	0.914429484450	0.327398901483	-0.382522731756
-0.686297342707	-0.080219044744	0.722883712815	0.766935461537
0.000000000000	0.000000000000	0.000000000000	1.000000000000
15	55	60
0.691012834023	-0.256360055330	0.675855594966	-1.873545709486
0.294222131892	0.953790741596	0.060963582169	-0.563624404975
-0.660253436432	0.156725056315	0.734508445426	0.522170295326
0.000000000000	0.000000000000	0.000000000000	1.000000000000
15	56	60
0.775384214914	-0.082696665962	0.626051579904	-1.788334415092
0.291538635236	0.926291702318	-0.238723493570	-0.489663710355
-0.560164746683	0.367620651836	0.742341237516	0.363035867685
0.000000000000	0.000000000000	0.000000000000	1.000000000000
15	57	60
0.822146616606	-0.121646956891	0.556126746958	-2.201643423683
0.296284127169	0.925599523783	-0.235544555363	-0.490950298456
-0.486097373775	0.358423687070	0.797020579255	0.174337336522
0.000000000000	0.000000000000	0.000000000000	1.000000000000
15	58	60
0.502305058627	-0.207037343670	0.839538662840	-2.595108191048
0.280409249470	0.957444524813	0.068342042092	-1.130845130521
-0.817961050961	0.201085852888	0.538984414319	0.338453726102
0.000000000000	0.000000000000	0.000000000000	1.000000000000
16	17	60
0.908595667603	-0.163422211952	0.384378841059	0.069382870384
0.151426686579	0.986553478378	0.061499535705	-0.158719794981
-0.389260672820	0.002327002591	0.921124700382	0.502709009438
0.000000000000	0.000000000000	0.000000000000	1.000000000000
16	19	60
0.890370935996	-0.159457394081	0.426395281172	-0.253226753212
0.170018700312	0.985348838246	0.013465084929	-0.447903227082
-0.422295202290	0.060506251252	0.904436706288	1.217596133916
0.000000000000	0.000000000000	0.000000000000	1.000000000000
16	20	60
0.539875456603	-0.388573008958	0.746689699987	-0.232339054104
0.283174789450	0.919211455150	0.273609830492	-0.377877809949
-0.792683120785	0.063728466410	0.606293784062	1.175213445492
0.000000000000	0.000000000000	0.000000000000	1.000000000000
16	21	60
0.433385164485	-0.627841026449	0.646523738708	-0.166926335927
0.311614789839	0.777543251769	0.546189266081	-0.515920113123
-0.845620199592	-0.035243965956	0.532620259571	1.204766200596
0.000000000000	0.000000000000	0.000000000000	1.000000000000
16	22	60
0.510821363031	-0.540906471036	0.668192879836	-0.183740194537
0.276271559356	0.839310263918	0.468222496654	-0.481697427289
-0.814085720648	-0.054575365079	0.578174687239	1.326546910523
0.000000000000	0.000000000000	0.000000000000	1.000000000000
16	23	60
0.778724616791	-0.458598464450	0.428106785285	-0.228475200270
0.247912892863	0.851792042736	0.461507869363	-0.583050484238
-0.576304753369	-0.253254347122	0.777003904050	1.498759036918
0.000000000000	0.000000000000	0.000000000000	1.000000000000
16	25	60
0.848376418534	0.341904702510	-0.404176479866	-0.483180078850
-0.211259445690	0.918697137185	0.333713974437	-0.598624212396
0.485414152123	-0.197728967350	0.851631584894	1.236501982162
0.000000000000	0.000000000000	0.000000000000	1.000000000000
16	54	60
0.737181366448	-0.379269572805	0.559212145886	-1.736255766298
0.221118321952	0.917449999644	0.330744895425	-0.137920177617
-0.638490658239	-0.120166922642	0.760190495892	0.226382645411
0.000000000000	0.000000000000	0.000000000000	1.000000000000
16	58	60
0.668639969192	-0.684098921202	0.291426247291	-0.408854573842
0.384567084615	0.653577038143	0.651878219182	-2.661352019744
-0.636418690039	-0.323798890089	0.700089658363	-0.290268112278
0.000000000000	0.000000000000	0.000000000000	1.000000000000
17	23	60
0.946620564647	-0.221942207230	0.233775882496	-0.822670180661
0.136710561446	0.933187444555	0.332372405163	-0.361650327716
-0.291924183609	-0.282670921700	0.913716269446	0.793625364386
0.000000000000	0.000000000000	0.000000000000	1.000000000000
17	34	60
0.413052682448	0.438032965611	0.798445115559	-2.176168977249
0.903056558509	-0.310404692483	-0.296880075145	-0.419304292567
0.117797850813	0.843668209619	-0.523782033313	1.592685283440
0.000000000000	0.000000000000	0.000000000000	1.000000000000
18	24	60
0.698376821702	0.561975102470	-0.443231089968	0.986263059161
0.535386917802	-0.821170617373	-0.197584577865	0.063029648296
-0.475005961180	-0.099311637626	-0.874360643828	1.584197035572
0.000000000000	0.000000000000	0.000000000000	1.000000000000
18	59	60
0.993260297202	0.041663771237	0.108157811403	-1.676446199883
-0.008902675249	0.957826327895	-0.287209797823	1.025567266652
-0.115562642643	0.284311195275	0.951741782138	-1.156135403092
0.000000000000	0.000000000000	0.000000000000	1.000000000000
19	21	60
0.853656596574	-0.190598626015	0.484708756768	0.099090588006
0.043404353534	0.953431948201	0.298468729090	0.011936891375
-0.519024543948	-0.233751329219	0.822176282112	0.016180188106
0.000000000000	0.000000000000	0.000000000000	1.000000000000
19	24	60
0.814897978045	0.369258007776	-0.446754752713	-0.038821420741
-0.062792871819	0.822500279695	0.565287842740	-0.059311898015
0.576192971692	-0.432598906140	0.693440585615	0.164331017591
0.000000000000	0.000000000000	0.000000000000	1.000000000000
19	59	60
0.952910802379	0.298320411446	-0.054460396834	-0.843219637231
-0.300354987276	0.953225799037	-0.033874144544	0.693593254374
0.041807706550	0.048636490056	0.997941184393	-1.828816473395
0.000000000000	0.000000000000	0.000000000000	1.000000000000
20	23	60
0.938443737383	0.217836007146	-0.268087347253	-0.301361131601
-0.171901380144	0.967673862544	0.184545959735	-0.115212181049
0.299621873819	-0.127101415181	0.945553786407	0.136764487577
0.000000000000	0.000000000000	0.000000000000	1.000000000000
21	23	60
-0.903280493249	0.336207780613	0.266549580325	-0.229926755442
0.042394044503	0.688153202102	-0.724325835124	0.389961888957
-0.426950928687	-0.642969282853	-0.635848571439	1.175036929240
0.000000000000	0.000000000000	0.000000000000	1.000000000000
21	34	60
0.834561917409	-0.239294066169	0.496230547132	-1.787895052259
0.326105557436	0.940559375339	-0.094885335386	-0.309304850077
-0.444028795710	0.241011226623	0.862990160559	-0.918312535011
0.000000000000	0.000000000000	0.000000000000	1.000000000000
22	59	60
-0.990019024842	0.076753070273	-0.118200239653	-0.639972111062
-0.131752885500	-0.801802339266	0.582884367529	-0.890417744606
-0.050035063833	0.592639835778	0.803912008516	-1.318417023134
0.000000000000	0.000000000000	0.000000000000	1.000000000000
23	25	60
-0.367069834528	-0.525121703291	0.767793548626	-1.130683436498
0.570796493454	0.524581508095	0.631668904115	-0.587525626579
-0.734473348489	0.670120465362	0.107179579502	0.894874923912
0.000000000000	0.000000000000	0.000000000000	1.000000000000
23	59	60
-0.222181663745	-0.774114115947	-0.592775373803	0.873555564998
-0.194550002812	-0.560546256500	0.804946079393	-0.605318370095
-0.955398139365	0.294168709785	-0.026060803559	-0.185572219084
0.000000000000	0.000000000000	0.000000000000	1.000000000000
24	26	60
0.682999341763	0.258422366021	-0.683176243652	-0.093383891719
-0.481270220749	0.862799383134	-0.154777902442	0.079698156723
0.549445969838	0.434505587081	0.713662399895	-0.203444828738
0.000000000000	0.000000000000	0.000000000000	1.000000000000
24	52	60
-0.208205594203	-0.766735663500	-0.607261766341	0.893166171298
-0.169877703944	0.639779655875	-0.749548902761	1.680868354695
0.963219599180	-0.052900040125	-0.263456997458	2.270288940328
0.000000000000	0.000000000000	0.000000000000	1.000000000000
24	54	60
-0.697136834572	-0.667159659981	-0.262484708081	0.092848711430
0.184958239963	0.186363176294	-0.964914097727	1.976084035229
0.692669245277	-0.721225869347	-0.006523958318	-0.397299605123
0.000000000000	0.000000000000	0.000000000000	1.000000000000
24	55	60
0.786294401040	-0.220256441097	0.577259226906	-2.076516119646
0.355458541201	-0.602932318577	-0.714228146115	1.257852582347
0.505361593693	0.766785315046	-0.395790273061	1.615401212691
0.000000000000	0.000000000000	0.000000000000	1.000000000000
24	56	60
0.062521745892	-0.975922027804	0.208967047490	-0.742381280128
-0.871920979277	0.048470496527	0.487241641142	-1.479305190531
-0.485638587004	-0.212665950760	-0.847896430114	2.880746638386
0.000000000000	0.000000000000	0.000000000000	1.000000000000
24	57	60
0.568732688969	0.499032344415	0.653842372232	-1.221119984991
0.418171387253	0.509098047765	-0.752297726066	1.127226335697
-0.708290773186	0.701274480492	0.080859653906	0.537517115175
0.000000000000	0.000000000000	0.000000000000	1.000000000000
25	27	60
0.814269178295	0.362205744647	-0.453621762951	-0.164451392207
-0.409245901273	0.912403866532	-0.006080841088	0.205633291309
0.411683734886	0.190594288692	0.891173563089	-0.247730806337
0.000000000000	0.000000000000	0.000000000000	1.000000000000
25	52	60
-0.023196668278	-0.394545383880	0.918583613309	-2.238223583451
0.432503952217	0.824435549392	0.365029253918	-0.236391957771
-0.901333593015	0.405758505712	0.151518279901	0.769263561655
0.000000000000	0.000000000000	0.000000000000	1.000000000000
25	54	60
-0.376722657520	0.926040919697	0.022983784675	0.905526051047
-0.448045661977	-0.160440856070	-0.879496342509	1.805656247936
-0.810762063798	-0.341623984449	0.475350322557	-0.732153034261
0.000000000000	0.000000000000	0.000000000000	1.000000000000
25	55	60
0.103921863484	-0.647332017693	-0.755090395356	1.588485025826
-0.869545966642	-0.427667881735	0.246961524997	-0.910848979937
-0.482794012169	0.630921105845	-0.607328988286	2.374183733761
0.000000000000	0.000000000000	0.000000000000	1.000000000000
25	56	60
-0.651234279687	0.433206287883	0.623078024889	-2.201770324666
-0.685363923722	-0.688280145565	-0.237795570356	0.842775437611
0.325837697360	-0.581895826896	0.745135586064	-0.924874862853
0.000000000000	0.000000000000	0.000000000000	1.000000000000
25	57	60
-0.868837182903	0.284601488693	0.405122132496	-1.326796679149
-0.494616571810	-0.462882264044	-0.735591229233	2.374954846733
-0.021826509005	-0.839489131715	0.542937934977	-0.553124476032
0.000000000000	0.000000000000	0.000000000000	1.000000000000
25	58	60
0.885380726662	-0.170088073493	-0.432632657241	1.778069955029
0.441979339480	0.596419582838	0.670028316327	-2.119917848854
0.144066763444	-0.784444853679	0.603233818024	-0.812095534807
0.000000000000	0.000000000000	0.000000000000	1.000000000000
25	59	60
-0.824850570508	0.175324706266	0.537478170446	-1.691459901319
0.304643442213	-0.663025934771	0.683804784232	0.009037791805
0.476249839317	0.727775966348	0.493485798535	0.276802850194
0.000000000000	0.000000000000	0.000000000000	1.000000000000
26	42	60
0.998848231112	0.042043892954	-0.023119737650	-1.877832645118
-0.044194960542	0.993788366519	-0.102134656384	0.521918869277
0.018681987754	0.103038796758	0.994501880187	-0.719604456653
0.000000000000	0.000000000000	0.000000000000	1.000000000000
26	43	60
0.993175377742	0.024882857261	-0.113945216930	-1.612356091237
-0.066395111228	0.923841838445	-0.376972076876	0.621413426518
0.095887216310	0.381964790201	0.919189066947	-0.835196651481
0.000000000000	0.000000000000	0.000000000000	1.000000000000
26	59	60
0.455362820416	-0.173786074978	0.873179879479	-1.544028808444
0.190494524745	0.977069096667	0.095120010415	-0.552237944761
-0.869687609331	0.123021869938	0.478026235360	0.857830965182
0.000000000000	0.000000000000	0.000000000000	1.000000000000
27	29	60
0.823491895446	-0.009775640223	-0.567243805601	-0.176595859497
-0.066439391846	0.991309853274	-0.113536698970	-0.246430335407
0.563424267622	0.131183884910	0.815686142456	0.000684631549
0.000000000000	0.000000000000	0.000000000000	1.000000000000
27	42	60
0.990049215671	-0.049539977540	0.131713101754	-1.716578954621
0.056204072355	0.997295088381	-0.047366749327	0.235593308269
-0.129010281757	0.054298225721	0.990155568527	-0.326107252993
0.000000000000	0.000000000000	0.000000000000	1.000000000000
27	43	60
0.995828009248	-0.005109693860	0.091106898892	-1.585960445771
0.035284526691	0.942329599716	-0.332821164703	0.345557172327
-0.084152113303	0.334647301688	0.938578502470	-0.449882681908
