0	1	57
0.823960804114	-0.302897679782	0.478896219307	-0.247135186535
0.226607413531	0.950755016796	0.211456799771	0.099120689841
-0.519362757056	-0.065710681168	0.852023727935	-0.029316015131
0.000000000000	0.000000000000	0.000000000000	1.000000000000
0	14	57
0.953047285456	0.088937329927	-0.289466790894	0.713095815667
-0.067325000425	0.994205446084	0.083802597183	-0.108955616145
0.295242639201	-0.060379485939	0.953512507351	0.132366552498
0.000000000000	0.000000000000	0.000000000000	1.000000000000
0	24	57
0.474589619206	-0.358004963923	0.804112640834	-1.323212655047
0.305931530696	0.923684574218	0.230678793733	-0.323064907779
-0.825330595500	0.136525650186	0.547896116954	1.148055039845
0.000000000000	0.000000000000	0.000000000000	1.000000000000
0	25	57
0.604817418866	-0.385727151684	0.696714040543	-1.266010209211
0.320590334266	0.918778228699	0.230365804851	-0.105745181697
-0.728984037830	0.084030535660	0.679353473286	0.384833326144
0.000000000000	0.000000000000	0.000000000000	1.000000000000
0	26	57
0.846477774114	-0.295950393539	0.442593202044	-1.907245969159
0.228504126802	0.952764365591	0.200064808738	0.019624858387
-0.480896290239	-0.068216040818	0.874119745692	-0.055590135367
0.000000000000	0.000000000000	0.000000000000	1.000000000000
1	2	57
0.700729322872	-0.032484255761	0.712687301132	-0.506644525956
0.429854463608	0.816499793860	-0.385426032777	-0.017107201737
-0.569388756636	0.576431140514	0.586108850012	-0.118866596287
0.000000000000	0.000000000000	0.000000000000	1.000000000000
1	14	57
0.599313346891	0.304945448704	-0.740156595291	0.700665859467
-0.375183936558	0.923763302669	0.076800874939	-0.419032640277
0.707149578228	0.231667075687	0.668034310537	0.569416257118
0.000000000000	0.000000000000	0.000000000000	1.000000000000
1	15	57
0.893968101994	-0.271989517935	0.356149876807	0.068101566717
0.277790011977	0.959972739161	0.035847584477	-0.340663734317
-0.351644340011	0.066888281488	0.933740979039	0.471772941080
0.000000000000	0.000000000000	0.000000000000	1.000000000000
1	16	57
0.533576800133	-0.276416026720	0.799305935504	-0.584219094834
0.413045655196	0.909878068822	0.038925397890	-0.095832665613
-0.738030544817	0.309380154583	0.599662267337	0.088337899361
0.000000000000	0.000000000000	0.000000000000	1.000000000000
1	23	57
0.201848541071	-0.385132521681	0.900516577977	-1.808360149970
0.569579706422	0.794134557476	0.211965239261	-0.277343392915
-0.796766041257	0.470131093809	0.379658570473	0.760529077713
0.000000000000	0.000000000000	0.000000000000	1.000000000000
1	24	57
0.890542122426	-0.183239994242	0.416362621636	-1.577060785669
0.239802264122	0.966881177273	-0.087382281710	-0.098631123749
-0.386561252982	0.177662301981	0.904989781239	0.393913481571
0.000000000000	0.000000000000	0.000000000000	1.000000000000
1	25	57
0.946970003856	-0.162475382379	0.277217535373	-1.098183431094
0.198879789915	0.973997469640	-0.108516166073	0.253927723925
-0.252377972416	0.157894519400	0.954659457494	-0.121362805714
0.000000000000	0.000000000000	0.000000000000	1.000000000000
2	15	57
0.943423910236	0.188706795382	-0.272655590392	-0.081909115569
-0.021495301470	0.855344620509	0.517613303713	0.115421889495
0.330891640285	-0.482467952866	0.811008875936	0.830167496611
0.000000000000	0.000000000000	0.000000000000	1.000000000000
2	16	57
0.968681975864	0.021454165469	0.247376127424	-0.250168019029
-0.099756723333	0.945949442027	0.308590747234	0.148899146643
-0.227384752755	-0.323603726666	0.918464371820	0.062923927929
0.000000000000	0.000000000000	0.000000000000	1.000000000000
2	23	57
0.846677106601	-0.183140107778	0.499597416006	-1.516763765365
0.025187569700	0.951645528815	0.306163965580	0.501727625655
-0.531510548804	-0.246638375785	0.810349337077	-0.378076714882
0.000000000000	0.000000000000	0.000000000000	1.000000000000
3	4	57
0.959682526946	0.047802612825	0.276991620237	0.008546735588
0.141438096807	0.769467447323	-0.622828316859	0.187053691586
-0.242908855840	0.636894620575	0.731683353669	-0.525661938576
0.000000000000	0.000000000000	0.000000000000	1.000000000000
3	12	57
0.751549964342	-0.178401497101	0.635094919622	-1.583326524747
0.347127160123	0.925619793806	-0.150767145026	-0.293101293386
-0.560959344161	0.333767738325	0.757577528080	0.641757306408
0.000000000000	0.000000000000	0.000000000000	1.000000000000
3	16	57
0.809662259165	0.302794096068	-0.502755170505	-0.032912665454
-0.383332527696	0.921503853955	-0.062344369075	-0.074122753426
0.444413320338	0.243200293034	0.862177718440	0.057875687255
0.000000000000	0.000000000000	0.000000000000	1.000000000000
3	17	57
0.965249426648	-0.074709997385	0.250423562482	-0.240663405082
0.105516237493	0.988098750086	-0.111924902071	0.355659476259
-0.239081299940	0.134459199644	0.961644869819	-0.582967316960
0.000000000000	0.000000000000	0.000000000000	1.000000000000
4	17	57
0.997006343105	0.077252937636	0.003214877274	-0.217478862703
-0.066374341334	0.833802594055	0.548058099985	0.055579936942
0.039658525208	-0.546630787437	0.836434088022	-0.209902527502
0.000000000000	0.000000000000	0.000000000000	1.000000000000
5	6	57
0.871176339124	-0.009701306725	0.490874394116	-0.014863606322
0.279433347172	0.831873772914	-0.479482043903	-0.034444361715
-0.403693931883	0.554880086672	0.727419616711	-0.115170232491
0.000000000000	0.000000000000	0.000000000000	1.000000000000
5	11	57
0.670206162813	-0.194779221698	0.716159726682	-1.625934359964
0.446928145392	0.876290082256	-0.179919216862	0.319342434754
-0.592519140774	0.440654906400	0.674347329855	-0.403621489176
0.000000000000	0.000000000000	0.000000000000	1.000000000000
5	13	57
0.538507859839	-0.346695977239	0.767991656373	-1.750774782340
0.509365641707	0.859989317990	0.031064706532	0.229362375774
-0.671234629575	0.374459974242	0.639706026039	-0.004674931045
0.000000000000	0.000000000000	0.000000000000	1.000000000000
5	17	57
0.554228900603	0.471920954638	-0.685653657695	0.227867393505
-0.486972069618	0.851892726801	0.192709588332	0.017467497454
0.675047056988	0.227088957452	0.701955893383	-0.047992130576
0.000000000000	0.000000000000	0.000000000000	1.000000000000
5	18	57
0.882079092346	-0.240484067723	0.405097380907	0.105506797485
0.278685412695	0.959664685832	-0.037123193805	0.199063137079
-0.379830114126	0.145640323876	0.913519556695	-0.257069577116
0.000000000000	0.000000000000	0.000000000000	1.000000000000
5	22	57
0.980821219982	-0.104232231473	0.164697833489	0.336367465829
0.110005973011	0.993582699828	-0.026307879141	0.429648613709
-0.160898789105	0.043921071540	0.985993163840	-0.652282711667
0.000000000000	0.000000000000	0.000000000000	1.000000000000
5	32	57
-0.318159783861	0.763343835946	-0.562210405504	1.777167166473
-0.325926094200	0.468807476623	0.820969993960	-0.879576082704
0.890250825921	0.444438677420	0.099637989547	1.084540133467
0.000000000000	0.000000000000	0.000000000000	1.000000000000
6	18	57
0.999828995777	-0.014286403109	-0.011742141603	0.192503039126
0.018117688489	0.883970178049	0.467192116462	0.124084078064
0.003705208098	-0.467324965101	0.884077852017	-0.162820996530
0.000000000000	0.000000000000	0.000000000000	1.000000000000
7	8	57
0.738168947747	0.046227556677	0.673030175836	-0.415017347677
0.343861677392	0.832538539531	-0.434325600231	0.215295759866
-0.580401370952	0.552034956500	0.598658212504	-0.271038240941
0.000000000000	0.000000000000	0.000000000000	1.000000000000
7	19	57
0.891918756750	0.069237631963	-0.446863605228	1.204703248524
-0.266991380612	0.878202509010	-0.396832402720	-0.457955672330
0.364961003446	0.473250994177	0.801771140959	0.276290936456
0.000000000000	0.000000000000	0.000000000000	1.000000000000
8	9	57
0.959356909593	-0.168385817225	0.226452062420	0.342780622415
0.087179052362	0.940058919858	0.329680208725	-0.054935614632
-0.268391752568	-0.296539109988	0.916531736167	0.219162949801
0.000000000000	0.000000000000	0.000000000000	1.000000000000
9	10	57
0.827982446004	0.268857967094	-0.492098021373	1.114957808570
-0.306227254000	0.951946075276	0.004851667103	-0.188677735286
0.469755189452	0.146676730588	0.870526276851	-0.041958373891
0.000000000000	0.000000000000	0.000000000000	1.000000000000
9	25	57
0.230192717937	-0.350282842673	0.907916980091	-0.833494552674
0.470966470203	0.856532869648	0.211049821505	-0.189087241180
-0.851587867782	0.379016323319	0.362139103253	0.731402739016
0.000000000000	0.000000000000	0.000000000000	1.000000000000
9	26	57
0.571412916869	-0.338216949032	0.747727606701	-1.583279596257
0.381938771256	0.916036996443	0.122470388907	-0.070640468034
-0.726367712283	0.215605001182	0.652613538028	0.562504973926
0.000000000000	0.000000000000	0.000000000000	1.000000000000
10	26	57
-0.011356693020	-0.518880289400	0.854771472848	-1.905604313102
0.416152862134	0.774826162913	0.475879409728	-0.685772332183
-0.909223746314	0.361120011267	0.207134054663	1.803326786322
0.000000000000	0.000000000000	0.000000000000	1.000000000000
10	29	57
-0.919068360389	0.283758800046	-0.273485451767	-0.992816084181
-0.037654654617	-0.754005448241	-0.655788007673	1.862391582445
-0.392295138789	-0.592416008746	0.703667390650	0.505480872911
0.000000000000	0.000000000000	0.000000000000	1.000000000000
11	13	57
0.990084024031	-0.091570213389	0.106529439022	-0.257196315882
0.061954085804	0.965244163821	0.253900365226	-0.107229852189
-0.126076629915	-0.244782761300	0.961345974746	0.250121629208
0.000000000000	0.000000000000	0.000000000000	1.000000000000
12	16	57
0.213977718451	0.400164932592	-0.891112542124	1.607734868644
-0.363214373450	0.879428805060	0.307701634300	-0.225035733971
0.906801441841	0.257823589990	0.333523824515	0.511188716939
0.000000000000	0.000000000000	0.000000000000	1.000000000000
12	17	57
0.898461192186	0.217045182346	-0.381652819925	1.891317895841
-0.171611472138	0.973716155208	0.149754304506	0.028904954968
0.404124966770	-0.069052428689	0.912093620921	-0.189156513365
0.000000000000	0.000000000000	0.000000000000	1.000000000000
13	18	57
0.887876301950	0.276990020482	-0.367358409444	1.102788342918
-0.248501324546	0.960692878077	0.123758982345	-0.722940695220
0.387198610710	-0.018593616248	0.921808826872	1.224935381715
0.000000000000	0.000000000000	0.000000000000	1.000000000000
13	22	57
0.709390572323	0.432464611098	-0.556542339851	1.605861104806
-0.330855322645	0.901547342633	0.278831749392	-0.791527211799
0.622334131618	-0.013665618866	0.782632403804	1.105961696643
0.000000000000	0.000000000000	0.000000000000	1.000000000000
13	27	57
-0.933074102853	0.345498346755	-0.100018053244	0.394446203041
0.021541178290	0.331249809837	0.943297164801	-1.578196179601
0.359038572055	0.878011649053	-0.316523060620	2.656765444735
0.000000000000	0.000000000000	0.000000000000	1.000000000000
13	29	57
-0.810490074187	-0.241579047048	0.533615408016	-0.412894228075
-0.297176802461	-0.615454660932	-0.730001033161	1.333186426930
0.504769043943	-0.750236712221	0.427028205054	1.426575538849
0.000000000000	0.000000000000	0.000000000000	1.000000000000
13	32	57
-0.898245931182	-0.240091173973	0.368117474858	-0.293282609134
-0.291557993240	-0.301215468319	-0.907889408586	2.517342629102
0.328858911531	-0.922835559472	0.200565067948	1.674536574486
0.000000000000	0.000000000000	0.000000000000	1.000000000000
14	15	57
0.246602894604	-0.497366391432	0.831753379943	-0.418589809169
0.500048168464	0.800486870038	0.330412772321	-0.061409808731
-0.830143868006	0.334436008186	0.446109532335	0.299781147781
0.000000000000	0.000000000000	0.000000000000	1.000000000000
14	23	57
-0.641548308911	-0.194864987336	0.741918731428	-1.406225214004
0.429472726096	0.710147752675	0.557891877437	-0.556261319066
-0.635585513422	0.676548450654	-0.371904892474	1.905094690516
0.000000000000	0.000000000000	0.000000000000	1.000000000000
14	24	57
0.190361927814	-0.372955376932	0.908111569829	-1.605266605689
0.396853317993	0.875310735785	0.276294335477	-0.477351837669
-0.897925264394	0.307791167249	0.314634417899	1.520828243619
0.000000000000	0.000000000000	0.000000000000	1.000000000000
14	25	57
0.352502209327	-0.363421806398	0.862361167408	-1.800902616082
0.380765403817	0.897483084759	0.222579917844	-0.118117499403
-0.854844956513	0.249897385353	0.454743221081	0.797420478723
0.000000000000	0.000000000000	0.000000000000	1.000000000000
14	26	57
0.636267080918	-0.338915706226	0.693037045051	-2.585419372051
0.327432052820	0.932043667158	0.155186511326	-0.022072158578
-0.698535935028	0.128182473782	0.704000568813	0.644037258655
0.000000000000	0.000000000000	0.000000000000	1.000000000000
15	16	57
0.842802658492	-0.120684548774	0.524517796197	-0.404363019293
0.211191499149	0.970532386372	-0.116038949022	0.334898240574
-0.495057400235	0.208571634433	0.843454826166	-0.573261047299
0.000000000000	0.000000000000	0.000000000000	1.000000000000
15	23	57
0.620007633592	-0.285941566624	0.730635309005	-1.771356758520
0.420222889277	0.907419731480	-0.001467735741	0.557658043338
-0.662573209250	0.307939687921	0.682766351681	-0.418883761742
0.000000000000	0.000000000000	0.000000000000	1.000000000000
16	17	57
0.667658651683	-0.320955509871	0.671728729113	-0.552278699374
0.286396875095	0.943587750638	0.166189610931	0.281539317902
-0.687174471855	0.081423077372	0.721915180407	-0.508251506249
0.000000000000	0.000000000000	0.000000000000	1.000000000000
16	23	57
0.936406063828	-0.225647041831	0.268750992816	-1.184230726690
0.223264300542	0.973944269099	0.039819753794	0.456736424877
-0.270733698918	0.022715043518	0.962386248379	-0.599241856102
0.000000000000	0.000000000000	0.000000000000	1.000000000000
18	22	57
0.949289510454	0.170039880797	-0.264453898212	0.488655247425
-0.155455077858	0.984969195979	0.075295429751	0.100007767114
0.273282169395	-0.030366460312	0.961454488771	-0.250387451396
0.000000000000	0.000000000000	0.000000000000	1.000000000000
19	21	57
0.895262694896	-0.135634478432	0.424391323413	0.293543841438
0.085497339650	0.987132690231	0.135126817438	-0.032729978877
-0.437258404197	-0.084689669610	0.895339459546	0.058864871127
0.000000000000	0.000000000000	0.000000000000	1.000000000000
19	31	57
0.021184553767	0.133494727556	0.990823078252	-1.589122478227
0.287462921894	0.948382694570	-0.133922862787	-0.114860236010
-0.957557456876	0.287661993241	-0.018283720255	2.340338426223
0.000000000000	0.000000000000	0.000000000000	1.000000000000
20	21	57
0.977619895004	0.054776104838	-0.203122916557	0.047693054526
-0.125895430933	0.925871065952	-0.356248662738	0.036773408513
0.168551717174	0.373848027374	0.912046035607	-0.176250166569
0.000000000000	0.000000000000	0.000000000000	1.000000000000
20	30	57
0.510715976064	-0.232519823513	0.827709927128	-2.619388742087
0.560169603198	0.820329862634	-0.115190850866	0.712819717659
-0.652211014509	0.522487749276	0.549206103762	1.131546377153
0.000000000000	0.000000000000	0.000000000000	1.000000000000
20	31	57
0.720200083607	0.040954512849	0.692556544587	-2.662645189412
0.482898401908	0.687145329952	-0.542807911659	0.091165667201
-0.498117428934	0.725364751971	0.475105255276	0.287471865130
0.000000000000	0.000000000000	0.000000000000	1.000000000000
21	30	57
0.415362853694	-0.634726327905	0.651610457586	-2.293187552417
0.505390922248	0.756619468942	0.414857800852	0.220065607678
-0.756342326913	0.157001490067	0.635056546015	0.816931649402
0.000000000000	0.000000000000	0.000000000000	1.000000000000
21	31	57
0.534651024055	0.104001964866	0.838648838180	-2.624349775810
0.267362833285	0.920604407688	-0.284613140813	0.077924925463
-0.801664142803	0.376392236702	0.464395829326	1.095338978380
0.000000000000	0.000000000000	0.000000000000	1.000000000000
24	25	57
0.991050713523	0.017529202507	-0.132329929663	0.654059475154
-0.013723219487	0.999467057892	0.029618802053	0.131609124905
0.132778599451	-0.027537742239	0.990763097961	-0.326082817866
0.000000000000	0.000000000000	0.000000000000	1.000000000000
24	26	57
0.881180534388	0.152789919903	-0.447410444884	0.773586023358
-0.134731159657	0.988253243641	0.072132108321	0.523560277502
0.453175882449	-0.003281281675	0.891415084435	-1.024086970863
0.000000000000	0.000000000000	0.000000000000	1.000000000000
25	26	57
0.929959311498	0.160327835029	-0.330863513057	0.040970889951
-0.142057380512	0.986712596322	0.078853997376	0.310467224286
0.339109686679	-0.026329405136	0.940378318990	-0.696709462841
0.000000000000	0.000000000000	0.000000000000	1.000000000000
25	29	57
0.970001460014	-0.103364966082	0.220029205691	-0.010339879559
0.128280318007	0.986467901952	-0.102104056874	0.821979950564
-0.206497766530	0.127266500718	0.970134995871	-1.492635698589
0.000000000000	0.000000000000	0.000000000000	1.000000000000
26	29	57
0.832837509662	-0.210103291215	0.512092071332	-0.278420400898
0.271666254261	0.961221131375	-0.047448739653	0.360506917273
-0.482264583809	0.178635225024	0.857618987421	-0.733908903007
0.000000000000	0.000000000000	0.000000000000	1.000000000000
27	28	57
0.941775836545	0.005897665695	0.336189665575	-0.067509240092
0.135212144274	0.908799877926	-0.394715667186	0.086775692185
-0.307857028084	0.417190603227	0.855088329261	-0.261256739776
0.000000000000	0.000000000000	0.000000000000	1.000000000000
27	29	57
0.945010921171	0.112914599601	-0.306927763594	0.265551967707
-0.161644580276	0.977120898139	-0.138223659655	0.085270858807
0.284298062841	0.180236077459	0.941641953105	-0.230855395971
0.000000000000	0.000000000000	0.000000000000	1.000000000000
27	32	57
0.992650247816	0.033399138401	-0.116318455394	0.015415635527
-0.015023099911	0.987736085635	0.155408273922	0.418227647305
0.120082438267	-0.152518597845	0.980978228775	-0.549180802246
0.000000000000	0.000000000000	0.000000000000	1.000000000000
28	29	57
0.791941012514	0.172658639930	-0.585677749923	0.280934128319
-0.044839991676	0.973042974117	0.226222778845	0.128951195978
0.608948936976	-0.152893311101	0.778334650119	0.168884636414
0.000000000000	0.000000000000	0.000000000000	1.000000000000
28	32	57
0.915308728841	0.184946000975	-0.357777734957	0.126407022827
0.041199085285	0.840675099145	0.539970381641	0.193769921728
0.400640195537	-0.508979719047	0.761857650299	-0.344872531836
0.000000000000	0.000000000000	0.000000000000	1.000000000000
29	32	57
0.962332133647	-0.228851338579	0.146778504490	-0.392701151019
0.174374378999	0.933743625842	0.312596252615	0.233276753546
-0.208591563824	-0.275227008178	0.938477305784	-0.264685729683
0.000000000000	0.000000000000	0.000000000000	1.000000000000
30	31	57
0.976219151064	0.040541291964	-0.212961434868	-0.068242316604
-0.174564389639	0.729497439935	-0.661332563086	0.067426658988
0.128543545015	0.682780996202	0.719226437404	-0.231320981868
0.000000000000	0.000000000000	0.000000000000	1.000000000000
33	35	57
0.950591351435	-0.185381044904	0.249017972779	-0.079396862886
0.242709359411	0.943930671816	-0.223801370995	-0.036233201874
-0.193567170333	0.273182640363	0.942286047638	-0.005882444894
0.000000000000	0.000000000000	0.000000000000	1.000000000000
36	37	57
0.934418640366	-0.141338267363	0.326933171635	-0.267705752577
0.197169334785	0.969687827160	-0.144325227452	0.170978412114
-0.296624439244	0.199321378777	0.933961953190	-0.195764699570
0.000000000000	0.000000000000	0.000000000000	1.000000000000
38	39	57
0.762168366320	0.452560267118	-0.462913151690	0.535590323911
-0.399639408787	0.891456097996	0.213528378185	-0.302635867191
0.509301211785	0.022253763097	0.860300555447	0.326126465056
0.000000000000	0.000000000000	0.000000000000	1.000000000000
38	40	57
0.703999019047	-0.066807903288	-0.707051684984	0.798845069881
-0.388580029759	0.797094639546	-0.462218234257	-0.190596943533
0.594466939075	0.600147348295	0.535193627280	0.090964858672
0.000000000000	0.000000000000	0.000000000000	1.000000000000
38	41	57
0.947662716791	-0.317742461274	0.031226647389	0.262282329078
0.304568514145	0.929022565090	0.210131134641	-0.362306788306
-0.095777843967	-0.189622788340	0.977174397304	0.567690924790
0.000000000000	0.000000000000	0.000000000000	1.000000000000
38	56	57
0.283284362693	0.202412140030	-0.937432288447	2.150024445831
-0.569781380749	0.821779497866	0.005256903924	0.000808000152
0.771426696457	0.532642264992	0.348127949953	-0.481225579127
0.000000000000	0.000000000000	0.000000000000	1.000000000000
39	40	57
0.993819377444	-0.030191557635	-0.106824692199	0.041593589033
-0.054517601753	0.705518957939	-0.706590992787	0.175144210572
0.096699928206	0.708047646586	0.699512440238	-0.285923504414
0.000000000000	0.000000000000	0.000000000000	1.000000000000
39	41	57
0.554403120705	-0.680626623955	0.478941101302	-0.124761167657
0.668963915502	0.706794025211	0.230064090381	-0.220128073045
-0.495100453958	0.192846064752	0.847163464628	0.322160653572
0.000000000000	0.000000000000	0.000000000000	1.000000000000
39	56	57
0.832558290404	0.101846928336	-0.544494165504	0.717458312860
-0.373450165695	0.829180387516	-0.415926506370	0.985594276252
0.409123046066	0.549624497404	0.728375758130	-1.375027140048
0.000000000000	0.000000000000	0.000000000000	1.000000000000
40	56	57
0.878368241239	0.114515112677	-0.464064135386	0.578327618417
-0.003337618301	0.972322605474	0.233618516366	-0.197977653756
0.477972899951	-0.203654216391	0.854439504622	-1.411035039073
0.000000000000	0.000000000000	0.000000000000	1.000000000000
41	56	57
0.053729818891	0.364536969430	-0.929637512411	2.003389916987
-0.726540519843	0.652935347758	0.214042763658	-0.080412163085
0.685019692847	0.663918842606	0.299932977254	-0.846814634002
0.000000000000	0.000000000000	0.000000000000	1.000000000000
42	43	57
0.759568014039	-0.455106509712	0.464687526050	-0.119556555830
0.521090903452	0.853351064368	-0.016007225907	-0.269958474922
-0.389256602240	0.254303019565	0.885330035553	0.261303578322
0.000000000000	0.000000000000	0.000000000000	1.000000000000
43	44	57
0.930860776559	0.123137066600	-0.343999240540	-0.082782271278
-0.348673935981	0.580764531130	-0.735621537034	-0.273222998388
0.109200279443	0.804704804391	0.583545608122	0.032362474202
0.000000000000	0.000000000000	0.000000000000	1.000000000000
44	48	57
0.992968149429	-0.045158748898	0.109430076388	0.265380240621
0.044409454477	0.998970347669	0.009276035359	-0.024165764046
-0.109736295606	-0.004351077668	0.993951212862	0.416963946392
0.000000000000	0.000000000000	0.000000000000	1.000000000000
45	47	57
0.669470400539	-0.398601381124	0.626838353779	-0.069008167128
0.475933293500	0.878056278215	0.050046702444	-0.038552270501
-0.570348036677	0.264828456276	0.777540356384	0.071447845469
0.000000000000	0.000000000000	0.000000000000	1.000000000000
46	47	57
0.937154225924	0.175493608988	-0.301569146362	-0.002390769660
-0.156924197228	0.983951298597	0.084939027038	-0.042542411757
0.311635609578	-0.032277471933	0.949653311292	0.093238073681
0.000000000000	0.000000000000	0.000000000000	1.000000000000
46	56	57
0.719377730785	-0.055515188992	0.692397100111	-0.922344155558
0.438048873439	0.809857113605	-0.390185391860	0.386677411759
-0.539081501194	0.583994451458	0.606911538642	-0.537317929429
0.000000000000	0.000000000000	0.000000000000	1.000000000000
49	50	57
-0.419620665384	-0.293973469175	0.858777093665	-2.149121461624
0.705568622680	0.489566094720	0.512345545106	-1.074874339635
-0.571044145291	0.820916949711	0.001986405334	1.764102075604
0.000000000000	0.000000000000	0.000000000000	1.000000000000
49	51	57
0.698812873065	0.231283802814	-0.676881356660	0.273020664427
-0.496030094329	0.838486205470	-0.225599265861	-0.233068482984
0.515378224179	0.493405194331	0.700668680796	0.160504311523
0.000000000000	0.000000000000	0.000000000000	1.000000000000
49	52	57
0.950189927693	0.232837819783	-0.207185064590	0.177610009115
-0.296415988353	0.880533551191	-0.369862443451	-0.245722081058
0.096315435724	0.412852534092	0.905690963814	0.002202486634
0.000000000000	0.000000000000	0.000000000000	1.000000000000
49	53	57
-0.395333005309	-0.470646538169	0.788798866013	-1.969839172480
0.775783597421	0.288713351074	0.561074336327	-0.935415995255
-0.491804457977	0.833748425499	0.250981947741	1.683835100393
0.000000000000	0.000000000000	0.000000000000	1.000000000000
49	55	57
0.150868763051	0.851196222995	-0.502696336067	0.012724034549
-0.630473746777	0.474522333528	0.614273074136	-0.216269489046
0.761407559038	0.224262223621	0.608247469453	0.295929149362
0.000000000000	0.000000000000	0.000000000000	1.000000000000
50	51	57
0.943646897417	-0.065765270443	0.324353915035	-0.114350878375
0.179309381435	0.925343801826	-0.334046395207	-0.009261643596
-0.278170233354	0.373381544302	0.884990137601	-0.096438588082
0.000000000000	0.000000000000	0.000000000000	1.000000000000
50	52	57
-0.631693936889	0.262529110016	-0.729411568658	0.712734314184
-0.308379246204	0.778163084416	0.547142078955	-1.608075976295
0.711241879116	0.570561723608	-0.410602373283	2.582611043348
0.000000000000	0.000000000000	0.000000000000	1.000000000000
50	53	57
0.997616899776	-0.052165797981	-0.045158064650	0.047855784022
0.061618229794	0.968083078845	0.242936918172	-0.037601137495
0.031043760065	-0.245140535153	0.968990403970	0.222258148091
0.000000000000	0.000000000000	0.000000000000	1.000000000000
50	54	57
0.920589802852	0.151918819394	-0.359770881532	0.196576754159
-0.198921043571	0.975181548386	-0.097218136748	-0.123321318479
0.336072660758	0.161064024543	0.927962039466	0.090602186291
0.000000000000	0.000000000000	0.000000000000	1.000000000000
51	52	57
0.868787069002	-0.066271947931	0.490731145998	-0.114095649432
0.067267644308	0.997612459051	0.015634755339	0.013025567790
-0.490595650984	0.019427054914	0.871170762120	-0.131370440799
0.000000000000	0.000000000000	0.000000000000	1.000000000000
51	53	57
0.929277249313	0.192397623511	-0.315320390041	0.064557605139
0.033406473391	0.806368038732	0.590469807567	0.074734890061
0.367869272221	-0.559243900798	0.742912146876	0.364090648133
0.000000000000	0.000000000000	0.000000000000	1.000000000000
51	54	57
0.738816822224	0.282308599074	-0.611924470901	0.143971104235
-0.111655897022	0.946755493724	0.301971845980	-0.062215646488
0.664592103368	-0.154776903940	0.731000305162	0.314871760836
0.000000000000	0.000000000000	0.000000000000	1.000000000000
53	54	57
0.933261218074	0.216052731330	-0.286957690476	0.088377031020
-0.306811443793	0.894907745140	-0.324047628671	-0.008424526427
0.186789284479	0.390462987969	0.901470142728	-0.162971401114
0.000000000000	0.000000000000	0.000000000000	1.000000000000
53	55	57
0.935970691920	0.330132711231	-0.122357087424	-0.118484461175
-0.318086526205	0.941879718878	0.108090503808	0.066899859022
0.150929870186	-0.062249402744	0.986582579485	-0.035201285580
0.000000000000	0.000000000000	0.000000000000	1.000000000000
