0	8	57
0.788348031343	0.009733245010	-0.615152538334	-0.384948493426
-0.131612572502	0.979396056496	-0.153171457128	0.092988362267
0.600987114867	0.201714224736	0.773385970459	-0.316020198448
0.000000000000	0.000000000000	0.000000000000	1.000000000000
0	9	57
0.903569785390	0.116363798283	-0.412336160651	-0.158199814916
-0.045985797127	0.983191355329	0.176692006807	-0.074915529646
0.425965901680	-0.140691951639	0.893733083952	0.068717436784
0.000000000000	0.000000000000	0.000000000000	1.000000000000
0	10	57
0.551490201854	0.261870165209	-0.792011725817	0.737393604870
-0.293548524545	0.949642071153	0.109586497494	-0.185730804047
0.780825089887	0.172057993912	0.600589898129	0.483678185144
0.000000000000	0.000000000000	0.000000000000	1.000000000000
0	15	57
0.516199362503	-0.477990687256	0.710677930604	0.192005052789
0.386487264205	0.870490008481	0.304753572157	-0.108816198333
-0.764307407238	0.117354369462	0.634083700476	0.327913677138
0.000000000000	0.000000000000	0.000000000000	1.000000000000
0	23	57
-0.450604526266	-0.316054886951	0.834904107873	-1.213417118263
0.371442144435	0.784057514927	0.497277132616	-0.457059058222
-0.811779707954	0.534193898992	-0.235903760111	1.673863305946
0.000000000000	0.000000000000	0.000000000000	1.000000000000
0	29	57
0.461742594524	-0.351570761593	0.814365873545	-2.427798188769
0.332281208450	0.919803710847	0.208687163053	0.237763103281
-0.822425057323	0.174238724471	0.541532909417	-0.730335727510
0.000000000000	0.000000000000	0.000000000000	1.000000000000
1	26	57
0.999236035447	0.036965880760	0.012683419216	-1.458176102348
-0.035904767713	0.996491662662	-0.075599033722	0.637307468604
-0.015433506369	0.075085883519	0.997057629717	-0.724935270574
0.000000000000	0.000000000000	0.000000000000	1.000000000000
2	3	57
0.680804611489	-0.390605696000	0.619622684565	-0.214062347179
0.089198841284	0.883858115322	0.459171426260	0.198659102501
-0.727013512728	-0.257336398966	0.636576256295	-0.060827160815
0.000000000000	0.000000000000	0.000000000000	1.000000000000
2	12	57
0.974517423451	0.008623085447	0.224146009976	-0.225035041788
-0.068251542843	0.963280267166	0.259678366038	0.201736033717
-0.213676199635	-0.268359403200	0.939321942905	-0.143998351189
0.000000000000	0.000000000000	0.000000000000	1.000000000000
2	23	57
0.845479792500	-0.212526104747	0.489894453200	-1.510525948035
0.033595796882	0.936744554562	0.348397706552	0.388598321136
-0.532949568821	-0.278104826099	0.799138575463	-0.359939731532
0.000000000000	0.000000000000	0.000000000000	1.000000000000
2	24	57
0.909585588380	0.230670370691	-0.345608503219	-0.801308447828
-0.078969668539	0.912562963417	0.401238868071	0.351295528007
0.407943438313	-0.337668502952	0.848270082728	-0.450833502426
0.000000000000	0.000000000000	0.000000000000	1.000000000000
2	25	57
0.878794792481	0.238007551934	-0.413608653114	-0.223873593555
-0.006904783445	0.872992207727	0.487685276807	0.100513716266
0.477149910064	-0.425719403446	0.768824396631	-0.472974467260
0.000000000000	0.000000000000	0.000000000000	1.000000000000
3	11	57
-0.577625337478	-0.027943972795	0.815823573996	-1.347869619578
0.608613604210	0.651289579396	0.453223305381	-0.617513575020
-0.544002252085	0.758314590493	-0.359194281096	1.081280320245
0.000000000000	0.000000000000	0.000000000000	1.000000000000
3	15	57
0.925356551333	-0.378134398302	-0.027011659089	-1.924567693773
0.366691087396	0.910876658495	-0.189318143432	-0.374494546042
0.096191992026	0.165281849667	0.981544197090	0.633272158433
0.000000000000	0.000000000000	0.000000000000	1.000000000000
3	23	57
-0.515007708736	-0.750058744540	-0.414944501930	0.997449891997
0.804281825447	-0.590260231042	0.068728486852	-0.824289242901
-0.296475640142	-0.298336620933	0.907247185398	-0.833610311016
0.000000000000	0.000000000000	0.000000000000	1.000000000000
3	27	57
0.694698240982	0.403942405781	-0.595167948388	1.753683505137
-0.434656257991	0.895015508642	0.100105827397	0.702485963180
0.573121532806	0.189150131118	0.797341794046	-0.743036901999
0.000000000000	0.000000000000	0.000000000000	1.000000000000
3	28	57
0.966574816313	0.117295755921	-0.227979889709	1.336614895952
-0.192533742900	0.919269701171	-0.343327794323	0.593334686455
0.169304111922	0.375745821204	0.911126333465	-1.318828105144
0.000000000000	0.000000000000	0.000000000000	1.000000000000
4	11	57
-0.275945188743	-0.153678007649	0.948808369891	-1.708838262325
0.073784397709	0.980835845162	0.180324450645	0.264212748830
-0.958337161684	0.119766918682	-0.259317893183	1.183803282763
0.000000000000	0.000000000000	0.000000000000	1.000000000000
4	12	57
0.907241661919	-0.128061581621	0.400640484963	-1.863002565821
-0.076572664460	0.886318278106	0.456701803097	0.180626942938
-0.413580940006	-0.445017012267	0.794298851099	0.774747070265
0.000000000000	0.000000000000	0.000000000000	1.000000000000
4	16	57
0.651676721077	0.417135937034	-0.633494326132	-0.375707538264
0.008965595559	0.830902461373	0.556345861654	0.087712801960
0.758443847165	-0.368237300824	0.537739919458	0.585858136546
0.000000000000	0.000000000000	0.000000000000	1.000000000000
4	28	57
0.759638587723	0.137743283609	-0.635591066537	1.891894782506
0.084193746631	0.948259521215	0.306129537049	-0.138442105514
0.644872568086	-0.286060602401	0.708737400371	-0.134039560962
0.000000000000	0.000000000000	0.000000000000	1.000000000000
5	7	57
0.462091987400	0.385770960435	-0.798531002070	3.212836785026
0.326634825018	-0.911166223646	-0.251168875404	1.547830984275
-0.824488135916	-0.144764909324	-0.547048841295	2.386224960131
0.000000000000	0.000000000000	0.000000000000	1.000000000000
5	27	57
-0.243090641072	0.653888007316	-0.716475689826	1.129244221142
-0.420763636045	0.594440421608	0.685272608339	-0.706143688730
0.873993651467	0.468050274060	0.130629392357	0.956375115939
0.000000000000	0.000000000000	0.000000000000	1.000000000000
5	33	57
0.916904952086	0.287143780424	-0.277189029731	1.792294365472
-0.132681002028	0.874331647096	0.466840360924	-0.840077878274
0.376405447012	-0.391270520549	0.839777541501	0.998945701719
0.000000000000	0.000000000000	0.000000000000	1.000000000000
5	34	57
-0.978448570963	-0.122190276407	-0.166456992441	-0.244191885644
0.191919858211	-0.835584249301	-0.514748220341	0.723476643782
-0.076191613746	-0.535601062986	0.841026955171	0.102765225256
0.000000000000	0.000000000000	0.000000000000	1.000000000000
5	35	57
0.972749055574	-0.012967645519	-0.231497548690	1.863001444046
0.053458958426	0.984077611461	0.169509275216	-0.817093442892
0.225613418581	-0.177265605209	0.957953803983	1.030626874778
0.000000000000	0.000000000000	0.000000000000	1.000000000000
6	7	57
0.548115586013	-0.488317638197	0.679054628579	-0.476018060496
0.064348734016	0.834088767286	0.547864188206	0.027568011656
-0.833923584509	-0.256596594898	0.488599675283	0.282315735666
0.000000000000	0.000000000000	0.000000000000	1.000000000000
6	19	57
0.868757834580	-0.106318034532	0.483690293875	0.702835665014
0.072522614080	0.993467041398	0.088111906704	-0.101909705887
-0.489898249949	-0.041469424752	0.870792737400	-0.401210629549
0.000000000000	0.000000000000	0.000000000000	1.000000000000
6	22	57
0.945823058709	0.178697870029	-0.271082667946	0.682721931730
-0.013420035635	0.855718790252	0.517267101848	0.094765359175
0.324405062009	-0.485605213375	0.811756695375	-0.413046854371
0.000000000000	0.000000000000	0.000000000000	1.000000000000
6	33	57
0.511796135446	0.679824566606	-0.525264956361	1.015719892303
0.135760159682	0.539727085334	0.830821191593	-0.048158354144
0.848312380427	-0.496521129455	0.183937144752	2.248938762555
0.000000000000	0.000000000000	0.000000000000	1.000000000000
6	34	57
0.751134259721	0.044860682645	-0.658623445548	1.029477057624
-0.029859788071	0.998976041832	0.033989129184	-0.156476721302
0.659473818229	-0.005864042885	0.751704660137	1.706619673064
0.000000000000	0.000000000000	0.000000000000	1.000000000000
6	35	57
0.748030132261	0.428959903228	-0.506403320143	0.911729377921
0.069074598661	0.708574811310	0.702246706363	-0.077360219785
0.660060316221	-0.560281302740	0.500405076664	2.154627611743
0.000000000000	0.000000000000	0.000000000000	1.000000000000
6	36	57
-0.757421538607	0.558945743729	-0.337479285916	1.692817439600
-0.630360024804	-0.491277531619	0.601076223167	-0.692978695839
0.170173006039	0.668001528811	0.724441236762	1.515768467960
0.000000000000	0.000000000000	0.000000000000	1.000000000000
6	37	57
-0.121976791025	-0.316037410803	0.940873008128	-2.610765236759
0.779037508759	0.556889063273	0.288054042072	1.577656981079
-0.614997741783	0.768111272004	0.178277456291	2.184289059220
0.000000000000	0.000000000000	0.000000000000	1.000000000000
7	8	57
0.742189409892	0.009870769169	0.670117488028	-0.385750720479
0.364451470141	0.833177420797	-0.415921280276	0.194746731657
-0.562432223255	0.552917673249	0.614778041941	-0.298368866660
0.000000000000	0.000000000000	0.000000000000	1.000000000000
7	9	57
0.575311322030	-0.290500329648	0.764608685027	0.118199277614
0.516623102198	0.853792363611	-0.064336382518	0.261012666690
-0.634127316096	0.432027960107	0.641275594941	-0.450192887579
0.000000000000	0.000000000000	0.000000000000	1.000000000000
7	10	57
0.914209149059	0.026266462977	0.404390534879	0.722059723276
0.126110676628	0.929906404541	-0.345499892958	0.787279660465
-0.385120408467	0.366857127117	0.846816461381	-1.311103996515
0.000000000000	0.000000000000	0.000000000000	1.000000000000
7	11	57
0.575105018436	0.463588220392	-0.674047609360	1.282588469491
-0.588773514675	0.806597552194	0.052403599229	0.387255922709
0.567978843081	0.366723807120	0.736826766007	-1.252570150101
0.000000000000	0.000000000000	0.000000000000	1.000000000000
7	13	57
0.710396137001	0.309613892683	-0.632041585651	1.325850365284
-0.315647634215	0.942816054733	0.107072209055	0.489434222071
0.629049997654	0.123438747544	0.767501775930	-1.181233772846
0.000000000000	0.000000000000	0.000000000000	1.000000000000
7	18	57
0.304910393240	0.560069510115	-0.770293318116	1.008212376929
-0.493445017347	0.784684548409	0.375209507267	-0.441451608114
0.814580669394	0.265692121312	0.515621983359	0.368346791425
0.000000000000	0.000000000000	0.000000000000	1.000000000000
7	20	57
0.971223125410	-0.110365694873	0.211056992454	1.263369165931
0.101079884458	0.993394049580	0.054324204714	-0.729716566687
-0.215658289027	-0.031427307476	0.975963025283	0.619764571191
0.000000000000	0.000000000000	0.000000000000	1.000000000000
7	21	57
0.997300588597	0.015258567607	-0.071824174893	1.517028390844
-0.040653485300	0.929308198114	-0.367060713033	-0.613008922124
0.061145973845	0.368989768196	0.927419926920	0.467622497604
0.000000000000	0.000000000000	0.000000000000	1.000000000000
7	22	57
-0.098590979346	0.423924304703	-0.900315501740	1.694512257887
-0.553367938735	0.728588194660	0.403662194144	-0.392615068406
0.827081461025	0.538003184455	0.162753895022	0.710874379000
0.000000000000	0.000000000000	0.000000000000	1.000000000000
7	29	57
-0.993300769257	-0.035070548251	0.110107395021	0.103382542716
-0.082589287301	-0.450989250940	-0.888700008529	3.086856636398
0.080824448133	-0.891840093392	0.445071518301	0.973429533066
0.000000000000	0.000000000000	0.000000000000	1.000000000000
7	30	57
0.440193716086	-0.598744888158	0.669129323243	-0.890298725577
0.627019609845	0.738394735370	0.248233002738	-0.810993091766
-0.642709811026	0.310286599265	0.700461508670	1.295041643865
0.000000000000	0.000000000000	0.000000000000	1.000000000000
7	31	57
0.579594556910	0.070129985629	0.811881724586	-1.134365565211
0.511976325263	0.743775552584	-0.429741980435	-0.901730366508
-0.633995577248	0.664740334638	0.395183369507	1.323380672176
0.000000000000	0.000000000000	0.000000000000	1.000000000000
7	32	57
-0.920572776175	-0.042997622483	0.388197073953	-0.732169731560
0.384838163567	0.069812572883	0.920340041794	-1.184843619094
-0.066673470191	0.996633036342	-0.047720427956	1.657028042257
0.000000000000	0.000000000000	0.000000000000	1.000000000000
7	36	57
-0.573335793118	0.588678995917	-0.569862358904	1.732981539579
-0.425047779364	0.380907552704	0.821123511751	-2.239589974197
0.700443040930	0.712998230053	0.031828766139	3.170648923332
0.000000000000	0.000000000000	0.000000000000	1.000000000000
7	37	57
-0.321926932358	0.601342150614	-0.731266482288	1.907436899499
-0.578158631949	0.486775967579	0.654814289467	-2.508851172995
0.749730382554	0.633590384462	0.190964861144	2.986916472637
0.000000000000	0.000000000000	0.000000000000	1.000000000000
8	10	57
0.935738191795	0.124186862125	-0.330108557435	1.597365147556
-0.046609948165	0.971292393213	0.233277944992	-0.098958307430
0.349601986762	-0.202900739681	0.914663730935	-0.039548715862
0.000000000000	0.000000000000	0.000000000000	1.000000000000
8	19	57
0.136513782834	0.445413043238	-0.884856603077	2.134133803381
-0.309783687513	0.867616377178	0.388942012392	-0.206286116937
0.940955925667	0.221018196007	0.256423288698	0.208611398536
0.000000000000	0.000000000000	0.000000000000	1.000000000000
8	20	57
0.864138628703	0.325346390883	-0.383945512180	0.398116701392
-0.018694183999	0.783151673261	0.621549663465	-0.246668099465
0.502906510068	-0.529927525807	0.682833698292	2.229181907000
0.000000000000	0.000000000000	0.000000000000	1.000000000000
8	21	57
0.746693142402	0.194148491878	-0.636204145059	0.589857533305
0.003450394112	0.955311981144	0.295579284565	-0.363786314078
0.665159714557	-0.222902179857	0.712655016361	2.043534473064
0.000000000000	0.000000000000	0.000000000000	1.000000000000
8	26	57
0.269564901133	-0.397842292095	0.876958536476	-1.126646579824
0.100300904626	0.917315875821	0.385319753578	-0.079654625008
-0.957744481899	-0.015908946749	0.287180105169	1.321490023854
0.000000000000	0.000000000000	0.000000000000	1.000000000000
8	31	57
0.923822782355	-0.005871373759	0.382775382923	-2.127731613734
0.001191829955	0.999921644860	0.012461287360	-0.247718268492
-0.382818555380	-0.011055817993	0.923757393770	1.340251480959
0.000000000000	0.000000000000	0.000000000000	1.000000000000
9	14	57
0.993647650007	-0.002830167474	0.112500390165	0.834774647187
0.013776020812	0.995224214840	-0.096638415996	0.097599404930
-0.111689609570	0.097574342672	0.988941190752	-0.294935347205
0.000000000000	0.000000000000	0.000000000000	1.000000000000
9	19	57
0.273990958275	0.299854702241	-0.913792160356	1.450339201310
-0.439853210835	0.884025668611	0.158201675577	-0.246787000724
0.855253241854	0.358588587077	0.374107093648	0.072400362225
0.000000000000	0.000000000000	0.000000000000	1.000000000000
9	20	57
0.674294026184	0.495129040520	-0.547882103637	-0.448005694117
-0.297338411024	0.861160812673	0.412300768914	-0.724545908191
0.675956681735	-0.115105551346	0.727896473729	1.822907812716
0.000000000000	0.000000000000	0.000000000000	1.000000000000
9	21	57
0.626252567266	0.328562947912	-0.707003614737	1.608466406850
-0.359442221225	0.926405267696	0.112136388326	-0.471283548571
0.691815735289	0.183901248622	0.698263073033	0.427063824201
0.000000000000	0.000000000000	0.000000000000	1.000000000000
9	24	57
0.097729149691	-0.237972758856	0.966342578666	-0.582310974023
0.410413417305	0.894217759152	0.178704857553	-0.430189614852
-0.906647583241	0.379135286223	0.185058354428	1.397161143260
0.000000000000	0.000000000000	0.000000000000	1.000000000000
9	25	57
0.257244541921	-0.326235760250	0.909612815645	-0.829745669757
0.463023869886	0.867814160432	0.180298305231	-0.173615782337
-0.848194636606	0.374791691059	0.374295400379	0.724339460727
0.000000000000	0.000000000000	0.000000000000	1.000000000000
9	29	57
-0.006854617066	-0.313919999650	0.949424693193	-2.454614474764
0.497085179121	0.822760790095	0.275628385660	0.000146851872
-0.867674673437	0.473834270714	0.150405269102	0.375324843838
0.000000000000	0.000000000000	0.000000000000	1.000000000000
9	31	57
-0.966132431368	-0.009941191453	0.257855187597	-0.683889779127
-0.168517721434	0.781058206638	-0.601290159080	0.846680778161
-0.195422369806	-0.624379092023	-0.756280931152	5.381708358731
0.000000000000	0.000000000000	0.000000000000	1.000000000000
10	13	57
0.541510393623	0.314503000558	-0.779650149899	-0.001844129128
-0.107648745946	0.945694133899	0.306715426095	0.011991462928
0.833773495078	-0.082161230201	0.545959056302	0.088935814093
0.000000000000	0.000000000000	0.000000000000	1.000000000000
10	14	57
0.800150957154	-0.266276551631	0.537452550293	-0.260570371962
0.264091131338	0.960927650043	0.082909141430	0.168649483629
-0.538529776441	0.075596623175	0.839208454706	-0.207389694293
0.000000000000	0.000000000000	0.000000000000	1.000000000000
10	19	57
0.736624233040	0.229291979048	-0.636246750595	0.387221407272
-0.342305901971	0.937774844052	-0.058352475004	0.233480252710
0.583276442842	0.260774864985	0.769275672966	-0.192762988512
0.000000000000	0.000000000000	0.000000000000	1.000000000000
10	20	57
0.983972723385	0.062759030912	-0.166910106563	-0.334691930728
0.017437690620	0.897668205543	0.440326832822	-0.724122282597
0.177464381157	-0.436180119671	0.882186656340	2.457201868345
0.000000000000	0.000000000000	0.000000000000	1.000000000000
10	21	57
0.976559029076	0.148448858286	-0.155869814919	0.423265662940
-0.162299819100	0.983477663787	-0.080190108819	0.100298428371
0.141390351331	0.103608017574	0.984517215312	0.072574835283
0.000000000000	0.000000000000	0.000000000000	1.000000000000
10	23	57
-0.437562565250	0.474419987719	-0.763848595433	1.042778955970
0.208882662423	-0.772618812574	-0.599523313805	1.615070654574
-0.874589637962	-0.421883687418	0.238970959449	1.186655030712
0.000000000000	0.000000000000	0.000000000000	1.000000000000
10	24	57
-0.461834462387	-0.324864988049	0.825331247980	-0.631694305398
0.348021071745	0.789518122381	0.505512084974	-0.529834320789
-0.815837154690	0.520695567460	-0.251566816282	1.988630695515
0.000000000000	0.000000000000	0.000000000000	1.000000000000
10	25	57
-0.339434960947	-0.411682477870	0.845754955470	-1.212114095668
0.335243188112	0.787145868053	0.517700093907	-0.475080332963
-0.878860576037	0.459259098791	-0.129171080611	1.571264658073
0.000000000000	0.000000000000	0.000000000000	1.000000000000
10	29	57
-0.907319657560	0.317456822149	-0.275666837100	-0.976341331948
-0.097840912316	-0.797084281437	-0.595889087132	1.653893402311
-0.408898758720	-0.513690387643	0.754270502380	0.356459654682
0.000000000000	0.000000000000	0.000000000000	1.000000000000
11	17	57
-0.261558336110	0.563305127568	-0.783756703363	0.916961778907
-0.152714566757	0.777643587442	0.609875980845	-0.560895835959
0.953029641675	0.279209212180	-0.117374264309	1.755511988971
0.000000000000	0.000000000000	0.000000000000	1.000000000000
11	18	57
0.923083753317	0.196049347501	-0.330879188989	1.082768898804
-0.055891590974	0.919570633095	0.388929274813	-0.503121190664
0.380516115848	-0.340520930477	0.859798221380	1.520490299093
0.000000000000	0.000000000000	0.000000000000	1.000000000000
11	27	57
-0.887290096149	0.362269535913	-0.285441883098	0.642695775534
-0.025699684193	0.579098830650	0.814852177129	-0.870433489241
0.460495180766	0.730346032843	-0.504518444462	3.017709883056
0.000000000000	0.000000000000	0.000000000000	1.000000000000
11	28	57
0.592894322423	-0.145531119313	0.792020843002	-1.493592697080
0.241971168203	0.970279253351	-0.002850311392	-0.261166364032
-0.768066583179	0.193336142064	0.610487395427	1.505621353920
0.000000000000	0.000000000000	0.000000000000	1.000000000000
11	32	57
0.855571053038	-0.373571471700	0.358388795494	-1.836107245067
0.209360111065	0.882836647083	0.420437627315	0.016491585229
-0.473462265760	-0.284681945510	0.833540444611	1.269196565440
0.000000000000	0.000000000000	0.000000000000	1.000000000000
12	15	57
-0.274772061313	0.590770706180	-0.758610761222	0.757026583992
-0.344751679353	0.675986643468	0.651297426247	-0.156564789238
0.897578182614	0.440490670244	0.017926949622	0.555223333649
0.000000000000	0.000000000000	0.000000000000	1.000000000000
12	23	57
0.579847213618	0.446191578434	-0.681681952375	1.788484702839
-0.311310503633	0.894552528084	0.320720352995	0.155817038651
0.752903034385	0.026245948877	0.657607915844	-0.871409374428
0.000000000000	0.000000000000	0.000000000000	1.000000000000
12	27	57
0.251564457428	0.596013153128	-0.762550749169	3.335293364823
-0.020461213103	0.790987863954	0.611489605665	-0.734600911663
0.967624236218	-0.138226337491	0.211179584966	0.568829019186
0.000000000000	0.000000000000	0.000000000000	1.000000000000
12	28	57
0.412506409362	0.113917416962	-0.903803786421	3.962593260079
-0.143910482870	0.987840640974	0.058827212754	-0.384147706151
0.899515555816	0.105800237017	0.423884506312	0.860750733405
0.000000000000	0.000000000000	0.000000000000	1.000000000000
12	29	57
0.258092220763	0.303868417033	-0.917089085482	3.243771815927
-0.289751396649	0.929898138871	0.226569149410	0.292439007963
0.921646642549	0.207252108442	0.328045773978	-0.275830721924
0.000000000000	0.000000000000	0.000000000000	1.000000000000
13	25	57
-0.873341265876	0.453296935522	-0.178316913290	0.444544205904
-0.368993812554	-0.854626840577	-0.365317026242	0.492107022333
-0.317991508716	-0.253248596466	0.913644651258	-0.587931747664
0.000000000000	0.000000000000	0.000000000000	1.000000000000
13	26	57
-0.251013339539	-0.566941231850	0.784582655303	0.203874302213
-0.521984699038	-0.603308432029	-0.602951830425	0.966717333448
0.815183585055	-0.560889093735	-0.144496183984	2.121186598645
0.000000000000	0.000000000000	0.000000000000	1.000000000000
14	15	57
0.208361658566	-0.476375802214	0.854196414359	-0.468369289321
0.466119663770	0.816168733857	0.341468969193	-0.091986111721
-0.859835960103	0.327008704685	0.392106399812	0.385480694871
0.000000000000	0.000000000000	0.000000000000	1.000000000000
14	29	57
0.047688666120	-0.386164499237	0.921196380069	-3.395232338168
0.492523584623	0.811427374991	0.314652401397	-0.036603886434
-0.868991547550	0.438705589939	0.228891012585	0.407996674362
0.000000000000	0.000000000000	0.000000000000	1.000000000000
15	24	57
0.998062426926	0.005001808059	-0.062019141198	-1.141199746086
-0.014005258563	0.989244105326	-0.145602035733	0.646390309739
0.060623796412	0.146188515257	0.987397424199	-0.734313781702
0.000000000000	0.000000000000	0.000000000000	1.000000000000
15	25	57
0.990436492482	0.081643432429	-0.111220071482	-0.673224358594
-0.087835867927	0.994779029802	-0.051957118579	0.671486262568
0.106397437303	0.061229337794	0.992436674820	-1.010112704629
0.000000000000	0.000000000000	0.000000000000	1.000000000000
17	18	57
-0.105569051142	0.534265431350	-0.838698768513	2.348897609209
-0.485880011980	0.708165122061	0.512272167754	-1.084262878996
0.867626526450	0.461587054368	0.184828574197	1.717687127618
0.000000000000	0.000000000000	0.000000000000	1.000000000000
17	22	57
0.439209171214	-0.479985017221	0.759414041985	-0.457890893004
0.496068972741	0.834330614803	0.240432941765	0.318238129223
-0.749006594233	0.271121390608	0.604551332270	-0.479957511480
0.000000000000	0.000000000000	0.000000000000	1.000000000000
17	27	57
0.632593572874	0.425887997926	-0.646873082437	1.614395845486
-0.317318499466	0.904433669160	0.285146818298	0.063204400067
0.706494402990	0.024882751283	0.707281066644	-0.081420265621
0.000000000000	0.000000000000	0.000000000000	1.000000000000
17	29	57
0.368953126306	0.284729615066	-0.884761344597	1.906894224335
-0.284074922615	0.940914764351	0.184338939371	0.021808329301
0.884971767307	0.183326082518	0.428037987260	0.024283212831
0.000000000000	0.000000000000	0.000000000000	1.000000000000
17	32	57
0.592896717183	0.501175364655	-0.630314791684	2.131245715599
-0.250441221559	0.858671299463	0.447171996019	0.293101746182
0.765344809414	-0.107270002060	0.634618365131	-0.560309222922
0.000000000000	0.000000000000	0.000000000000	1.000000000000
18	19	57
0.754172893407	-0.106387897626	0.648000665192	-0.071227939177
0.384979722387	0.871054560782	-0.305048464168	-0.067777841669
-0.531990470029	0.479526399043	0.697882921714	-0.232223306999
0.000000000000	0.000000000000	0.000000000000	1.000000000000
18	27	57
-0.642782791506	0.561899035930	-0.520672407915	0.208638748473
-0.247915962095	0.490521955601	0.835419587281	-0.905516853946
0.724822708448	0.666076335336	-0.175995331823	1.524376489321
0.000000000000	0.000000000000	0.000000000000	1.000000000000
18	28	57
-0.400232871246	0.302386772736	-0.865087214360	0.451688013416
-0.373697766799	0.808086010597	0.455353685135	-1.158509436355
0.836757807172	0.505528672927	-0.210421322554	1.726973409470
0.000000000000	0.000000000000	0.000000000000	1.000000000000
18	32	57
-0.669894447012	0.642840484422	-0.371480203308	0.776502506321
-0.149162482499	0.373610784109	0.915513809733	-1.169612692678
0.727318350983	0.668708526628	-0.154392107111	1.903186907678
0.000000000000	0.000000000000	0.000000000000	1.000000000000
18	33	57
0.491346205599	0.717198859505	-0.494170721682	0.831929916995
-0.342007514667	0.680686585035	0.647839974736	-1.262013460806
0.801005471988	-0.149303613078	0.579740170220	2.006107942667
0.000000000000	0.000000000000	0.000000000000	1.000000000000
18	35	57
0.778537875566	0.435422706320	-0.451979914521	0.663653005678
-0.285495608081	0.887058062274	0.362795054984	-1.240834455386
0.558901631842	-0.153411410837	0.814919569620	1.856167746682
0.000000000000	0.000000000000	0.000000000000	1.000000000000
18	36	57
0.830170977363	-0.400602789021	0.387728711566	-1.295052526349
0.358401154785	0.916198986298	0.179242935022	-0.000823351624
-0.427041872178	-0.009839864584	0.904178310109	0.333821696804
0.000000000000	0.000000000000	0.000000000000	1.000000000000
19	20	57
0.763682674360	-0.384830729922	0.518357099103	0.315424628115
0.080179382736	0.853237941708	0.515321532068	-0.012349597248
-0.640593505639	-0.351980573522	0.682458523572	0.253582009888
0.000000000000	0.000000000000	0.000000000000	1.000000000000
19	30	57
-0.127970687867	-0.638812878125	0.758644587267	-1.304180545477
0.198200749315	0.733030936253	0.650678191940	-0.083573096943
-0.971771560614	0.233631661462	0.032806717977	2.134280760497
0.000000000000	0.000000000000	0.000000000000	1.000000000000
19	35	57
0.044476643769	0.546153713496	0.836503406684	-2.131849326278
-0.982303626606	0.176401878306	-0.062944121937	-0.359424192743
-0.181937938088	-0.818900786765	0.544334536953	2.288330005959
0.000000000000	0.000000000000	0.000000000000	1.000000000000
19	36	57
0.832042222112	0.128198156901	-0.539695259559	-0.568071137643
-0.153059846323	-0.882099678237	-0.445502908068	0.308539690191
-0.533177666512	0.453282903076	-0.714322186210	4.084979014346
0.000000000000	0.000000000000	0.000000000000	1.000000000000
19	37	57
0.115048863488	0.831479143123	-0.543512827412	0.822138138572
-0.981540851625	0.011003403003	-0.190935805214	0.610394086671
-0.152778649034	0.555446990876	0.817396675260	0.255131530063
0.000000000000	0.000000000000	0.000000000000	1.000000000000
22	27	57
-0.882139953013	0.428863857818	-0.194691794270	0.098821585467
-0.065805226645	0.297087503813	0.952580016179	-1.593166086500
0.466367639792	0.853120628361	-0.233851273291	2.201525226381
0.000000000000	0.000000000000	0.000000000000	1.000000000000
22	33	57
0.792923252545	0.466435287745	-0.392059737692	1.105587705168
-0.257744493453	0.839791224993	0.477826824822	-1.269358823575
0.552123619915	-0.277828761596	0.786111116549	1.889766956347
0.000000000000	0.000000000000	0.000000000000	1.000000000000
22	35	57
0.912657283685	0.274920567211	-0.302448944885	1.004904452586
-0.166008225926	0.925528826129	0.340349321917	-1.430658436697
0.373494245555	-0.260413274871	0.890329700060	1.976427381984
0.000000000000	0.000000000000	0.000000000000	1.000000000000
23	24	57
0.642020310448	0.369703066438	-0.671661792600	0.459657308149
-0.322600398229	0.924994947860	0.200781795731	-0.090482165224
0.695513410392	0.087772370940	0.713131900047	0.010467332857
0.000000000000	0.000000000000	0.000000000000	1.000000000000
23	25	57
0.494623837312	0.406834263834	-0.768005951366	1.163199005451
-0.330081768138	0.905395838661	0.267028840535	-0.310324912628
0.803985874195	0.121425932589	0.582118937151	0.404944051203
0.000000000000	0.000000000000	0.000000000000	1.000000000000
23	26	57
0.205967557995	0.505642696810	-0.837796412153	1.820644748190
-0.374247189053	0.831769338646	0.409998547282	-0.086028805991
0.904166138793	0.229096552682	0.360552857442	-0.170670411556
0.000000000000	0.000000000000	0.000000000000	1.000000000000
23	29	57
0.676089540403	0.360423753467	-0.642648933163	2.594348606196
-0.319471318313	0.929338587113	0.185115821252	-0.284854630906
0.663958590677	0.080153031378	0.743461149911	-0.458497221663
0.000000000000	0.000000000000	0.000000000000	1.000000000000
25	27	57
0.497721837078	0.441111925066	-0.746788619664	2.279887865469
-0.221733559764	0.897114778937	0.382124720329	-0.017289342319
0.838514878443	-0.024603718766	0.544322933242	0.072916627503
0.000000000000	0.000000000000	0.000000000000	1.000000000000
25	29	57
0.961155422434	-0.142143907941	0.236591131198	-0.078557563968
0.168423758075	0.981150340881	-0.094749386832	0.838726545143
-0.218663420905	0.130916454369	0.966978381523	-1.488707596886
0.000000000000	0.000000000000	0.000000000000	1.000000000000
25	32	57
0.850157019710	-0.392471064683	0.350997870683	-0.536500516413
0.340684183515	0.918302359539	0.201631008450	1.137310258031
-0.401456509401	-0.051838594236	0.914409881403	-1.620306224357
0.000000000000	0.000000000000	0.000000000000	1.000000000000
26	27	57
0.601667422949	-0.401534966481	0.690482427622	-0.269532526111
0.415540327398	0.895616639137	0.158735856083	0.353230316587
-0.682145547862	0.191417100578	0.705717326653	-0.396819892305
0.000000000000	0.000000000000	0.000000000000	1.000000000000
26	32	57
0.592638685854	-0.551974114496	0.586603754638	-0.996107744242
0.470859254803	0.828290046394	0.303689251062	0.462446112988
-0.653506656581	0.096229808116	0.750778844823	-0.595220767666
0.000000000000	0.000000000000	0.000000000000	1.000000000000
28	33	57
0.594358530740	-0.657453631119	0.463133522718	0.058069939497
0.296530190726	0.714480045705	0.633709799733	0.247556409594
-0.747534469389	-0.239317753661	0.619612160837	-0.455711649251
0.000000000000	0.000000000000	0.000000000000	1.000000000000
32	33	57
0.220331289768	-0.659220820105	0.718945083500	-0.071396230821
0.765244550435	0.573869131381	0.291676187027	0.118395249609
-0.604859405796	0.485903416728	0.630906465993	-0.029171769388
0.000000000000	0.000000000000	0.000000000000	1.000000000000
35	36	57
0.871499188482	0.407758909547	-0.272436848024	-0.205111263347
-0.306200774566	0.018520591985	-0.951786779341	2.648330543680
-0.383053847561	0.912901779688	0.140996774824	2.388285667762
0.000000000000	0.000000000000	0.000000000000	1.000000000000
35	37	57
0.998644032532	0.039336451722	0.034098971440	-0.067590923535
-0.035058932212	0.992387745444	-0.118056909859	1.120759027587
-0.038483341325	0.116701355002	0.992421193940	-1.332143885038
0.000000000000	0.000000000000	0.000000000000	1.000000000000
36	38	57
0.955821075829	0.240215557026	-0.169418290521	0.276882090561
-0.246346128197	0.969052686148	-0.015826452272	-0.627804584677
0.160373489463	0.056862796553	0.985417153416	0.581426625659
0.000000000000	0.000000000000	0.000000000000	1.000000000000
36	39	57
0.955300878023	0.242861315626	-0.168578212772	0.951744221365
-0.249399498026	0.968225274389	-0.018431180586	-0.450180627624
0.158745465551	0.059650644640	0.985515944955	0.358520853084
0.000000000000	0.000000000000	0.000000000000	1.000000000000
36	42	57
-0.087114487390	-0.726072424628	0.682077635084	0.390364822473
0.831733997546	0.323830299966	0.450946220906	-1.002591617660
-0.548297021159	0.606591106940	0.575688809661	1.033049124143
0.000000000000	0.000000000000	0.000000000000	1.000000000000
36	53	57
-0.204863123894	0.978790631580	0.000000000000	-0.395118637118
-0.870218496154	-0.182138726956	-0.457761131044	1.571799381248
-0.448052306567	-0.093778375303	0.889075220049	-0.415609916469
0.000000000000	0.000000000000	0.000000000000	1.000000000000
36	55	57
0.547661430258	-0.565450267305	0.616711401721	0.149109363205
0.584101493711	0.786123355454	0.202077992505	0.151306952348
-0.599076291346	0.249551728535	0.760809786959	-0.243646445183
0.000000000000	0.000000000000	0.000000000000	1.000000000000
36	56	57
0.019316671274	0.338738010894	-0.940682425788	2.321076573429
-0.541054441572	0.794730332786	0.275070517151	-1.388329161507
0.840765697127	0.503646957825	0.198627249913	0.486486051097
0.000000000000	0.000000000000	0.000000000000	1.000000000000
37	38	57
0.797389026621	0.395002512940	-0.456227744658	0.128166166593
-0.327009518773	0.918222525264	0.223455070941	-0.724605863996
0.507183906347	-0.028989806280	0.861350147312	1.054739669474
0.000000000000	0.000000000000	0.000000000000	1.000000000000
37	39	57
0.637240354371	0.520173554275	-0.568633629144	1.094945904792
-0.278336901975	0.843387433385	0.459593522808	-1.060888298037
0.718646853301	-0.134599816646	0.682224002509	1.196418745184
0.000000000000	0.000000000000	0.000000000000	1.000000000000
37	41	57
0.921100736930	0.220422455335	-0.320916458929	-0.110388947036
-0.096851446628	0.928109305195	0.359489798042	-0.986156668860
0.377085175674	-0.300045094601	0.876230398635	1.641929524689
0.000000000000	0.000000000000	0.000000000000	1.000000000000
37	42	57
0.299355353520	-0.714572680098	0.632275459888	-0.080410685577
0.626341970820	0.647066216423	0.434742506724	-0.987332068140
-0.719779207749	0.265878160857	0.641269596715	1.560820403404
0.000000000000	0.000000000000	0.000000000000	1.000000000000
37	55	57
0.754474473306	-0.485834038928	0.441286251485	0.306868594551
0.355494948460	0.867685927306	0.347483054515	-0.202577455985
-0.551716966161	-0.105292061310	0.827358429627	0.110358657645
0.000000000000	0.000000000000	0.000000000000	1.000000000000
37	56	57
-0.389520166107	0.235962144785	-0.890278555523	2.061106183325
-0.465182638533	0.783866862753	0.411288042963	-1.532826239901
0.794908267037	0.574347114301	-0.195566457480	1.807429996365
0.000000000000	0.000000000000	0.000000000000	1.000000000000
38	55	57
0.429035404557	-0.712173337411	0.555641754296	-0.897595256965
0.658527434836	0.667648697579	0.347256150685	0.287227255114
-0.618280065347	0.216920156050	0.755430610112	-0.267248355649
0.000000000000	0.000000000000	0.000000000000	1.000000000000
40	41	57
0.525307248171	-0.636345076954	0.564904627397	-0.070474273786
0.047126049010	0.684618861123	0.727376209743	0.175511195899
-0.849606632815	-0.355474271968	0.389623679267	0.727013838096
0.000000000000	0.000000000000	0.000000000000	1.000000000000
41	42	57
-0.276502882169	-0.403107285122	0.872382182781	-0.270897912183
0.921462906864	0.146534254202	0.359769125440	0.002657912736
-0.272859427960	0.903345022141	0.330931267103	0.205174143992
0.000000000000	0.000000000000	0.000000000000	1.000000000000
41	53	57
0.900522349009	0.066865845026	-0.429637588794	0.313547449946
0.413344265149	-0.438274988789	0.798161357540	-0.838610622416
-0.134929675773	-0.896350374001	-0.422315035992	1.740634136307
0.000000000000	0.000000000000	0.000000000000	1.000000000000
41	55	57
-0.682751685440	0.725802060890	-0.084032758118	-0.229011432749
-0.218783246320	-0.093350228197	0.971297907969	-2.799937755133
0.697125546196	0.681540243348	0.222528356705	2.365546043103
0.000000000000	0.000000000000	0.000000000000	1.000000000000
42	53	57
-0.329166471920	0.913506177583	-0.239072995717	-0.277287010446
-0.798957442677	-0.404385103530	-0.445128849698	-0.137741881572
-0.503305512144	0.044487656267	0.862962577338	0.069442945721
0.000000000000	0.000000000000	0.000000000000	1.000000000000
42	55	57
-0.851521379417	0.274151656790	-0.446936471408	0.378427369439
0.466512371587	0.007061749732	-0.884486483134	1.788770729033
-0.239327281253	-0.961660543419	-0.133908370457	2.222751427473
0.000000000000	0.000000000000	0.000000000000	1.000000000000
43	45	57
0.884824494729	-0.261050937502	0.385924891082	-0.041051696963
0.377110541051	0.887701116699	-0.264148381103	-0.414223101511
-0.273629774249	0.379261302324	0.883904752337	0.273067569925
0.000000000000	0.000000000000	0.000000000000	1.000000000000
43	48	57
0.974757147408	0.056535961885	-0.215991177112	0.031004738705
-0.203760843959	0.620726982611	-0.757086211424	-0.720307248410
0.091268954446	0.781985740326	0.616577878197	0.255471625600
0.000000000000	0.000000000000	0.000000000000	1.000000000000
43	49	57
0.270589227862	0.676472001715	-0.684957736404	-0.343836566227
-0.689303484480	0.632830431780	0.352684491999	-0.978925993985
0.672043284357	0.376711130056	0.637531605839	0.810682373225
0.000000000000	0.000000000000	0.000000000000	1.000000000000
43	53	57
0.692211633200	0.296688937341	0.657889602686	-0.658841804204
-0.123932185402	0.946915710172	-0.296633530219	-0.856843678883
-0.710973887203	0.123799484201	0.692235378630	0.403846726266
0.000000000000	0.000000000000	0.000000000000	1.000000000000
43	55	57
-0.948800230692	0.143162083506	-0.281571909261	-0.246797822533
0.295147861932	0.084204056348	-0.951733900043	2.114366767724
-0.112542711160	-0.986110690917	-0.122146810945	2.099316461209
0.000000000000	0.000000000000	0.000000000000	1.000000000000
44	45	57
0.643881359756	-0.529272499089	0.552528204046	0.101091531333
0.113861110330	0.780381885145	0.614849380655	0.103306879651
-0.756605869732	-0.332978580460	0.562736903750	0.241078705878
0.000000000000	0.000000000000	0.000000000000	1.000000000000
44	47	57
-0.135752577586	-0.502887390725	0.853624923446	0.034425854595
0.076571613122	0.853698255501	0.515107830089	0.119183082566
-0.987779340613	0.135290653059	-0.077384839938	0.390995948763
0.000000000000	0.000000000000	0.000000000000	1.000000000000
44	52	57
0.966740175077	0.094251330509	0.237760637173	0.738133885600
-0.062776898588	0.988627936961	-0.136652344526	0.507003719179
-0.247936473508	0.117181436064	0.961663151081	0.297778867094
0.000000000000	0.000000000000	0.000000000000	1.000000000000
45	46	57
0.395726155966	-0.430610157137	0.811157014428	-0.157071525357
0.567031642213	0.809356671180	0.153025800264	-0.029545031422
-0.722409804899	0.399395382281	0.564453188846	0.024191379765
0.000000000000	0.000000000000	0.000000000000	1.000000000000
47	48	57
-0.066667647585	0.033152854484	-0.997224304259	-0.041748463447
-0.488087258195	0.870620158627	0.061574083672	-0.184030095558
0.870244938596	0.490837475782	-0.041860712069	0.192180003335
0.000000000000	0.000000000000	0.000000000000	1.000000000000
47	56	57
0.476843806071	0.058341758899	0.877049727085	-1.102059442674
0.627037417587	0.676671612326	-0.385926943887	0.487029849376
-0.615990309629	0.733969868756	0.286084201244	-0.199602165540
0.000000000000	0.000000000000	0.000000000000	1.000000000000
48	49	57
0.434509166257	0.458326995514	-0.775330993590	-0.171604628921
0.278617870967	0.750216155308	0.599623050168	0.253579739708
0.856489268127	-0.476562782326	0.198277704458	0.690437699159
0.000000000000	0.000000000000	0.000000000000	1.000000000000
49	54	57
-0.069182421965	-0.180052534173	0.981221115462	-2.111812010257
0.745921527042	0.643781033244	0.170725091098	-0.940484665952
-0.662431028852	0.743725128104	0.089766730143	1.611459209443
0.000000000000	0.000000000000	0.000000000000	1.000000000000
50	55	57
0.946461783505	0.210531506608	-0.244717341212	-0.015057190701
-0.128098474343	0.940768955298	0.313918068320	0.016104708765
0.296312121311	-0.265763536762	0.917370628095	0.165872182202
0.000000000000	0.000000000000	0.000000000000	1.000000000000
51	55	57
0.815567232794	0.432191067721	-0.384786914765	-0.064487443607
-0.115864682042	0.773458672182	0.623166958272	0.162184786151
0.566943969231	-0.463651338194	0.680883229595	0.189703328769
0.000000000000	0.000000000000	0.000000000000	1.000000000000
52	53	57
-0.610910405981	-0.503152021184	0.611249964779	-1.723491361918
0.303357098315	0.564377948256	0.767757775880	-0.363357760304
-0.731274877707	0.654458230219	-0.192149624338	2.267485557063
0.000000000000	0.000000000000	0.000000000000	1.000000000000
52	54	57
-0.279795700843	-0.242735766036	0.928866897718	-1.976647777174
0.358226785330	0.871239403639	0.335582287700	-0.354357669217
-0.890723265701	0.426639484147	-0.156814586392	2.151083628814
0.000000000000	0.000000000000	0.000000000000	1.000000000000
54	55	57
0.999297282038	0.023949074852	0.028833728968	-0.173584061422
-0.033610930824	0.913029373087	0.406506665639	0.162052617505
-0.016590582920	-0.407190134573	0.913192721645	0.119971349765
0.000000000000	0.000000000000	0.000000000000	1.000000000000
