0	30	60
-0.066618778809	-0.923890928756	-0.376812274313	1.314366745727
-0.321607928993	-0.337613039018	0.884638782721	-2.356075052457
-0.944526483651	0.180119370553	-0.274639279843	3.929832122664
0.000000000000	0.000000000000	0.000000000000	1.000000000000
0	31	60
-0.188937112563	0.670963201856	0.717015445616	-1.861039956754
0.072628734471	0.737714485168	-0.671194759591	2.665912432359
-0.979299665284	-0.074737675433	-0.188112852951	2.462535410452
0.000000000000	0.000000000000	0.000000000000	1.000000000000
0	33	60
-0.103351768624	-0.469690471239	0.876760670394	-2.786042110112
0.211056863543	0.851051775677	0.480797125063	-1.028195900048
-0.971994553623	0.234737590396	0.011173691489	1.218849454821
0.000000000000	0.000000000000	0.000000000000	1.000000000000
0	34	60
0.317251798197	-0.398072487016	0.860749436028	-2.192990968004
0.165533205759	0.916947535946	0.363050924960	-1.089065952855
-0.933782659045	0.027304054720	0.356797469531	1.678943074694
0.000000000000	0.000000000000	0.000000000000	1.000000000000
0	35	60
0.495025327594	-0.211074553639	0.842850792161	-2.247215821328
0.154214218445	0.975986954475	0.153842255324	-1.343200838480
-0.855083563092	0.053823763339	0.515688959190	2.220496147792
0.000000000000	0.000000000000	0.000000000000	1.000000000000
0	36	60
0.340867777878	-0.536161718437	0.772230386405	-1.716686422753
0.359769497563	0.833291289052	0.419751755461	-1.035689088032
-0.868547676658	0.134745089975	0.476936782078	1.632684730362
0.000000000000	0.000000000000	0.000000000000	1.000000000000
0	37	60
0.060198914367	-0.673154856489	0.737047237221	-1.371782186958
0.311680715120	0.714143992640	0.626780256230	-1.236290130343
-0.948278030185	0.191991919003	0.252800080115	1.992904045523
0.000000000000	0.000000000000	0.000000000000	1.000000000000
0	38	60
-0.335345234012	-0.509673227005	0.792323655901	-1.348586367480
0.258645055171	0.758898602646	0.597641737446	-1.231255130684
-0.905895308223	0.405346903993	-0.122668569578	2.044323251539
0.000000000000	0.000000000000	0.000000000000	1.000000000000
0	41	60
0.993861995751	-0.093904892483	0.058482515070	0.547723980446
0.080499243525	0.976496784281	0.199934744558	-0.343690450850
-0.075882838593	-0.193999746024	0.978062315678	0.447647597828
0.000000000000	0.000000000000	0.000000000000	1.000000000000
0	42	60
-0.115784719017	0.410947132650	-0.904276701574	0.986704859406
-0.470963815689	0.778841072569	0.414245902805	-0.911486207412
0.874521002123	0.473844951272	0.103363334893	1.879554177650
0.000000000000	0.000000000000	0.000000000000	1.000000000000
0	47	60
0.989714327823	-0.057793073143	0.130864471876	0.674924727335
0.052189458310	0.997583873413	0.045854944632	-0.080733431716
-0.133198384915	-0.038553549804	0.990339241903	-0.090896109602
0.000000000000	0.000000000000	0.000000000000	1.000000000000
0	49	60
-0.407284044085	-0.175705971599	0.896240547497	-2.024531560193
0.441840369443	0.820931478935	0.361730002659	-1.261830347339
-0.799310199712	0.543322112966	-0.256718301253	4.104689008952
0.000000000000	0.000000000000	0.000000000000	1.000000000000
0	50	60
-0.069348409330	-0.418551298409	0.905541610708	-2.156902966383
0.156202355443	0.891974682970	0.424242842125	-1.393831672934
-0.985287583540	0.170868298815	0.003521673259	3.871615809692
0.000000000000	0.000000000000	0.000000000000	1.000000000000
0	51	60
0.339319751279	-0.130759005270	0.931538613764	-2.238596782074
-0.405551912285	0.873194424991	0.270294547866	-0.486142475201
-0.848757770411	-0.469503544933	0.243262550470	2.909089173095
0.000000000000	0.000000000000	0.000000000000	1.000000000000
1	3	60
0.910795843850	-0.008270881130	-0.412774179608	0.047850886120
-0.019958910316	0.997748238250	-0.064031983940	-0.084727054258
0.412374311426	0.066558587678	0.908579870832	-0.083657919882
0.000000000000	0.000000000000	0.000000000000	1.000000000000
1	31	60
0.298914717351	-0.618898790245	0.726370621091	-3.335903194786
0.235772846373	0.785470714346	0.572229780611	-0.822433451638
-0.924695169591	0.000210565725	0.380708285959	0.513751272438
0.000000000000	0.000000000000	0.000000000000	1.000000000000
1	33	60
-0.001126276831	-0.465900751578	0.884836268007	-2.949054090140
0.111559211795	0.879254944683	0.463103967285	-0.754398478376
-0.993757150296	0.099233219896	0.050985236148	1.000002250027
0.000000000000	0.000000000000	0.000000000000	1.000000000000
1	35	60
0.657928259864	-0.228301662219	0.717641105220	-2.312643076699
0.201253565712	0.971584652863	0.124580354030	-0.940755888032
-0.725690986000	0.062462895787	0.685179523547	1.699349534865
0.000000000000	0.000000000000	0.000000000000	1.000000000000
1	36	60
0.421691371329	-0.444800776003	0.790144706375	-2.004300256878
0.227253801071	0.895445781206	0.382795719436	-0.600285342467
-0.877799576922	0.018141736052	0.478684426494	1.605321284021
0.000000000000	0.000000000000	0.000000000000	1.000000000000
1	37	60
0.122114337618	-0.665340109449	0.736485320496	-1.623516112834
0.260335220157	0.737529387747	0.623117946585	-0.899561880440
-0.957764930290	0.115641432749	0.263274376531	1.973237341952
0.000000000000	0.000000000000	0.000000000000	1.000000000000
1	38	60
-0.327770033515	-0.511555365261	0.794278234249	-1.613429135453
0.146227904924	0.803120895688	0.577593478781	-0.928886233331
-0.933372489926	0.305463476019	-0.188435293582	2.224584678053
0.000000000000	0.000000000000	0.000000000000	1.000000000000
1	39	60
-0.603858184852	-0.292700748575	0.741405128368	-1.734540462708
0.202000161013	0.843579772610	0.497563164024	-0.675501223657
-0.771071480174	0.450221544383	-0.450276951926	1.897583812897
0.000000000000	0.000000000000	0.000000000000	1.000000000000
1	47	60
0.979206190735	0.202683673920	-0.008635065314	0.766136251614
-0.202772930647	0.976562759608	-0.072168657624	0.511905836706
-0.006194725456	0.072418953822	0.997355062404	-0.818371487279
0.000000000000	0.000000000000	0.000000000000	1.000000000000
1	48	60
-0.618024367412	-0.225542307757	0.753111245897	-2.417816449644
0.213317057408	0.873913138428	0.436774151595	-0.744597140030
-0.756664862607	0.430588543617	-0.491987593139	3.395847182277
0.000000000000	0.000000000000	0.000000000000	1.000000000000
1	49	60
0.255649885947	0.218718691350	-0.941703387415	1.563455287798
-0.332311366340	0.934599990577	0.126854299950	0.184604551526
0.907861383481	0.280508452045	0.311613088163	0.638659884732
0.000000000000	0.000000000000	0.000000000000	1.000000000000
1	50	60
-0.012527649239	-0.375820496691	0.926607798516	-2.538931432650
0.095152283042	0.922027194658	0.375249111050	-0.798617089152
-0.995383896312	0.092869836754	0.024209344991	3.835794250304
0.000000000000	0.000000000000	0.000000000000	1.000000000000
1	51	60
0.525194098929	-0.339941244627	0.780135314322	-2.233867407906
0.058499131172	0.929000192109	0.365426455958	-0.660011561865
-0.848969381133	-0.146282580177	0.507791686260	1.141163974024
0.000000000000	0.000000000000	0.000000000000	1.000000000000
2	3	60
0.817583743340	0.076841140498	-0.570659497208	-0.151023680457
-0.157890051307	0.982987046844	-0.093846669810	-0.164688394862
0.553739608774	0.166828968896	0.815806681029	0.042843256474
0.000000000000	0.000000000000	0.000000000000	1.000000000000
2	31	60
0.431309168845	-0.450607600797	0.781617036006	-3.797361345579
0.288972321561	0.889698175206	0.353457429412	-0.189943482812
-0.854673854895	0.073416259364	0.513948104987	0.183164213085
0.000000000000	0.000000000000	0.000000000000	1.000000000000
2	33	60
0.104223768676	-0.409885425355	0.906162978787	-3.435639718986
0.211702251834	0.899387458499	0.382471379405	-0.636858187333
-0.971761062511	0.151974134566	0.180511217966	0.741732093041
0.000000000000	0.000000000000	0.000000000000	1.000000000000
2	35	60
0.902339051144	-0.131793650626	0.410383565016	-2.550528690579
0.140393576743	0.990052474276	0.009259686291	-0.926328578978
-0.407521631806	0.049259839987	0.911865992224	0.937349096236
0.000000000000	0.000000000000	0.000000000000	1.000000000000
2	37	60
0.352967576510	-0.595693859027	0.721500323111	-2.183480483832
0.362491350859	0.797973073813	0.481496618910	-0.899269852238
-0.862562409617	0.091584932095	0.497592493642	1.588477522863
0.000000000000	0.000000000000	0.000000000000	1.000000000000
2	39	60
-0.454105472415	-0.298253498823	0.839543370150	-2.286600063260
0.280489147305	0.846530466515	0.452451110625	-0.772691929664
-0.845644167583	0.440943329354	-0.300757247845	1.758848126749
0.000000000000	0.000000000000	0.000000000000	1.000000000000
2	48	60
0.509862425093	0.164631285979	-0.844355877078	1.147770347546
-0.245810692294	0.968475588598	0.040399725790	-0.165884825051
0.824389113849	0.186953400522	0.534257442625	1.227953165266
0.000000000000	0.000000000000	0.000000000000	1.000000000000
2	49	60
0.002259192226	0.065501048473	-0.997849942977	1.387213614236
-0.197761348535	0.978174262708	0.063761750294	0.022225383968
0.980247593762	0.197192100308	0.015163459367	1.362473433191
0.000000000000	0.000000000000	0.000000000000	1.000000000000
2	50	60
-0.210986849862	0.332142216449	-0.919329156090	1.346743114774
-0.478022526532	0.785307852004	0.393428572562	-0.229884832947
0.852630642959	0.522468301079	-0.006918168392	1.015347101786
0.000000000000	0.000000000000	0.000000000000	1.000000000000
2	51	60
0.037966749224	-0.795359255482	0.604948080972	-1.491294535670
0.806838144847	-0.332763339409	-0.488140110999	0.856034424533
0.589551298848	0.506628280561	0.629092243921	-0.746980829754
0.000000000000	0.000000000000	0.000000000000	1.000000000000
3	24	60
-0.268377448279	-0.828090372172	0.492178708166	-0.441257391709
-0.700689427259	-0.182807691045	-0.689648950280	1.393993189702
0.661065709126	-0.529950642618	-0.531172706947	4.983110774529
0.000000000000	0.000000000000	0.000000000000	1.000000000000
3	25	60
0.625633876675	0.668541402583	-0.402038114349	1.078094901740
0.313899655721	-0.687530485966	-0.654804426532	1.870208297635
-0.714177329866	0.283468206155	-0.639997279373	4.319876469223
0.000000000000	0.000000000000	0.000000000000	1.000000000000
3	26	60
0.407850093716	0.843350924962	-0.349882149331	1.204792817065
-0.275852430573	0.479109145318	0.833282583173	-1.643303785600
0.870381374802	-0.243338538332	0.428045112295	1.680600330791
0.000000000000	0.000000000000	0.000000000000	1.000000000000
3	29	60
0.488844055244	0.605076737678	0.628421539393	-0.499837496635
-0.272386125120	-0.578477804052	0.768875301373	-1.924964587082
0.828756471163	-0.547033428357	-0.117970927625	3.428747503379
0.000000000000	0.000000000000	0.000000000000	1.000000000000
3	30	60
-0.945445667187	0.100081213838	-0.310026194109	0.426968090412
0.018315153998	-0.933809563380	-0.357301349669	2.736985029357
-0.325264577738	-0.343487190413	0.881033202831	0.932867062496
0.000000000000	0.000000000000	0.000000000000	1.000000000000
3	32	60
-0.656145963187	-0.538968086464	0.528191136585	-2.653673395549
0.054290508224	0.664402181992	0.745400752134	-0.817264153637
-0.752678560682	0.517767459714	-0.406683958316	2.559312325572
0.000000000000	0.000000000000	0.000000000000	1.000000000000
3	33	60
-0.440747722832	-0.398268008706	0.804440201668	-2.263101585677
0.087982866165	0.872698446500	0.480267047317	-0.592482974203
-0.893308714880	0.282453562057	-0.349599092106	2.283328125798
0.000000000000	0.000000000000	0.000000000000	1.000000000000
3	34	60
0.039143047507	-0.385575391825	0.921845669866	-1.485290818406
0.103366564720	0.919165747653	0.380065364956	-0.543945711779
-0.993872816375	0.080411103460	0.075834552221	2.343434886713
0.000000000000	0.000000000000	0.000000000000	1.000000000000
3	35	60
0.357044012825	-0.163467082038	0.919672814644	-1.453947103973
0.136118107199	0.983163517033	0.121907176441	-0.598226492684
-0.924116569378	0.081657895304	0.373283477181	2.438805861627
0.000000000000	0.000000000000	0.000000000000	1.000000000000
3	36	60
0.064352419952	-0.440806504018	0.895292350052	-1.151108488531
0.166890775776	0.889270904493	0.425845896286	-0.412554123988
-0.983873078709	0.122011820894	0.130793274119	2.303084053434
0.000000000000	0.000000000000	0.000000000000	1.000000000000
3	37	60
-0.227172884741	-0.636095423124	0.737411074719	-0.602555744070
0.217354818886	0.704990371125	0.675089223235	-0.727684323238
-0.949288872338	0.313641816890	-0.021896290836	2.452014590123
0.000000000000	0.000000000000	0.000000000000	1.000000000000
3	38	60
-0.615428302945	-0.381704325960	0.689601197416	-0.616187071233
0.123255134343	0.817544317639	0.562520631226	-0.661032739558
-0.778496098765	0.431188005678	-0.456092894011	2.593842542940
0.000000000000	0.000000000000	0.000000000000	1.000000000000
3	40	60
-0.996947172495	0.043723183549	-0.064688627086	-0.435881728154
-0.011842871809	0.734237811054	0.678789056487	-0.723822889873
0.077175654460	0.677482929703	-0.731478501611	2.517148230105
0.000000000000	0.000000000000	0.000000000000	1.000000000000
3	41	60
-0.998242440738	0.024349263208	-0.054029093004	-0.323745057981
-0.011667938639	0.813094967151	0.582014118043	-0.452535705098
0.058102398553	0.581621601881	-0.811381798852	3.209119787753
0.000000000000	0.000000000000	0.000000000000	1.000000000000
3	42	60
-0.955004097619	0.116561890044	-0.272727885117	-0.169695979289
-0.057092265246	0.830093238791	0.554694229429	-0.474667443326
0.291045781244	0.545305914788	-0.786087662108	3.644879068642
0.000000000000	0.000000000000	0.000000000000	1.000000000000
3	44	60
-0.827515962523	0.144555459736	-0.542513641147	-0.121275004115
-0.068795129408	0.932897264518	0.353510854183	-0.451538237494
0.557211415837	0.329858170910	-0.762042666223	3.853100756610
0.000000000000	0.000000000000	0.000000000000	1.000000000000
3	45	60
0.636626072531	-0.630207797494	0.444460769642	-1.812085647804
0.599551500341	0.766960283230	0.228713625275	0.170586146997
-0.485020867811	0.120872064288	0.866108943415	-0.771642091694
0.000000000000	0.000000000000	0.000000000000	1.000000000000
3	46	60
-0.861083873794	0.210213182796	-0.462974059825	-0.316985790200
-0.048398621157	-0.940288147523	-0.336921019081	2.474711137163
-0.506154260836	-0.267709950146	0.819840988748	0.791533191810
0.000000000000	0.000000000000	0.000000000000	1.000000000000
3	48	60
-0.845799477484	-0.060823243129	0.530022430641	-0.922525428446
0.103009717032	0.956166563836	0.274106731765	-0.180921243026
-0.523461786651	0.286436791103	-0.802459795017	4.138078428663
0.000000000000	0.000000000000	0.000000000000	1.000000000000
3	49	60
0.407499709122	0.184319834589	-0.894410524112	2.195672796159
-0.082042901520	0.982847542429	0.165165585556	0.192356301338
0.909512478955	0.006075106477	0.415632221689	0.406845194081
0.000000000000	0.000000000000	0.000000000000	1.000000000000
4	8	60
0.938701664311	0.328606768723	0.104195858694	0.425366694846
-0.299360587044	0.926914061932	-0.226304133232	0.234306611953
-0.170945676589	0.181239933079	0.968467687800	1.533316889661
0.000000000000	0.000000000000	0.000000000000	1.000000000000
4	24	60
0.430072139654	0.587716142770	0.685293871431	-0.491138747639
-0.573455838725	0.764114345866	-0.295427939561	0.304722718757
-0.697270647400	-0.265930445734	0.665653545252	1.313035124887
0.000000000000	0.000000000000	0.000000000000	1.000000000000
4	25	60
-0.367604071553	-0.887770862599	0.277002061541	0.410902759274
-0.725149931524	0.460114701758	0.512300730076	-0.807145914283
-0.582258381982	-0.012544191723	-0.812907017971	5.559519836566
0.000000000000	0.000000000000	0.000000000000	1.000000000000
4	26	60
-0.581845167896	0.246526390763	-0.775036089001	-0.462862860877
0.296101444554	-0.823340426508	-0.484184341559	2.627275217246
-0.757482762266	-0.511209625041	0.406059828271	1.186884608994
0.000000000000	0.000000000000	0.000000000000	1.000000000000
4	29	60
0.298382763475	0.929579869275	-0.216446282251	1.831231888993
-0.888196998042	0.353452750358	0.293559612232	-0.530682713345
0.349390639730	0.104653809790	0.931114257739	1.276262614789
0.000000000000	0.000000000000	0.000000000000	1.000000000000
4	30	60
-0.457487210404	-0.880056278816	0.127304353548	0.474155071695
-0.359081217317	0.051865674312	-0.931864062618	1.505440863771
0.813490093170	-0.472028492725	-0.339739562562	4.383650135663
0.000000000000	0.000000000000	0.000000000000	1.000000000000
4	31	60
0.957720956592	0.041821133319	0.284642867665	1.252749407183
-0.094391050460	0.980288825377	0.173563096408	0.201391491954
-0.271773617001	-0.193092754005	0.942790692282	-0.112330600187
0.000000000000	0.000000000000	0.000000000000	1.000000000000
4	32	60
-0.294343505794	0.522954675240	-0.799925189153	0.402809098621
-0.383716238562	0.701909821352	0.600070371668	-0.511025713584
0.875284952950	0.483571101633	-0.005936396647	1.579797154490
0.000000000000	0.000000000000	0.000000000000	1.000000000000
4	42	60
0.900670455626	0.301208965615	-0.313154737145	-1.587530085707
-0.254605656321	0.949884095785	0.181372997836	0.257727211328
0.352091877402	-0.083626333219	0.932222047722	0.118147119424
0.000000000000	0.000000000000	0.000000000000	1.000000000000
4	44	60
0.083221893958	-0.503487114693	0.859985372959	-2.118602000483
0.716690683737	0.629853045393	0.299398739233	-0.108773379559
-0.692407813511	0.591426974822	0.413262087835	0.444336628356
0.000000000000	0.000000000000	0.000000000000	1.000000000000
4	45	60
0.036931475930	-0.431484223096	0.901364205693	-2.183791585824
0.713830151324	0.642615621999	0.278373269951	-0.098520814381
-0.699344393805	0.633140211630	0.331739191642	0.635584626375
0.000000000000	0.000000000000	0.000000000000	1.000000000000
4	47	60
0.802013382868	0.132038756576	-0.582529227132	-0.738030425972
-0.060682968296	0.988226520263	0.140449001448	0.143551182966
0.594215542594	-0.077292376150	0.800583398235	-0.016025213304
0.000000000000	0.000000000000	0.000000000000	1.000000000000
5	6	60
0.922919354602	-0.047802266023	0.382014146681	0.098805329402
0.037379497611	0.998699770972	0.034663245940	0.028069146821
-0.383174422502	-0.017711883688	0.923506172755	-0.085232453896
0.000000000000	0.000000000000	0.000000000000	1.000000000000
5	11	60
0.735819522914	0.249593995355	-0.629501761063	1.897606949757
-0.113714269361	0.961938152882	0.248483510464	-0.174801224531
0.667561753430	-0.111255685301	0.736195271546	1.727446595087
0.000000000000	0.000000000000	0.000000000000	1.000000000000
5	15	60
-0.464511976929	0.357895108724	-0.810024514716	1.272490308740
-0.141605821583	0.872907622652	0.466883361890	-0.382835586434
0.874171844996	0.331577100336	-0.354796014563	4.520985407960
0.000000000000	0.000000000000	0.000000000000	1.000000000000
5	40	60
0.373002263828	-0.471605751142	0.799035247451	-0.562769123557
0.879777447520	0.453326402979	-0.143132159896	-0.034367662705
-0.294721824800	0.756361810149	0.583999878540	0.961124200621
0.000000000000	0.000000000000	0.000000000000	1.000000000000
6	8	60
0.986665806031	0.084361420407	0.139189575605	0.435754950800
-0.101264623117	0.987692883300	0.119198340519	-0.224573943151
-0.127420811938	-0.131703906641	0.983065622255	1.491512335831
0.000000000000	0.000000000000	0.000000000000	1.000000000000
6	9	60
0.978787610323	0.103950236689	0.176547903329	0.496127113495
-0.053696518069	0.961759008394	-0.268582005578	0.327242667100
-0.197715699489	0.253404731734	0.946939567296	2.078499939110
0.000000000000	0.000000000000	0.000000000000	1.000000000000
6	10	60
0.706901037713	0.291312098440	-0.644537186036	1.204412475973
0.117972933186	0.849923940902	0.513528657152	-0.783735760809
0.697404695938	-0.439051883020	0.566445173075	2.413951748707
0.000000000000	0.000000000000	0.000000000000	1.000000000000
6	24	60
0.821247638514	0.281728236596	0.496166823699	0.137100047206
-0.264669681478	0.958478411293	-0.106155992730	0.213475392005
-0.505472329551	-0.044139956845	0.861713054484	1.009624838886
0.000000000000	0.000000000000	0.000000000000	1.000000000000
6	25	60
-0.986359420370	0.006323346208	0.164484373545	1.079819786523
0.067997145919	0.925670152286	0.372170871126	-0.872028137885
-0.149904909842	0.378278712671	-0.913473444357	5.429763326117
0.000000000000	0.000000000000	0.000000000000	1.000000000000
6	26	60
0.722447902779	0.122255574529	-0.680531117780	1.740621903345
0.014111240590	0.981431737663	0.191291968460	-0.227455899573
0.691281346963	-0.147801619765	0.707308122770	1.281373119980
0.000000000000	0.000000000000	0.000000000000	1.000000000000
6	29	60
-0.984575604099	-0.018120580740	0.174018747172	0.366005502625
0.052930734480	0.917163819678	0.394979575701	-0.240557720643
-0.166760958144	0.398098194454	-0.902057986169	5.667550955934
0.000000000000	0.000000000000	0.000000000000	1.000000000000
6	30	60
-0.665940216972	0.393083545857	-0.634041759978	1.682396644025
0.485243472859	0.873790988748	0.032063687092	-0.015051385344
0.566623684174	-0.286312126811	-0.772633785550	5.110982946094
0.000000000000	0.000000000000	0.000000000000	1.000000000000
6	31	60
0.981465328015	0.014828388041	0.191065247529	1.693429324477
-0.075694527622	0.945929916894	0.315415489177	-0.023405202010
-0.176057230449	-0.324031960202	0.929519843991	-0.131835918135
0.000000000000	0.000000000000	0.000000000000	1.000000000000
6	42	60
-0.991699918960	0.109607401643	-0.067212262571	1.046662027413
-0.044867184105	-0.784904285884	-0.617990451214	2.668422342964
-0.120491520553	-0.609845455428	0.783307292171	1.194897701891
0.000000000000	0.000000000000	0.000000000000	1.000000000000
6	43	60
-0.099665504121	0.323365577911	-0.941010887456	2.268276007894
-0.156045342666	0.928937952841	0.335744144853	-0.596817508854
0.982708826825	0.180302475838	-0.042123376955	2.755106081909
0.000000000000	0.000000000000	0.000000000000	1.000000000000
6	44	60
-0.128775716310	0.213977872625	-0.968313113056	2.399052204111
-0.143661246698	0.962117437816	0.231714224959	-0.287936228189
0.981212648250	0.168948234314	-0.093157034282	2.659099677268
0.000000000000	0.000000000000	0.000000000000	1.000000000000
6	45	60
-0.003930946775	-0.404606658687	0.914482366918	-2.356144781594
0.570463288255	0.750181168602	0.334364847177	-0.229287326300
-0.821313694279	0.522992988501	0.227864322719	0.869874408297
0.000000000000	0.000000000000	0.000000000000	1.000000000000
6	46	60
-0.829391539226	-0.325483809657	0.454059428171	-0.290238634363
0.056875339009	0.759337869798	0.648206136428	-1.008782669139
-0.555765121677	0.563441469135	-0.611276402609	3.348468891314
0.000000000000	0.000000000000	0.000000000000	1.000000000000
6	47	60
-0.985132800305	-0.015612143327	0.171083683452	0.433447040296
-0.060416765867	-0.900762168768	-0.430089908877	2.494820560520
0.160820335048	-0.434031999162	0.886427122520	0.513238792690
0.000000000000	0.000000000000	0.000000000000	1.000000000000
7	9	60
0.934279137464	0.150205878224	-0.323358450402	0.559991362064
-0.116878589006	0.985840193225	0.120243539760	-0.337430356316
0.336841043716	-0.074547351186	0.938605776511	1.564893058602
0.000000000000	0.000000000000	0.000000000000	1.000000000000
7	10	60
0.638672671473	0.278382334708	-0.717356602002	0.831686905054
-0.211367884352	0.959871474934	0.184310523497	-0.370356798551
0.739878933460	0.033912052869	0.671884764295	1.639146081273
0.000000000000	0.000000000000	0.000000000000	1.000000000000
7	24	60
0.037709633583	-0.042649381596	0.998378191761	-2.073484768030
0.136183370212	0.989986958886	0.037147152151	-0.002594072509
-0.989965692947	0.134561701404	0.043140181994	2.139680179095
0.000000000000	0.000000000000	0.000000000000	1.000000000000
7	25	60
0.334986718949	-0.179587016472	0.924949945480	-2.047559195470
0.165049616950	0.977673812965	0.130048219469	-0.560092390940
-0.927654311731	0.109098207854	0.357148511085	2.692114961037
0.000000000000	0.000000000000	0.000000000000	1.000000000000
7	26	60
0.998311948674	0.056929343994	0.011502300920	-0.463733821818
-0.057900403330	0.991067582564	0.120135715280	-0.165839625341
-0.004560310105	-0.120598907889	0.992690841596	0.715233055396
0.000000000000	0.000000000000	0.000000000000	1.000000000000
7	28	60
0.872752819906	0.325414080463	-0.363879364051	-0.103783526593
-0.324513307467	0.943608721962	0.065526278049	0.180559650320
0.364682915178	0.060895452002	0.929138372527	0.581145472633
0.000000000000	0.000000000000	0.000000000000	1.000000000000
7	29	60
0.210134982803	-0.317719297111	0.924606801427	-2.082331405196
0.101923646075	0.947688458497	0.302486621196	-0.147711416007
-0.972345031032	0.030676275444	0.231525607118	2.323749472572
0.000000000000	0.000000000000	0.000000000000	1.000000000000
7	30	60
0.647913181524	0.182296450105	0.739578605346	-1.043068493048
-0.191022103764	0.978798833475	-0.073914812195	-0.270893804238
-0.737373084049	-0.093385479961	0.668999317677	1.400833594951
0.000000000000	0.000000000000	0.000000000000	1.000000000000
7	31	60
0.987368535975	0.152569617291	-0.042730387851	1.529564271763
-0.136231063281	0.955209390107	0.262709189884	-0.086313160596
0.080897908278	-0.253569582031	0.963928418247	-0.137291913045
0.000000000000	0.000000000000	0.000000000000	1.000000000000
7	43	60
-0.194196426111	0.301478675471	-0.933487202013	1.845901797201
-0.198971178003	0.919717120096	0.338424126394	-0.686567235464
0.960571818455	0.251457804090	-0.118620210555	2.440604607769
0.000000000000	0.000000000000	0.000000000000	1.000000000000
7	44	60
-0.151206199596	0.244451420253	-0.957799659814	1.892015575840
-0.215276938984	0.937540108275	0.273266143013	-0.432455448779
0.964775893534	0.247511713888	-0.089137123259	2.140619580395
0.000000000000	0.000000000000	0.000000000000	1.000000000000
7	45	60
-0.033924002775	0.222403303990	-0.974364373533	1.879182828396
-0.240131907633	0.944552265851	0.223959112365	-0.357492347850
0.970147323334	0.241573565296	0.021363135964	1.822211235839
0.000000000000	0.000000000000	0.000000000000	1.000000000000
7	47	60
0.688783860425	0.166882902684	-0.705497618997	2.146926426461
-0.123624532235	0.985928875138	0.112522123150	-0.018932188647
0.714348492438	0.009713390775	0.699722717504	0.943044751743
0.000000000000	0.000000000000	0.000000000000	1.000000000000
8	11	60
-0.948683259801	-0.126474978425	0.289834698414	-0.569541751961
-0.066883784599	-0.815552304199	-0.574805183060	2.524909333609
0.309073829255	-0.564693296355	0.765241693272	0.984017750437
0.000000000000	0.000000000000	0.000000000000	1.000000000000
8	25	60
0.762417351133	0.078567465370	0.642298167580	-1.825368360077
-0.120973016822	0.992407453139	0.022203066359	0.051251096944
-0.635677049996	-0.094628750072	0.766133204977	0.656321825214
0.000000000000	0.000000000000	0.000000000000	1.000000000000
8	30	60
-0.620678635414	-0.158128776244	0.767953984080	-1.582365433946
0.251816978123	0.887359524126	0.386239931224	-0.778510472281
-0.742526929525	0.433114725063	-0.510945587968	2.528894086093
0.000000000000	0.000000000000	0.000000000000	1.000000000000
8	44	60
0.728170376155	0.658889003767	0.188767539597	0.552829913566
0.179660070891	0.082293102524	-0.980280625232	2.927168978929
-0.661430391060	0.747725301158	-0.058452645706	1.626616867584
0.000000000000	0.000000000000	0.000000000000	1.000000000000
8	45	60
-0.064334851196	0.155563990654	-0.985728599430	1.688550198958
-0.262998812835	0.950211179657	0.167123722143	-0.023368694705
0.962648768435	0.269997331223	-0.020218549986	1.032903299858
0.000000000000	0.000000000000	0.000000000000	1.000000000000
9	11	60
0.500686736303	0.253441878519	-0.827695600026	0.214327135342
-0.263511534675	0.955422851362	0.133149713434	-0.237042492713
0.824545003734	0.151441042348	0.545152407598	0.745528601873
0.000000000000	0.000000000000	0.000000000000	1.000000000000
9	24	60
-0.735155776589	-0.220548521380	0.641018200884	-1.904784917944
0.240052523565	0.799628809672	0.550425792158	-0.972615878439
-0.633972215541	0.558526737461	-0.534908509432	2.229205614584
0.000000000000	0.000000000000	0.000000000000	1.000000000000
9	26	60
-0.195120681187	-0.412479001307	0.889825259955	-1.751467717022
0.386185322094	0.801659618655	0.456292398378	-1.056250484785
-0.901548011352	0.432669538215	0.002872965105	2.028888510194
0.000000000000	0.000000000000	0.000000000000	1.000000000000
9	28	60
0.924895596915	0.376591195671	0.052413797331	-1.161438738076
-0.376097131743	0.926377802736	-0.019367862384	0.583815299343
-0.055848744857	-0.001799428199	0.998437619361	-0.535260405809
0.000000000000	0.000000000000	0.000000000000	1.000000000000
9	29	60
-0.626210735504	-0.373645007654	0.684287602544	-1.782990740983
0.285593948087	0.706744432018	0.647262237912	-0.920459086989
-0.725462756835	0.600750960105	-0.335860197669	2.498750480271
0.000000000000	0.000000000000	0.000000000000	1.000000000000
9	30	60
-0.790150211733	-0.145185515455	0.595469402237	-1.331198811258
0.218396025570	0.841076893669	0.494866481944	-0.978598965196
-0.572683000371	0.521067006284	-0.632869146070	2.202392199778
0.000000000000	0.000000000000	0.000000000000	1.000000000000
9	43	60
0.198884870278	0.322908012323	-0.925297370553	1.382775135928
-0.367569622370	0.899813061397	0.235008568461	-0.279585821652
0.908480809421	0.293371556421	0.297650380140	0.188545805557
0.000000000000	0.000000000000	0.000000000000	1.000000000000
9	44	60
0.186496608788	0.187637884968	-0.964370799556	1.392797567531
-0.287308689415	0.949097344108	0.129104408888	0.044236066936
0.939506642817	0.252994576093	0.230913430900	0.245391176397
0.000000000000	0.000000000000	0.000000000000	1.000000000000
9	45	60
0.282151160831	0.129186862279	-0.950632146025	1.360705259191
-0.258495162806	0.964482597699	0.054346752822	0.151874282377
0.923889048126	0.230399811959	0.305524063540	0.027775149077
0.000000000000	0.000000000000	0.000000000000	1.000000000000
10	12	60
0.827240949575	0.238133894678	-0.508885703820	-0.022741640616
-0.159851983559	0.968059935871	0.193150987347	-0.446372266087
0.538627658683	-0.078436017024	0.838884996012	1.517718667082
0.000000000000	0.000000000000	0.000000000000	1.000000000000
10	13	60
0.681965259410	0.401442545804	-0.611365085179	0.143391737817
-0.255653635187	0.914012886614	0.314994701415	-0.653247640274
0.685247841130	-0.058517736811	0.725955281478	2.138019220692
0.000000000000	0.000000000000	0.000000000000	1.000000000000
10	15	60
-0.159131720259	0.461183002928	-0.872918858439	0.251554971567
-0.326152726280	0.809984520329	0.487390475870	-1.098254436885
0.931826966098	0.362264150364	0.021521863616	3.203656018487
0.000000000000	0.000000000000	0.000000000000	1.000000000000
10	17	60
-0.123107944187	0.636259668391	-0.761589173017	0.073492814967
-0.282895479473	0.713085287567	0.641466694653	-1.347709581468
0.951217420873	0.294419780306	0.092208520176	3.046023357608
0.000000000000	0.000000000000	0.000000000000	1.000000000000
10	22	60
-0.852069416828	0.329095003508	-0.407030941788	-0.680802257555
-0.265252421428	0.398898633636	0.877793274644	-1.135690214002
0.451241467325	0.855906746527	-0.252596079575	3.329197171210
0.000000000000	0.000000000000	0.000000000000	1.000000000000
10	28	60
0.917381881855	0.355292539196	0.179381421657	-1.011703917567
-0.346338552829	0.934686556443	-0.080066522524	0.760194990226
-0.196112441391	0.011324875125	0.980516015950	-0.415105151590
0.000000000000	0.000000000000	0.000000000000	1.000000000000
10	29	60
-0.904401853442	-0.185062343598	0.384459642189	-0.556150939123
0.159090799612	0.689813495909	0.706291340978	-1.021081388990
-0.395913380639	0.699935189745	-0.594426888009	3.098407514089
0.000000000000	0.000000000000	0.000000000000	1.000000000000
10	43	60
0.637344685503	0.202949222655	-0.743372964860	1.250250704244
-0.229292907397	0.970944814943	0.068490356641	-0.025974737901
0.735674190439	0.126798183580	0.665361335037	-0.270163499087
0.000000000000	0.000000000000	0.000000000000	1.000000000000
10	44	60
0.643974622726	0.097852562841	-0.758763178620	1.137906565944
-0.183291678778	0.982635479911	-0.028838760577	0.274045976657
0.742765673531	0.157646406767	0.650727872969	-0.323769514525
0.000000000000	0.000000000000	0.000000000000	1.000000000000
10	45	60
0.710268028469	0.019830300153	-0.703651964348	0.983868839733
-0.133233029274	0.985322461220	-0.106717418101	0.380589322601
0.691207846921	0.169547652922	0.702485092898	-0.446013542198
0.000000000000	0.000000000000	0.000000000000	1.000000000000
11	13	60
0.940225919871	0.210682419623	-0.267559596474	0.663191125476
-0.138958850650	0.954630265422	0.263384688556	-0.437250644864
0.310911012075	-0.210461337071	0.926844306326	1.360603831917
0.000000000000	0.000000000000	0.000000000000	1.000000000000
11	18	60
0.551487548312	0.605055816057	-0.574255120580	0.918016168044
-0.275920251415	0.781965337934	0.558925956750	-1.109724189592
0.787229000301	-0.149792088329	0.598191299969	2.370879616084
0.000000000000	0.000000000000	0.000000000000	1.000000000000
11	20	60
0.599436495015	0.430607664680	-0.674724334497	0.628680933598
-0.304650706779	0.902255444430	0.305160711520	-1.243565118395
0.740178245629	0.022630778056	0.672029770607	2.823861296275
0.000000000000	0.000000000000	0.000000000000	1.000000000000
11	21	60
0.018635715354	0.681335396483	-0.731734096248	0.461845975773
-0.369911979326	0.684627682441	0.628052596513	-1.113635060125
0.928879883335	0.258972998467	0.264792651711	2.806007398595
0.000000000000	0.000000000000	0.000000000000	1.000000000000
11	22	60
-0.550343878225	0.578929635045	-0.601632855957	0.534254088653
-0.377939582293	0.469790933430	0.797783273203	-0.961562955100
0.744502040183	0.666436010832	-0.039746139812	2.822710555552
0.000000000000	0.000000000000	0.000000000000	1.000000000000
11	23	60
-0.633408068928	0.172216693405	-0.754410782485	0.768264906505
0.338930501667	-0.814686385508	-0.470544586951	1.239091740539
-0.695643826435	-0.553739563135	0.457659439935	1.543373878238
0.000000000000	0.000000000000	0.000000000000	1.000000000000
11	44	60
0.889652525051	0.034267878671	-0.455350521205	0.610465658901
-0.139415517528	0.969951650646	-0.199391847579	0.940554217098
0.434835254024	0.240872389244	0.867697409214	-1.187175187719
0.000000000000	0.000000000000	0.000000000000	1.000000000000
11	45	60
0.943902242186	-0.058697056328	-0.324966479462	0.215748300596
-0.011393342610	0.977701420983	-0.209690541400	0.735592641986
0.330028406262	0.201629826630	0.922185807781	-1.279669468321
0.000000000000	0.000000000000	0.000000000000	1.000000000000
12	19	60
0.855577476257	0.358776800514	-0.373184122833	0.649380765331
-0.261081168200	0.921541504141	0.287398468606	-1.365680893843
0.447016560916	-0.148460309707	0.882120020580	1.895723867837
0.000000000000	0.000000000000	0.000000000000	1.000000000000
12	20	60
0.714502312833	0.381958899437	-0.586168784649	0.716517493207
-0.326400260378	0.923041493012	0.203610589616	-1.268408088983
0.618828986863	0.045845406737	0.784186765828	1.758219509140
0.000000000000	0.000000000000	0.000000000000	1.000000000000
12	22	60
-0.396300135466	0.666770872739	-0.631159889328	0.590905376653
-0.529303829987	0.395784782483	0.750461099269	-0.957290397132
0.750189081626	0.631483182058	0.196074813751	1.721505489632
0.000000000000	0.000000000000	0.000000000000	1.000000000000
13	19	60
0.952329522750	0.235495736989	-0.193933591620	0.448854892128
-0.222348497248	0.971051359497	0.087294919613	-1.099546129747
0.208877059224	-0.040012686471	0.977123000984	1.244139453123
0.000000000000	0.000000000000	0.000000000000	1.000000000000
13	20	60
0.863024797101	0.240746678166	-0.444104983693	0.531491828844
-0.270181432381	0.962804403516	-0.003110332111	-1.045690709996
0.426837431799	0.122673214361	0.895969357341	1.139872796299
0.000000000000	0.000000000000	0.000000000000	1.000000000000
13	21	60
0.365759131542	0.637465237870	-0.678128548434	0.356067526237
-0.553381688058	0.734785068244	0.392249424229	-1.009826075575
0.748324104260	0.231795112099	0.621515937841	1.208946532012
0.000000000000	0.000000000000	0.000000000000	1.000000000000
13	22	60
-0.181867836902	0.714347525070	-0.675745294714	0.362981761058
-0.621271554402	0.449195608876	0.642063050376	-0.834293715326
0.762197970079	0.536591947753	0.362109563551	1.194014257798
0.000000000000	0.000000000000	0.000000000000	1.000000000000
14	19	60
0.995801729296	0.008488919594	0.091141945199	0.373671412436
-0.031960910000	0.965269228471	0.259294845299	-0.890239782028
-0.085775382031	-0.261119234854	0.961488080543	1.056782956277
0.000000000000	0.000000000000	0.000000000000	1.000000000000
14	22	60
0.196327904160	0.732555808580	-0.651780132686	0.240956434001
-0.507543629235	0.644661583221	0.571673777204	-0.531278103219
0.838960558353	0.218571339464	0.498369091230	1.008427002625
0.000000000000	0.000000000000	0.000000000000	1.000000000000
15	19	60
0.797846698957	-0.323116781002	0.508955981199	0.402558961471
0.158899683847	0.927093437731	0.339482912957	-0.762269644025
-0.581542376303	-0.189982376950	0.791021593265	0.816968886595
0.000000000000	0.000000000000	0.000000000000	1.000000000000
15	22	60
0.651179088866	0.601806875052	-0.462378934819	0.267093668901
-0.413626880661	0.792244659123	0.448621448089	-0.456215971482
0.636300713357	-0.100880549319	0.764816655775	0.857368020468
0.000000000000	0.000000000000	0.000000000000	1.000000000000
15	23	60
0.501357397809	0.337869089497	-0.796545816651	0.161213300142
-0.383289839424	0.912075789293	0.145625044480	-0.564627259734
0.775712355617	0.232297724802	0.586777733384	0.646757869220
0.000000000000	0.000000000000	0.000000000000	1.000000000000
16	22	60
0.428573982378	0.722147133275	-0.542980533289	0.041905917457
-0.538506118391	0.686725800185	0.488281512875	-0.118748198270
0.725489835962	0.083133586849	0.683193460634	0.777373284224
0.000000000000	0.000000000000	0.000000000000	1.000000000000
17	19	60
0.846687818704	-0.299704861107	0.439655244353	0.523439815418
0.291352018895	0.952537361525	0.088241577417	-0.498774452123
-0.445234476140	0.053381374357	0.893821397220	0.632530860483
0.000000000000	0.000000000000	0.000000000000	1.000000000000
17	20	60
0.949669305058	-0.095596343457	0.298311163297	0.421253509456
0.139676772361	0.981614162296	-0.130092411933	-0.400885454824
-0.280390103771	0.165211910882	0.945561428047	0.531039712947
0.000000000000	0.000000000000	0.000000000000	1.000000000000
17	23	60
0.487883662750	0.400683711501	-0.775514084308	0.124996489283
-0.590759694120	0.805614882181	0.044583017072	-0.251517887620
0.642629376409	0.436391137566	0.629754126330	0.464512530428
0.000000000000	0.000000000000	0.000000000000	1.000000000000
18	22	60
0.381286074245	0.696584862527	-0.607775006795	0.155335641779
-0.673011579861	0.659878396220	0.334089681935	-0.266324229173
0.633779411909	0.281655874252	0.720412122011	0.608116422406
0.000000000000	0.000000000000	0.000000000000	1.000000000000
19	21	60
0.573634706276	0.560165938191	-0.597626426329	0.035392071919
-0.563676374392	0.799331062984	0.208179722116	0.096431546872
0.594316555977	0.217448783485	0.774276344630	0.031029854935
0.000000000000	0.000000000000	0.000000000000	1.000000000000
20	22	60
-0.427025403980	-0.532702783874	0.730668904778	-2.017915638690
0.880803052765	-0.427826004028	0.202856827634	-0.474491586421
0.204536760990	0.730200420659	0.651898810455	0.544931531228
0.000000000000	0.000000000000	0.000000000000	1.000000000000
21	23	60
0.673285740082	0.252987518444	-0.694754365019	-0.119032320341
-0.494975179042	0.852245437057	-0.169343695328	0.059582183791
0.549259396218	0.457902861453	0.699027242058	-0.102249318827
0.000000000000	0.000000000000	0.000000000000	1.000000000000
22	31	60
0.939012999335	0.130121272703	-0.318312804440	-1.048992651600
-0.241166944903	0.909038546728	-0.339834408570	-0.527442542766
0.245138923402	0.395875453839	0.884979962079	0.195478721363
0.000000000000	0.000000000000	0.000000000000	1.000000000000
22	32	60
0.996422710496	-0.062998666594	0.056328944737	-1.054563900252
0.070842808663	0.986098260262	-0.150304748993	-0.801190508264
-0.046076875638	0.153757566047	0.987033703789	0.049090274766
0.000000000000	0.000000000000	0.000000000000	1.000000000000
22	42	60
-0.972612030061	0.187020101558	-0.138019276170	1.485044781957
0.179397880176	0.226448698335	-0.957359591591	2.097949278554
-0.147791202613	-0.955899821443	-0.253797737962	2.049970988478
0.000000000000	0.000000000000	0.000000000000	1.000000000000
22	43	60
0.049986465739	0.756249270572	-0.652371362034	1.515188965712
0.991346046770	-0.116955553832	-0.059618906249	-0.784722234039
-0.121385208313	-0.643745632364	-0.755550919539	3.708539031544
0.000000000000	0.000000000000	0.000000000000	1.000000000000
23	24	60
0.855113130370	0.113786953550	-0.505800418614	0.013903139274
-0.132958700555	0.991119916246	-0.001815369729	-0.078690060591
0.501102303143	0.068802912890	0.862648619638	0.099849350615
0.000000000000	0.000000000000	0.000000000000	1.000000000000
23	30	60
