0	2	38
0.853366240531	-0.105682061832	-0.510487376268	0.317745256309
0.089104018638	0.994395207556	-0.056909094641	0.310790109492
0.513640470937	0.003077823457	0.857999996281	0.958260002998
0.000000000000	0.000000000000	0.000000000000	1.000000000000
0	6	38
-0.628192850205	0.162815601162	-0.760831665331	-0.488533508898
0.028567429128	-0.972374351462	-0.231672230990	1.642270305264
-0.777533050709	-0.167269843777	0.606187392164	0.857628680087
0.000000000000	0.000000000000	0.000000000000	1.000000000000
0	7	38
-0.900310271994	-0.018088652571	-0.434872642035	-0.603163091741
0.023352540655	-0.999704413810	-0.006763420203	1.497226794925
-0.434621758530	-0.016244557736	0.900466568706	0.385621261169
0.000000000000	0.000000000000	0.000000000000	1.000000000000
0	11	38
-0.993434832899	0.061738930677	-0.096309590502	-0.089649713615
-0.053543974565	-0.994900883632	-0.085470898762	2.172419656414
-0.101095378586	-0.079752969765	0.991674940816	0.081411422084
0.000000000000	0.000000000000	0.000000000000	1.000000000000
0	24	38
0.899169422694	-0.119875631220	0.420861238808	-3.956956929680
0.113003307644	0.992734514319	0.041333237744	0.695407131386
-0.422758325469	0.010393128524	0.906182862962	0.930225145071
0.000000000000	0.000000000000	0.000000000000	1.000000000000
0	26	38
0.999404708911	0.028687273519	-0.019164241291	1.012777503415
-0.023570159876	0.973394601896	0.227919715168	0.015667396477
0.025192764232	-0.227332332362	0.973491312387	0.091269514482
0.000000000000	0.000000000000	0.000000000000	1.000000000000
1	5	38
0.843236123217	0.052574515431	-0.534966130543	0.899951511006
0.026240269810	0.989993200012	0.138653929515	-0.098409162711
0.536902494632	-0.130955657598	0.833418458520	2.578562911469
0.000000000000	0.000000000000	0.000000000000	1.000000000000
1	7	38
0.235673019869	0.073410218305	-0.969055812404	1.725620529405
0.006065742688	0.997012391637	0.077003231666	-0.242912355906
0.971813477202	-0.024025627355	0.234523633689	2.760676206635
0.000000000000	0.000000000000	0.000000000000	1.000000000000
1	26	38
0.974864706557	-0.134711488684	0.177458780360	0.521037576664
0.093176181124	0.970011777169	0.224489089767	-0.012989417452
-0.202378366388	-0.202311559160	0.958182148575	-0.568111873668
0.000000000000	0.000000000000	0.000000000000	1.000000000000
2	6	38
0.577323132117	0.113647771251	-0.808567984286	1.381218253901
-0.022234305586	0.992087140986	0.123566744492	-0.164883819984
0.816212984936	-0.053359992306	0.575281734842	1.731037753930
0.000000000000	0.000000000000	0.000000000000	1.000000000000
2	7	38
0.316061911688	0.031946032884	-0.948200568953	1.784621180121
-0.014773185307	0.999477478962	0.028749296417	-0.234060471901
0.948623540176	0.004921385128	0.316368707354	1.730502461596
0.000000000000	0.000000000000	0.000000000000	1.000000000000
2	9	38
-0.092202790175	0.186560468204	-0.978107272843	2.312696932007
-0.012352424349	0.982001702986	0.188467697353	-0.549213392090
0.995663629494	0.029459243646	-0.088238822902	1.415842246176
0.000000000000	0.000000000000	0.000000000000	1.000000000000
2	28	38
0.981927447703	0.139970591101	-0.127384147661	1.177715856279
-0.125320023250	0.985243569709	0.116576155879	-0.133497743243
0.141821645813	-0.098505542859	0.984978821501	-0.549184893615
0.000000000000	0.000000000000	0.000000000000	1.000000000000
2	30	38
-0.276710505860	-0.449957942704	0.849099019988	-2.519012106696
0.950052565349	-0.260810400764	0.171400285670	-1.258123436907
0.144330935773	0.854116961927	0.499652675694	0.995610183344
0.000000000000	0.000000000000	0.000000000000	1.000000000000
3	5	38
0.837311626585	0.061259044116	-0.543283139348	0.798072800961
-0.023966108262	0.996860297262	0.075466372628	-0.118369647325
0.546200389638	-0.050168488683	0.836150857861	1.007790167361
0.000000000000	0.000000000000	0.000000000000	1.000000000000
3	6	38
0.567362033307	0.101147954272	-0.817232778655	1.233035773145
-0.067863540625	0.994794925183	0.076010503773	-0.138286288145
0.820667327859	0.012334835901	0.571273129779	1.053041937695
0.000000000000	0.000000000000	0.000000000000	1.000000000000
3	7	38
0.251365708748	0.041879588906	-0.966985718870	1.627208252301
-0.037316973015	0.998739979515	0.033554386340	-0.247127898901
0.967172540962	0.027650557873	0.252611802295	1.142788372091
0.000000000000	0.000000000000	0.000000000000	1.000000000000
3	8	38
0.205499054223	0.054888920962	-0.977116853334	1.831353470689
-0.078374359836	0.996142165796	0.039474615192	-0.368954468954
0.975514017549	0.068468911777	0.209008156985	0.795333497535
0.000000000000	0.000000000000	0.000000000000	1.000000000000
3	30	38
-0.899777914405	0.219560120831	-0.377084948109	0.220466314080
-0.387563372538	-0.005069573158	0.921829122829	-2.785405027365
0.200485253862	0.975585799799	0.089654950867	1.881944907623
0.000000000000	0.000000000000	0.000000000000	1.000000000000
4	7	38
0.512921482220	0.118061612953	-0.850278194842	1.134906007015
-0.154547341581	0.987013210833	0.043818270756	-0.221814762779
0.844409066914	0.108932902232	0.524506387496	0.221327211687
0.000000000000	0.000000000000	0.000000000000	1.000000000000
4	8	38
0.433248660495	0.120129057032	-0.893232672844	1.285012323501
-0.191539697785	0.980710097912	0.038990358107	-0.296837766334
0.880686176996	0.154196995786	0.447900819534	-0.115113293074
0.000000000000	0.000000000000	0.000000000000	1.000000000000
5	9	38
0.398211526952	0.189993773960	-0.897401774937	1.071868435774
-0.141823560878	0.979303033984	0.144400987563	-0.266726828371
0.906263569489	0.069770577509	0.416915350079	-0.897766013910
0.000000000000	0.000000000000	0.000000000000	1.000000000000
6	9	38
0.637417041944	0.010396056374	-0.770448854014	0.739812034457
-0.086471537238	0.994557523846	-0.058120607436	0.098560853151
0.765651479387	0.103668962438	0.634846877869	-0.802663423279
0.000000000000	0.000000000000	0.000000000000	1.000000000000
6	10	38
0.524782847556	0.050069924911	-0.849762299429	0.851778842345
-0.098479775327	0.995136660591	-0.002181879629	0.019298682275
0.845520370401	0.084829413334	0.527161525408	-0.727835208292
0.000000000000	0.000000000000	0.000000000000	1.000000000000
8	9	38
0.942809087840	-0.012759949981	-0.333088888381	0.070374732906
0.048135386156	0.994004938823	0.098169069443	-0.107841786793
0.329839367702	-0.108588053082	0.937771094800	-0.315506093798
0.000000000000	0.000000000000	0.000000000000	1.000000000000
8	10	38
0.875940232779	-0.009602469602	-0.482324062407	0.305864747467
0.059192203690	0.994386660860	0.087700922041	-0.047891545647
0.478774468431	-0.105370590215	0.871591674522	-0.313486621302
0.000000000000	0.000000000000	0.000000000000	1.000000000000
9	11	38
0.994436558834	-0.034824982652	-0.099414038430	0.226098126084
0.041572999722	0.996911063807	0.066633449209	0.046174298051
0.096786446096	-0.070395677727	0.992812586750	0.258608691841
0.000000000000	0.000000000000	0.000000000000	1.000000000000
9	27	38
0.394489986213	-0.110397199564	0.912244544575	-2.020135764137
-0.057094579201	0.987893950946	0.144241986642	0.093272357988
-0.917124778754	-0.108986237723	0.383411189434	1.165403050948
0.000000000000	0.000000000000	0.000000000000	1.000000000000
9	28	38
0.218781641348	-0.172723716837	0.960365092582	-1.622165121856
0.044620483830	0.984950038708	0.166980339179	0.017374395391
-0.974753099934	0.006319722406	0.223196001929	0.918059090896
0.000000000000	0.000000000000	0.000000000000	1.000000000000
10	27	38
-0.449750717305	0.134156386219	-0.883021152816	2.533315668867
0.111365140800	-0.972516196229	-0.204475068131	1.403003265186
-0.886184008938	-0.190300583575	0.422449512004	0.893463180942
0.000000000000	0.000000000000	0.000000000000	1.000000000000
10	28	38
-0.109255770678	-0.112890278820	0.987582382144	-1.847643236621
0.015939952466	0.993203250938	0.115296228217	0.077715549870
-0.993885855865	0.028338794498	-0.106713720943	1.749218804585
0.000000000000	0.000000000000	0.000000000000	1.000000000000
13	16	38
0.797464250917	0.143043899748	0.586164832836	-0.678425919872
-0.062794718770	0.985891601705	-0.155159830437	0.153499474499
-0.600089653138	0.086926362122	0.795195709096	0.253820541702
0.000000000000	0.000000000000	0.000000000000	1.000000000000
13	17	38
-0.971174723667	-0.047935606428	0.233499108664	-1.088249431122
-0.004868947840	-0.975377385542	-0.220488659846	-0.084433029706
0.238319007756	-0.215269908279	0.947028466907	0.483083661657
0.000000000000	0.000000000000	0.000000000000	1.000000000000
13	18	38
-0.720608465986	-0.138658976650	0.679335798368	-1.520596463261
0.691171115065	-0.066182564238	0.719654332226	-1.224628167175
-0.054826348133	0.988126285646	0.143528795596	1.116774416876
0.000000000000	0.000000000000	0.000000000000	1.000000000000
14	18	38
0.814198616249	0.188984287154	-0.548967715359	0.177517555918
-0.104714775383	0.977833994460	0.181316008930	-0.232426195450
0.571065170637	-0.090142212569	0.815940532391	1.349171092174
0.000000000000	0.000000000000	0.000000000000	1.000000000000
15	18	38
0.842892289046	0.170025658386	-0.510513334358	0.204940707864
-0.118371937394	0.984113904752	0.132317447493	-0.215591460588
0.524900632029	-0.051098903745	0.849628288448	1.246814152557
0.000000000000	0.000000000000	0.000000000000	1.000000000000
17	20	38
0.420631846734	0.115610607001	-0.899835005466	0.566058278473
-0.007674741169	0.992265225324	0.123898430021	-0.268718716822
0.907198957154	-0.045209624665	0.418265635663	1.496881338796
0.000000000000	0.000000000000	0.000000000000	1.000000000000
19	21	38
-0.590501224342	0.041577179011	0.805965037850	-3.048957899614
0.260360057126	0.955088611920	0.141486338685	-0.434495925570
-0.763885426425	0.293388959517	-0.574806031396	4.934996223284
0.000000000000	0.000000000000	0.000000000000	1.000000000000
20	22	38
0.737191380514	0.105792683469	-0.667350565011	0.295149390914
-0.028426621154	0.991648161645	0.125800837501	0.035745630685
0.675085769148	-0.073768771378	0.734041805801	-0.266348810401
0.000000000000	0.000000000000	0.000000000000	1.000000000000
21	23	38
0.907602480326	0.112604230194	-0.404447802626	-0.038882592950
-0.065613174050	0.989566377931	0.128270398222	0.133027468204
0.414671736555	-0.089881427510	0.905521220011	-0.171886698451
0.000000000000	0.000000000000	0.000000000000	1.000000000000
21	24	38
0.769458899680	0.091421093452	-0.632119597367	0.091362189841
-0.014818335045	0.991991777958	0.125430177434	0.141127012409
0.638524407247	-0.087146406332	0.764651610351	0.368472740047
0.000000000000	0.000000000000	0.000000000000	1.000000000000
21	25	38
0.602273386545	0.195646654475	-0.773943896192	0.182837057285
-0.059133994811	0.977772774902	0.201155589827	-0.042935541785
0.796096689176	-0.075384263966	0.600455888662	0.944248398504
0.000000000000	0.000000000000	0.000000000000	1.000000000000
22	25	38
0.805502525856	0.174365119347	-0.566358972732	0.533564783489
-0.109744180806	0.983092098554	0.146581515000	-0.107880883692
0.582341734395	-0.055917179072	0.811018725719	0.997780087337
0.000000000000	0.000000000000	0.000000000000	1.000000000000
22	26	38
0.236426507752	0.297124947554	-0.925105005917	0.596435370023
-0.090371977021	0.954694838515	0.283532486821	-0.295704965785
0.967437549510	0.016568972643	0.252566935571	2.019108195661
0.000000000000	0.000000000000	0.000000000000	1.000000000000
23	26	38
0.631803658478	0.203042422339	-0.748062772677	0.766513721487
-0.196097522475	0.975556947034	0.099168567462	-0.383834469290
0.749913260860	0.084038192649	0.656176564168	1.449232119234
0.000000000000	0.000000000000	0.000000000000	1.000000000000
23	27	38
0.454720751123	0.219424899109	-0.863181181531	0.632082188364
-0.181158696393	0.971702474635	0.151577793590	-0.476148098459
0.872015232217	0.087447209443	0.481604007813	1.794281389667
0.000000000000	0.000000000000	0.000000000000	1.000000000000
24	26	38
0.818807894776	0.189793177466	-0.541786102849	0.694343475540
-0.179886805154	0.981062639362	0.071811106241	-0.282821442076
0.545155362061	0.038660670396	0.837443122714	0.839760699389
0.000000000000	0.000000000000	0.000000000000	1.000000000000
24	27	38
0.339860514299	0.256779000442	-0.904742712462	0.721545232202
-0.192673874801	0.960610894871	0.200258549443	-0.470500388223
0.920527896801	0.106260310502	0.375948317755	1.582175705945
0.000000000000	0.000000000000	0.000000000000	1.000000000000
24	33	38
0.775443903281	-0.117941879564	0.620303527242	-0.667174441304
0.142380385856	0.989759475217	0.010198379321	-0.812078773585
-0.615154109624	0.080410784489	0.784295561093	2.499849655618
0.000000000000	0.000000000000	0.000000000000	1.000000000000
24	34	38
0.509404581619	-0.159397248532	0.845635553525	-1.093820951036
0.151679915843	0.983940614399	0.094096070408	-1.429321541796
-0.847053820814	0.080332960215	0.525401218259	2.775556029936
0.000000000000	0.000000000000	0.000000000000	1.000000000000
24	35	38
0.589377377585	0.119379321343	0.798988663516	-1.079618688387
0.130267295256	0.962034660401	-0.239832741665	-0.655787386534
-0.797285857505	0.245434084478	0.551450243992	2.603841932857
0.000000000000	0.000000000000	0.000000000000	1.000000000000
24	36	38
0.612632040148	-0.076859115180	0.786622310768	-1.075345645627
0.300204092462	0.943301113956	-0.141635134338	-1.371695616866
-0.731135750906	0.322917458221	0.600969906837	2.592175931173
0.000000000000	0.000000000000	0.000000000000	1.000000000000
24	37	38
0.548144956250	-0.116122478299	0.828282969142	-1.161557793290
0.297781524146	0.952517941171	-0.063527439936	-0.835573783873
-0.781577424709	0.281469610760	0.556697033766	2.761325659718
0.000000000000	0.000000000000	0.000000000000	1.000000000000
25	27	38
0.127120005403	0.064185803680	-0.989808409154	0.618435489238
0.213916267003	-0.976194675342	-0.035829967133	0.259416295160
-0.968545473862	-0.207181414319	-0.137824259922	1.241422243803
0.000000000000	0.000000000000	0.000000000000	1.000000000000
25	30	38
0.079314339316	-0.140908600838	0.986840413536	-2.432247265545
-0.944329633069	0.306469532164	0.119657720033	0.604144676492
-0.319297321766	-0.941393218621	-0.108756738861	2.103481650469
0.000000000000	0.000000000000	0.000000000000	1.000000000000
25	31	38
0.075315105627	0.024350089709	-0.996862431831	3.700937115075
-0.228226068571	0.973586210310	0.006538556266	-0.366947231091
0.970690731638	0.227017541668	0.078883073510	3.551214100100
0.000000000000	0.000000000000	0.000000000000	1.000000000000
25	32	38
0.588710572949	0.018400912228	0.808134436667	-0.224156947692
-0.254446722790	0.953138632290	0.163656997703	-0.787285409898
-0.767252713621	-0.301973763868	0.565804842129	3.078128869477
0.000000000000	0.000000000000	0.000000000000	1.000000000000
25	33	38
0.479567673043	-0.139875200700	0.866285042697	-0.654451603832
0.296428610021	0.955003700855	-0.009900025952	-0.676733673595
-0.825920653655	0.261539403498	0.499451913886	2.643014653840
0.000000000000	0.000000000000	0.000000000000	1.000000000000
25	34	38
0.328894003364	-0.067385997117	0.941959586152	-0.971603408492
0.122030356527	0.992120929748	0.028366403415	-0.851085164144
-0.936449318777	0.105618124151	0.334525761659	2.722775561862
0.000000000000	0.000000000000	0.000000000000	1.000000000000
25	35	38
0.432414024224	-0.004186960350	0.901665448499	-0.950150822664
0.310030906953	0.939708970239	-0.144318702827	-0.779614366198
-0.846698853423	0.341949587827	0.407641424535	2.442476656229
0.000000000000	0.000000000000	0.000000000000	1.000000000000
25	36	38
0.438040977699	0.067173747666	0.896441737918	-1.022424305935
0.189045928980	0.968021242058	-0.164913649105	-0.898251032417
-0.878852512423	0.241707597211	0.411334047774	2.697916765256
0.000000000000	0.000000000000	0.000000000000	1.000000000000
25	37	38
0.374759737414	-0.110226415319	0.920546183838	-1.017970704570
0.268552093745	0.963246411972	0.006010222001	-0.794229134854
-0.887375293863	0.244962215840	0.390587507036	2.677550410015
0.000000000000	0.000000000000	0.000000000000	1.000000000000
28	29	38
-0.965937306266	0.201201447486	0.162736283270	-2.957368538009
0.129330643236	0.920043859791	-0.369855215971	0.306913710469
-0.224139923001	-0.336210162831	-0.914726200197	5.300116075709
0.000000000000	0.000000000000	0.000000000000	1.000000000000
28	30	38
-0.323879576691	-0.669056026656	0.668929034351	-1.655146463502
0.906554950503	-0.017191585043	0.421737561906	-1.708908025986
-0.270666107079	0.743013110650	0.612104056416	1.560528757792
0.000000000000	0.000000000000	0.000000000000	1.000000000000
29	31	38
0.813998704558	-0.058747258173	0.577888283870	0.159934775361
-0.035650910189	0.987944140324	0.150649886166	0.130542859387
-0.579771611568	-0.143231055488	0.802090857175	1.053941430907
0.000000000000	0.000000000000	0.000000000000	1.000000000000
30	32	38
0.633319625505	-0.041344669803	0.772785138462	-0.393166708689
0.036809452147	0.999051016832	0.023283685287	-0.031588001595
-0.773014434653	0.013699782728	0.634240490485	1.026374080519
0.000000000000	0.000000000000	0.000000000000	1.000000000000
30	33	38
0.388574346596	-0.096932720803	0.916304548065	-0.970909731323
0.096149740689	0.993287674591	0.064302588369	-0.013108689335
-0.916387038610	0.063116108429	0.395286165106	1.133942298335
0.000000000000	0.000000000000	0.000000000000	1.000000000000
30	34	38
0.116135682482	-0.020978816231	0.993011778643	-1.305959049517
0.162246118104	0.986748547141	0.001871330049	-0.024672892893
-0.979892188159	0.160894978124	0.118000447457	1.443968945675
0.000000000000	0.000000000000	0.000000000000	1.000000000000
30	35	38
0.172786048018	0.107932886103	0.979027820702	-1.306127991562
0.185230790274	0.972682254596	-0.139924214946	0.047578518262
-0.967385412307	0.205523049052	0.148073428960	1.312541883404
0.000000000000	0.000000000000	0.000000000000	1.000000000000
30	36	38
0.318863406813	0.128110970134	0.939102607347	-1.294314977783
0.130268625191	0.975495901281	-0.177307168143	-0.036507060880
-0.938805737672	0.178872373259	0.294361106463	1.217954355973
0.000000000000	0.000000000000	0.000000000000	1.000000000000
30	37	38
0.171469234938	-0.018508032527	0.985015611146	-1.382098873457
0.040053918985	0.999127833167	0.011800701896	-0.005090824397
-0.984374920975	0.037430278162	0.172061004393	1.415792845767
0.000000000000	0.000000000000	0.000000000000	1.000000000000
31	35	38
0.441590010836	0.128043396227	0.888033305126	-1.398637731511
0.053803794436	0.984203897137	-0.168664876500	0.058755627862
-0.895602263303	0.122260286042	0.427725389032	0.293718897994
0.000000000000	0.000000000000	0.000000000000	1.000000000000
