0	11	37
0.781539313088	0.134602876052	-0.609162021023	-0.670109932658
0.103115151879	0.935144631011	0.338927403058	0.017778240594
0.615275196600	-0.327698924089	0.716972696551	0.985122476778
0.000000000000	0.000000000000	0.000000000000	1.000000000000
0	27	37
0.916655707994	0.167745177430	-0.362772474770	-0.164410539713
-0.292986920381	-0.335338352056	-0.895380843064	1.789524277557
-0.271847342248	0.927043550805	-0.258242671577	2.270275634211
0.000000000000	0.000000000000	0.000000000000	1.000000000000
1	11	37
0.777493730647	0.286470668227	-0.559855387623	0.812702098333
0.030628563048	0.871921879356	0.488686123628	0.307440341216
0.628144402132	-0.397097963413	0.669139609890	-0.271666086911
0.000000000000	0.000000000000	0.000000000000	1.000000000000
1	12	37
0.877828866059	-0.360736619490	-0.315096133381	-0.982365440311
0.394721599995	0.917477873642	0.049287015270	0.210761213927
0.271314099174	-0.167640814646	0.947779097076	0.418923198486
0.000000000000	0.000000000000	0.000000000000	1.000000000000
1	13	37
0.954245177150	-0.143661364051	-0.262254750893	-0.788551533231
0.219079155493	0.932799075078	0.286164653936	0.048422359574
0.203520184540	-0.330525790239	0.921592228956	0.262971299533
0.000000000000	0.000000000000	0.000000000000	1.000000000000
3	5	37
0.798840074565	-0.195726964843	0.568810592818	-0.210205544904
0.214361808324	0.976132937314	0.034835381774	0.174272005002
-0.562052978286	0.094103368297	0.821730494551	-0.201706063430
0.000000000000	0.000000000000	0.000000000000	1.000000000000
5	7	37
0.270701521443	-0.533093228097	0.801581122810	-0.177573586906
0.527949869224	0.778490429890	0.339443052892	0.100644805117
-0.804978025709	0.331306898098	0.492185043858	-0.185011867599
0.000000000000	0.000000000000	0.000000000000	1.000000000000
8	14	37
0.095006081584	-0.434661254697	0.895568779116	-0.250467024523
0.478048948308	0.809036351113	0.341949390407	-0.305399972137
-0.873179848303	0.395638441312	0.284652729257	0.654159586711
0.000000000000	0.000000000000	0.000000000000	1.000000000000
8	16	37
0.949368232541	-0.176867931257	0.259649174722	0.656770323973
0.174731072419	0.984112816021	0.031480433203	-0.510202682887
-0.261091959609	0.015482255522	0.965189768072	1.027278943388
0.000000000000	0.000000000000	0.000000000000	1.000000000000
9	10	37
0.881695935789	-0.313022193347	0.353028870328	-0.145111284838
0.049356451982	0.805316892826	0.590786461233	0.165065228516
-0.469229386825	-0.503469769302	0.725494296283	0.081992025630
0.000000000000	0.000000000000	0.000000000000	1.000000000000
9	15	37
0.978265171578	-0.203825771794	-0.038109169906	0.072631684779
0.167349521874	0.667547413398	0.725516773338	0.252534888428
-0.122439338478	-0.716125342114	0.687148530359	0.884998072086
0.000000000000	0.000000000000	0.000000000000	1.000000000000
9	16	37
0.993635520970	-0.091803394377	0.065273181692	0.264413899269
0.032962116150	0.791073902330	0.610831875356	0.225176974936
-0.107712350110	-0.604792706498	0.789065163216	1.381067323690
0.000000000000	0.000000000000	0.000000000000	1.000000000000
10	11	37
0.689237814179	-0.282375204879	0.667244692130	-0.152489018939
0.366296079473	0.930371570027	0.015359812767	-0.113008843482
-0.625122722086	0.233822550998	0.744680197787	0.198919874323
0.000000000000	0.000000000000	0.000000000000	1.000000000000
10	13	37
0.214441592816	-0.067967850335	0.974369116193	-0.605472699188
0.582883843052	0.809374907890	-0.071823979192	0.057852758799
-0.783748192202	0.583346063498	0.213181006240	-0.017244351748
0.000000000000	0.000000000000	0.000000000000	1.000000000000
10	17	37
0.626324389361	-0.159259808852	-0.763121269901	1.413982078503
-0.319973228712	-0.945169226900	-0.065362569022	-0.875416502933
-0.710869110455	0.285116547759	-0.642941414123	3.574472696611
0.000000000000	0.000000000000	0.000000000000	1.000000000000
11	14	37
0.994512274296	0.054765298980	-0.089140890176	-0.309863252143
-0.051307203168	0.997855888563	0.040634918032	0.091073646107
0.091175145609	-0.035838354985	0.995189783476	-0.109622133400
0.000000000000	0.000000000000	0.000000000000	1.000000000000
11	27	37
-0.247356832881	0.356677024137	0.900886284544	-1.133995454354
-0.927298690582	0.182453291991	-0.326845429351	-0.122974489695
-0.280947923418	-0.916238122267	0.285615068987	1.432068437710
0.000000000000	0.000000000000	0.000000000000	1.000000000000
12	27	37
-0.584501363970	-0.751595106962	0.305717108956	0.145706631571
0.503225398339	-0.040228200374	0.863218332962	-2.604721010693
-0.636492226177	0.658396906954	0.401735185079	-0.040594549742
0.000000000000	0.000000000000	0.000000000000	1.000000000000
13	14	37
0.760327565392	0.377665092686	-0.528461040259	-0.235740508079
-0.119452345379	0.881016670786	0.457756226588	0.010686214505
0.638461534071	-0.284918766604	0.714974241458	0.242074959850
0.000000000000	0.000000000000	0.000000000000	1.000000000000
13	27	37
0.913778874916	0.122653495308	-0.387252227684	1.028329916829
-0.089087729086	0.990627149204	0.103543361865	-0.472977983557
0.396322525583	-0.060116315162	0.916141083222	1.329209610402
0.000000000000	0.000000000000	0.000000000000	1.000000000000
14	16	37
-0.392430095792	-0.387031162580	-0.834389297096	-0.315945589452
-0.245711057885	-0.830078944786	0.500594667826	0.014828263624
-0.886354723545	0.401467090325	0.230650123425	0.286538462474
0.000000000000	0.000000000000	0.000000000000	1.000000000000
14	17	37
0.245382323246	0.871197691921	-0.425208298401	1.005359163528
0.834973021681	0.032921928702	0.549305197204	-1.138063101803
0.492552097248	-0.489827243221	-0.719348109954	2.225897916389
0.000000000000	0.000000000000	0.000000000000	1.000000000000
16	18	37
0.805740937595	-0.017452039059	0.592010952446	0.153490251741
0.195983519686	0.951111292157	-0.238700167456	-0.427092362258
-0.558902497306	0.308354886883	0.769769616340	0.771000357162
0.000000000000	0.000000000000	0.000000000000	1.000000000000
16	19	37
0.927815285504	-0.011323393857	0.372868041989	0.754960048455
0.052453802852	0.993568674771	-0.100348827002	-0.859592794883
-0.369333717052	0.112663522339	0.922442158719	0.992056996902
0.000000000000	0.000000000000	0.000000000000	1.000000000000
18	20	37
0.809327391738	-0.494148336549	0.317500542469	0.079353751391
0.317861646272	0.823041319678	0.470708997081	-0.170042418760
-0.493916133378	-0.280036439753	0.823180688306	1.031885771462
0.000000000000	0.000000000000	0.000000000000	1.000000000000
20	33	37
0.097076305469	-0.808657413778	-0.580214941258	0.784872905184
0.732899202913	0.452500639616	-0.508037330830	0.599312313933
0.673375786086	-0.375920680848	0.636591464304	0.641235699604
0.000000000000	0.000000000000	0.000000000000	1.000000000000
20	34	37
0.083837307745	-0.908653665746	-0.409047456362	-0.264083414812
-0.331073260350	-0.412573487022	0.848630434340	-1.312751231125
-0.939873290455	0.064277784130	-0.335419982047	2.144215899997
0.000000000000	0.000000000000	0.000000000000	1.000000000000
20	36	37
0.731443431232	0.038268943677	0.680827433979	-0.565664235456
0.325771777803	0.857505998331	-0.398191174705	1.298248394343
-0.599051964103	0.513048682656	0.614750187905	-1.352677422107
0.000000000000	0.000000000000	0.000000000000	1.000000000000
21	24	37
0.779496535336	-0.185512320958	0.598306217728	-0.048895245144
0.381543591699	0.898127105804	-0.218614248056	-0.584814179139
-0.496799395162	0.398688952183	0.770868004508	0.593321183820
0.000000000000	0.000000000000	0.000000000000	1.000000000000
21	29	37
0.989659106438	0.097974733404	0.104765474553	0.207512321972
-0.065138876301	0.957701223333	-0.280295011766	-0.765209059337
-0.127795852195	0.270572205596	0.954179700958	0.692473971343
0.000000000000	0.000000000000	0.000000000000	1.000000000000
21	30	37
0.963391549210	0.107520751317	-0.245593181800	0.215865596746
-0.251795163349	0.677445639309	-0.691134286153	-0.696874726082
0.092064752346	0.727672105978	0.679718609100	0.572949756115
0.000000000000	0.000000000000	0.000000000000	1.000000000000
21	31	37
0.873021255106	0.447292516203	-0.194327798017	-0.007468002724
-0.391180176701	0.880225039333	0.268666986225	-0.869497560450
0.291224925942	-0.158534807153	0.943427134140	1.085347658096
0.000000000000	0.000000000000	0.000000000000	1.000000000000
22	24	37
0.954617470504	-0.151185060196	0.256609747635	-0.031763158724
0.130096356322	0.986709674713	0.097359929636	-0.221788307808
-0.267918687440	-0.059557496594	0.961598919259	0.712302011358
0.000000000000	0.000000000000	0.000000000000	1.000000000000
22	27	37
0.634796202387	0.230687521374	0.737439522210	-0.219289095763
0.270406996573	0.827715978639	-0.491697381435	-0.222237557290
-0.723818926002	0.511536436813	0.463051440094	0.570542165244
0.000000000000	0.000000000000	0.000000000000	1.000000000000
22	30	37
0.811256184290	0.049551368561	-0.582587388574	0.174203684978
-0.250189222494	0.929993612640	-0.269290240071	-0.451674363411
0.528458850243	0.364220458408	0.766860287978	0.904066202403
0.000000000000	0.000000000000	0.000000000000	1.000000000000
22	31	37
0.622067924370	0.661732959135	-0.418498492548	-0.246993835537
-0.235021879550	0.667671792158	0.706384522826	-0.359977967897
0.746857559112	-0.341062851614	0.570858929725	1.353163298466
0.000000000000	0.000000000000	0.000000000000	1.000000000000
23	24	37
0.914571223708	-0.275735693016	0.295853518423	-0.028316142656
0.038085950373	0.787012098650	0.615760843966	0.188338436077
-0.402627541470	-0.551889286157	0.730280274056	0.431700749905
0.000000000000	0.000000000000	0.000000000000	1.000000000000
23	27	37
0.612989773964	0.094859262029	0.784375711903	-0.081518265711
-0.077592140965	0.995195147500	-0.059716648035	0.084058434016
-0.786271579466	-0.024255696227	0.617404781748	0.343236984277
0.000000000000	0.000000000000	0.000000000000	1.000000000000
24	25	37
0.595325295045	-0.485997522526	0.639839199470	-0.009317082769
0.447908503965	0.861852443423	0.237883033951	-0.013887753967
-0.667057542612	0.144971631240	0.730764983411	0.056834518758
0.000000000000	0.000000000000	0.000000000000	1.000000000000
24	30	37
0.461964937288	0.515700711620	-0.721554691448	1.410736788788
-0.879823198651	0.369031655245	-0.299544281439	-0.733340399390
0.111801323035	0.773219511821	0.624205135117	0.856767476447
0.000000000000	0.000000000000	0.000000000000	1.000000000000
25	26	37
0.910042644431	0.036324360587	0.412919999692	-0.105441741243
0.202406241149	0.830379626569	-0.519135232211	-0.033095922800
-0.361737610515	0.556012784572	0.748328593956	-0.143235092079
0.000000000000	0.000000000000	0.000000000000	1.000000000000
25	28	37
0.873377756272	0.477375239800	-0.096561769224	-0.246462948013
-0.420192795068	0.838791725068	0.346217355040	-0.151399422502
0.246270805868	-0.261803977020	0.933171671127	-0.068667853092
0.000000000000	0.000000000000	0.000000000000	1.000000000000
27	28	37
0.972198480884	0.126696693508	-0.196921460539	0.000589844204
0.075222231157	0.627416059858	0.775042388371	0.208479771692
0.221746994808	-0.768307904220	0.600442532310	0.114852861218
0.000000000000	0.000000000000	0.000000000000	1.000000000000
28	31	37
0.011604925717	0.861456312784	-0.507699071167	-0.531360938153
-0.529717572934	0.435931258620	0.727573522527	-0.238781725534
0.848094699090	0.260493683077	0.461387497071	0.440179114546
0.000000000000	0.000000000000	0.000000000000	1.000000000000
29	31	37
0.696211836756	0.478152794467	-0.535405438433	-0.001198721232
-0.070159398625	0.787614538010	0.612160925166	-0.190878841822
0.714399564071	-0.388629958519	0.581893476675	0.556990596728
0.000000000000	0.000000000000	0.000000000000	1.000000000000
30	32	37
0.554366403779	0.392409009325	-0.733957123926	-0.149036202829
0.071359776061	0.856212582801	0.511671569871	0.111863716351
0.829207858575	-0.336028544107	0.446653271368	0.898023801745
0.000000000000	0.000000000000	0.000000000000	1.000000000000
30	33	37
0.092546094740	-0.989728182948	0.108964876113	-0.064064855677
0.994321639625	0.097635827777	0.042328738559	0.321787657263
-0.052532821379	0.104428774830	0.993143964219	-0.055057276147
0.000000000000	0.000000000000	0.000000000000	1.000000000000
31	35	37
0.204337160623	0.239012792591	-0.949272990117	0.948407851415
0.651158673097	-0.757259583198	-0.050500555498	-0.469718213045
-0.730916347634	-0.607808200531	-0.310371525962	2.194283752229
0.000000000000	0.000000000000	0.000000000000	1.000000000000
31	36	37
0.149128873270	-0.237372320238	0.959903620548	-2.481723956469
0.777330645346	0.628141851978	0.034567059477	-0.955306503838
-0.611160901043	0.741007554198	0.278190865517	0.877836569317
0.000000000000	0.000000000000	0.000000000000	1.000000000000
