0	4	55
0.503168620552	-0.008175246451	0.864149584642	-0.513234786511
0.162155328049	0.983087286856	-0.085117777274	-0.081920743299
-0.848838611797	0.182955053956	0.495984333780	0.262326538025
0.000000000000	0.000000000000	0.000000000000	1.000000000000
0	9	55
0.652088906130	-0.329097958461	0.682989452510	-0.345549043692
0.072701520241	0.923864479487	0.375751131065	-0.249726098223
-0.754648625161	-0.195368772527	0.626367699729	-0.488620669511
0.000000000000	0.000000000000	0.000000000000	1.000000000000
0	11	55
0.944626057982	0.286395158364	-0.160185591881	-0.849364304337
-0.218130086215	0.912712756772	0.345506424128	-0.297260010687
0.245154800215	-0.291433074464	0.924643654085	0.069006012991
0.000000000000	0.000000000000	0.000000000000	1.000000000000
0	18	55
-0.582122293681	-0.172592839462	0.794572430283	-2.001570360573
0.205427004715	0.914292128943	0.349098336701	-0.435070609104
-0.786723192065	0.366444558863	-0.496774601149	2.196078657647
0.000000000000	0.000000000000	0.000000000000	1.000000000000
0	20	55
-0.449491392820	-0.009346741981	0.893235761820	-1.884576362514
0.178248195904	0.978897060403	0.099940611325	-0.445502396014
-0.875319980600	0.204140107645	-0.438339763212	2.225760804509
0.000000000000	0.000000000000	0.000000000000	1.000000000000
0	34	55
0.975379942357	0.000599287637	0.220530290212	-2.163976368405
-0.064597804777	0.956910057056	0.283108223694	0.328675403278
-0.210857989331	-0.290383855542	0.933389588958	-0.550465501798
0.000000000000	0.000000000000	0.000000000000	1.000000000000
0	43	55
0.997359725429	0.019026663785	0.070082552446	0.369225773846
-0.057119000632	0.801487545544	0.595277358972	-0.395889026114
-0.044844150777	-0.597708708656	0.800458182379	-0.708399283142
0.000000000000	0.000000000000	0.000000000000	1.000000000000
0	46	55
0.806844121603	0.245211355304	-0.537469956988	0.100863568424
-0.114289272048	0.957389643511	0.265222609882	-0.179335826522
0.579603766145	-0.152566253568	0.800489233246	-0.142814351554
0.000000000000	0.000000000000	0.000000000000	1.000000000000
0	53	55
0.744489360831	0.290678371219	-0.601033839410	-0.176924018673
-0.202559175150	0.956153517865	0.211518866384	-0.012057462789
0.636164579470	-0.035728626890	0.770725692480	-0.289803182578
0.000000000000	0.000000000000	0.000000000000	1.000000000000
1	9	55
0.679002568045	-0.401561771051	0.614575997432	-0.121432041809
0.093455916121	0.877611197941	0.470175049306	-0.398735643249
-0.728163102835	-0.261814303044	0.633428580340	-0.252292156054
0.000000000000	0.000000000000	0.000000000000	1.000000000000
1	11	55
0.912477638340	0.290130174446	-0.288459774326	-0.490298390375
-0.174911028193	0.914020813086	0.366021974015	-0.429922586574
0.369852256645	-0.283532070711	0.884770520041	0.177798471636
0.000000000000	0.000000000000	0.000000000000	1.000000000000
1	18	55
-0.505023711979	-0.302367882054	0.808408754431	-1.890758643762
0.104641464931	0.908269088645	0.405089405477	-0.632242311517
-0.856738708216	0.289172831565	-0.427057208497	2.203041351508
0.000000000000	0.000000000000	0.000000000000	1.000000000000
1	20	55
-0.381656477783	-0.146589428954	0.912606088236	-1.744230660870
0.113453134421	0.972448310716	0.203648396201	-0.668692394055
-0.917314950961	0.181261750802	-0.354510166906	2.246379946776
0.000000000000	0.000000000000	0.000000000000	1.000000000000
1	34	55
0.993354907072	-0.101339425963	0.054555928559	-1.768756554718
0.075051879312	0.929742181122	0.360481195146	-0.108998778231
-0.087253905398	-0.353991239140	0.931169672297	-0.630874269171
0.000000000000	0.000000000000	0.000000000000	1.000000000000
1	36	55
0.403565679808	-0.316491442732	0.858468350470	-1.374826601073
0.158227194776	0.948272040316	0.275216809786	-0.251908446618
-0.901165299440	0.024764979963	0.432767603747	0.594695871309
0.000000000000	0.000000000000	0.000000000000	1.000000000000
1	43	55
0.994697780400	0.006748311126	-0.102619617832	0.842500979585
0.060576124823	0.767926636275	0.637667009027	-0.476000526724
0.083107513309	-0.640502257293	0.763446134075	-0.430561030194
0.000000000000	0.000000000000	0.000000000000	1.000000000000
1	46	55
0.752614869820	0.202429705224	-0.626572479582	0.382340761593
-0.059153805063	0.968509455703	0.241847599865	-0.214894186132
0.655798509508	-0.144953953573	0.740889105245	0.025418696367
0.000000000000	0.000000000000	0.000000000000	1.000000000000
1	53	55
0.687289446147	0.186290273251	-0.702089133449	0.149121280933
-0.080466030619	0.980131231748	0.181295301839	-0.150333327758
0.721913038483	-0.068108021880	0.688623890251	-0.104963929101
0.000000000000	0.000000000000	0.000000000000	1.000000000000
2	18	55
-0.635837647270	-0.144425790362	0.758189737066	-1.280503544182
0.381519406125	0.795118439525	0.471412356518	-1.037931767916
-0.670934742776	0.589005821878	-0.450464996120	2.548604496089
0.000000000000	0.000000000000	0.000000000000	1.000000000000
2	19	55
-0.009667168709	-0.143044319113	0.989669070255	-1.098738050354
0.373222186298	0.917677361606	0.136284480591	-1.199407140215
-0.927691621986	0.370683939179	0.044515971642	2.613801333421
0.000000000000	0.000000000000	0.000000000000	1.000000000000
2	20	55
-0.490241957473	0.001537218640	0.871585027460	-1.178802351734
0.396323845354	0.891028522400	0.221349456459	-1.039420117050
-0.776266856653	0.453944720455	-0.437428803388	2.487136341560
0.000000000000	0.000000000000	0.000000000000	1.000000000000
2	21	55
-0.844238994158	-0.113689517137	0.523770192389	-1.244932815885
0.302727353452	0.705283036348	0.641039771084	-0.934357938680
-0.442285733677	0.699750335715	-0.561010514565	2.419239040842
0.000000000000	0.000000000000	0.000000000000	1.000000000000
2	36	55
0.266118965645	-0.152744692714	0.951761396029	-1.037088122845
0.356351083114	0.933008150947	0.050096864477	-0.204562273130
-0.895653170422	0.325829478585	0.302721900757	1.039261746469
0.000000000000	0.000000000000	0.000000000000	1.000000000000
2	43	55
0.988961485681	-0.021733814965	0.146570191807	0.818659601075
-0.038925664234	0.916332549267	0.398521582624	-0.321719243482
-0.142968431841	-0.399827838501	0.905371596118	-0.432695456558
0.000000000000	0.000000000000	0.000000000000	1.000000000000
2	47	55
0.633079046863	0.395555703465	-0.665392069294	0.031386031328
-0.335341691445	0.914880021469	0.224812135563	-0.040002459314
0.697679633071	0.080809849486	0.711837690646	0.246294367602
0.000000000000	0.000000000000	0.000000000000	1.000000000000
3	11	55
0.941415622123	0.271127349888	-0.200565666468	-0.203888307367
-0.151524960966	0.871351471127	0.466676333200	-0.321605532796
0.301291906010	-0.408945685767	0.861386448387	0.248990804292
0.000000000000	0.000000000000	0.000000000000	1.000000000000
3	18	55
-0.604678859542	-0.272352644223	0.748456754935	-1.377216130240
0.066914199387	0.919024442668	0.388479811187	-0.321574675473
-0.793653555869	0.284987913716	-0.537490392745	2.388592371589
0.000000000000	0.000000000000	0.000000000000	1.000000000000
3	20	55
-0.471409577170	-0.107681559889	0.875315767145	-1.245479568578
0.049799104069	0.987684043643	0.148324910807	-0.302671698187
-0.880507274125	0.113511724469	-0.460241272184	2.385677414816
0.000000000000	0.000000000000	0.000000000000	1.000000000000
3	34	55
0.976063942348	-0.114925960210	0.184638035402	-1.610644816293
0.017943338645	0.888634103030	0.458265717166	-0.033169879293
-0.216742282552	-0.443983619744	0.869425861332	-0.436729497364
0.000000000000	0.000000000000	0.000000000000	1.000000000000
3	36	55
0.317335808473	-0.297271432600	0.900515230310	-1.056437369246
0.064081010088	0.954148307682	0.292394649564	-0.062471240752
-0.946145659403	-0.035081366955	0.321834878293	0.696428484304
0.000000000000	0.000000000000	0.000000000000	1.000000000000
3	43	55
0.999291515249	-0.035586725546	0.012249592473	0.970781757084
0.016651356993	0.709932337437	0.704073013665	-0.419367405741
-0.033752034919	-0.703370216334	0.710021928474	-0.510772348292
0.000000000000	0.000000000000	0.000000000000	1.000000000000
3	44	55
0.965953923912	-0.244502772663	0.084566015869	1.023866783141
0.181454454271	0.873268589528	0.452190503626	-0.382245919381
-0.184410677308	-0.421450311073	0.887903337865	-0.524311066437
0.000000000000	0.000000000000	0.000000000000	1.000000000000
3	46	55
0.820233423360	0.194626867642	-0.537901025836	0.608065516175
-0.010012981812	0.945079762903	0.326686366331	-0.111313935194
0.571941318143	-0.262573083433	0.777134804559	-0.022251175986
0.000000000000	0.000000000000	0.000000000000	1.000000000000
3	53	55
0.755934372116	0.221714495092	-0.615959339340	0.367665784054
-0.056146085116	0.959393045448	0.276428293546	-0.062551257180
0.652235265974	-0.174377943022	0.737686580336	-0.125616155331
0.000000000000	0.000000000000	0.000000000000	1.000000000000
4	7	55
0.918342394756	-0.060620012858	0.391116939078	0.742378339031
-0.102053104976	0.918517160527	0.381983493862	-0.094684318134
-0.382403464626	-0.390706334552	0.837326788287	-0.401948126964
0.000000000000	0.000000000000	0.000000000000	1.000000000000
4	8	55
0.987191445732	-0.075582208077	0.140500460130	0.802141477900
-0.017797816554	0.822988829266	0.567778675743	-0.333395028406
-0.158544275205	-0.563006853178	0.811102333910	-0.251383174003
0.000000000000	0.000000000000	0.000000000000	1.000000000000
4	10	55
0.809235512206	0.328167384602	-0.487282313930	0.522832838529
-0.142687039801	0.914392613255	0.378848990361	-0.340934661999
0.569893230753	-0.237049185841	0.786784207413	-0.255576924961
0.000000000000	0.000000000000	0.000000000000	1.000000000000
4	19	55
0.906902156247	-0.035347691337	0.419855951144	-2.421761300373
-0.043525705272	0.983283990202	0.176799625547	-0.167192777415
-0.419087093544	-0.178614488018	0.890203837722	-0.093154872826
0.000000000000	0.000000000000	0.000000000000	1.000000000000
4	38	55
0.756922772186	-0.270507375115	0.594889634264	0.486028865492
0.012669695981	0.916210354004	0.400497273422	-0.213826682548
-0.653381508577	-0.295608435644	0.696927727262	0.155943075073
0.000000000000	0.000000000000	0.000000000000	1.000000000000
4	39	55
0.999858108214	-0.000073269492	0.016845120045	1.040778130824
-0.007583943425	0.890955410511	0.454027466441	-0.177330789188
-0.015041517207	-0.454090796110	0.890828435586	0.245371214001
0.000000000000	0.000000000000	0.000000000000	1.000000000000
4	40	55
0.999342150992	-0.005740575324	0.035809370912	1.305862876375
-0.017914521354	0.780380820020	0.625047874702	-0.248470853487
-0.031533080643	-0.625278195318	0.779764607613	0.061835736826
0.000000000000	0.000000000000	0.000000000000	1.000000000000
4	41	55
0.999661888390	-0.002837681783	0.025846788230	1.245895416373
-0.019077406063	0.595386528324	0.803212882409	-0.552753900017
-0.017668092077	-0.803434396483	0.595131085619	0.274400025503
0.000000000000	0.000000000000	0.000000000000	1.000000000000
4	43	55
0.411436996108	0.750967066350	-0.516495947217	1.152718309063
-0.188689462950	0.624586343193	0.757818043114	-0.573208665649
0.891692707610	-0.214337036359	0.398677501296	0.392844404885
0.000000000000	0.000000000000	0.000000000000	1.000000000000
4	44	55
0.647250170179	0.367440943297	-0.667873019662	1.202134372494
0.016939329747	0.869005043117	0.494513189051	-0.517520175316
0.762089414906	-0.331387067078	0.556239458743	0.331148324224
0.000000000000	0.000000000000	0.000000000000	1.000000000000
4	45	55
0.346804921314	0.436842326374	-0.829997065320	1.249527356503
-0.105960384361	0.897499991463	0.428095973199	-0.294933197718
0.931932799883	-0.060518982240	0.357545394727	0.393845459227
0.000000000000	0.000000000000	0.000000000000	1.000000000000
5	36	55
0.963939193518	0.176241358216	-0.199399636044	-0.512901479761
-0.126416979579	0.962589176875	0.239668153573	0.138173256481
0.234179372436	-0.205818026950	0.950157335028	-1.175828192502
0.000000000000	0.000000000000	0.000000000000	1.000000000000
5	42	55
0.429364897850	0.796553610978	-0.425615001301	0.675468730837
-0.095721018138	0.508748793146	0.855577087210	-0.549852643989
0.898044136544	-0.326614467394	0.294685796245	0.565010542680
0.000000000000	0.000000000000	0.000000000000	1.000000000000
5	43	55
0.111565293888	0.768341765975	-0.630241315576	0.791775877289
-0.033776919464	0.636765982756	0.770316949649	-0.626206505460
0.993182916139	-0.064653026715	0.096993201954	0.700512692938
0.000000000000	0.000000000000	0.000000000000	1.000000000000
5	44	55
0.347462260294	0.490943783132	-0.798901858475	0.787406371305
0.013164944203	0.849347644296	0.527669653641	-0.536721873119
0.937601547522	-0.193862788934	0.288653004751	0.557017377718
0.000000000000	0.000000000000	0.000000000000	1.000000000000
6	36	55
0.952899215781	0.226011578508	-0.202242060276	-0.925304486091
-0.206466161953	0.971872424129	0.113294815350	0.332936787277
0.222159421435	-0.066202398729	0.972760213963	-0.867286940116
0.000000000000	0.000000000000	0.000000000000	1.000000000000
6	42	55
0.331537219738	0.866705639980	-0.372698813461	0.268687610207
-0.244711132604	0.460521232883	0.853250640576	-0.704344602453
0.911152859573	-0.191680796354	0.364772447974	0.812974943514
0.000000000000	0.000000000000	0.000000000000	1.000000000000
6	43	55
0.013769187690	0.800301962756	-0.599439052681	0.362961553425
-0.202144846308	0.589345260824	0.782182603140	-0.758184965817
0.979258837377	0.110403496105	0.169891722772	0.960546704072
0.000000000000	0.000000000000	0.000000000000	1.000000000000
6	44	55
0.257698817966	0.572772111370	-0.778153858601	0.354815931373
-0.103198531869	0.817063654263	0.567236324562	-0.715082854660
0.960698382553	-0.065871794571	0.269665578895	0.849356324108
0.000000000000	0.000000000000	0.000000000000	1.000000000000
7	36	55
0.966041274369	0.157940437792	-0.204497125471	-1.331942014755
-0.180694067761	0.978671502836	-0.097733021098	0.441913331927
0.184699512971	0.131365549697	0.973975965957	-0.810065037133
0.000000000000	0.000000000000	0.000000000000	1.000000000000
7	42	55
0.400695988556	0.745127800435	-0.533129708209	0.073121842135
-0.367991784410	0.663773693850	0.651142480536	-0.765534632522
0.839061840011	-0.064722827283	0.540172365330	0.640665146343
0.000000000000	0.000000000000	0.000000000000	1.000000000000
7	43	55
0.158753907705	0.669260201424	-0.725870497802	0.146352855584
-0.425909815144	0.709692006001	0.561193447915	-0.804449930815
0.890728929671	0.220063716702	0.397710867891	0.700975233929
0.000000000000	0.000000000000	0.000000000000	1.000000000000
8	10	55
0.677949945166	0.385103552237	-0.626162220119	-0.264625177134
-0.545510884251	0.834524177086	-0.077377471021	0.025720237188
0.492749172514	0.394036358618	0.775843799404	-0.000540233691
0.000000000000	0.000000000000	0.000000000000	1.000000000000
8	18	55
0.601191543684	0.539720979493	0.589296183678	-2.497181681895
0.331011536055	0.503006180401	-0.798383457667	2.534026276224
-0.727323924261	0.675045218317	0.123749191615	1.166331967514
0.000000000000	0.000000000000	0.000000000000	1.000000000000
8	20	55
-0.533690371400	-0.817996938243	0.214605676768	-0.202667496736
-0.844060546515	0.530928724375	-0.075342441228	-1.136501357847
-0.052310431966	-0.221349720259	-0.973790490839	4.258063608437
0.000000000000	0.000000000000	0.000000000000	1.000000000000
8	36	55
0.999990002368	-0.004173960166	0.001604126254	-1.424467295522
0.004471411161	0.936646503063	-0.350247533585	0.716035100545
-0.000040579993	0.350251204647	0.936655802308	-0.441944806762
0.000000000000	0.000000000000	0.000000000000	1.000000000000
8	43	55
0.350384883565	0.707278114185	-0.613993568829	0.268795578563
-0.585827353365	0.676985835986	0.445529448997	-0.593819452555
0.730778177984	0.203587443299	0.651548469043	0.447673297747
0.000000000000	0.000000000000	0.000000000000	1.000000000000
8	44	55
0.505891260194	0.366101156055	-0.781053120085	0.338428573202
-0.412104448031	0.898026415799	0.154008053169	-0.517556998565
0.757788860285	0.243964136837	0.605175630016	0.460853366405
0.000000000000	0.000000000000	0.000000000000	1.000000000000
9	18	55
0.169131627017	-0.339024504900	0.925449554444	-3.240098964093
0.493564181976	0.841889582248	0.218211662319	-0.351143728895
-0.853105439564	0.419862258817	0.309720507245	0.563042253887
0.000000000000	0.000000000000	0.000000000000	1.000000000000
9	19	55
0.820830275349	-0.170510364052	0.545127393203	-2.988351682472
0.332080405175	0.918983449390	-0.212584158032	-0.367304181434
-0.464715249985	0.355521638579	0.810952588585	0.501400636344
0.000000000000	0.000000000000	0.000000000000	1.000000000000
9	20	55
0.367042500898	-0.230420957521	0.901213617779	-2.947187514950
0.574583264888	0.818068754230	-0.024851258801	-0.304004283201
-0.731528450742	0.526943731046	0.432662027530	0.446611016082
0.000000000000	0.000000000000	0.000000000000	1.000000000000
9	37	55
0.617055815080	-0.372483608750	0.693179689755	-0.832436091411
0.507043072093	0.861840569574	0.011753964394	0.075191916070
-0.601788537710	0.344219107326	0.720668968412	0.269585597265
0.000000000000	0.000000000000	0.000000000000	1.000000000000
9	38	55
0.631695078687	-0.391378850082	0.669166588580	-0.137646436142
0.474665659563	0.877741741880	0.065283582868	0.047100924423
-0.612906060660	0.276391082109	0.740239238717	0.372197111819
0.000000000000	0.000000000000	0.000000000000	1.000000000000
9	39	55
0.976512827274	-0.169694581426	0.132764630846	0.455142277845
0.178245554646	0.982429055911	-0.055332380666	0.063716923005
-0.121042225764	0.077697484746	0.989601879771	0.394152261100
0.000000000000	0.000000000000	0.000000000000	1.000000000000
9	40	55
0.977073673408	-0.174748138657	0.121614656882	0.646964108361
0.144466838203	0.963779665063	0.224183161436	0.006734166497
-0.156385323455	-0.201474180102	0.966929048773	0.172775757833
0.000000000000	0.000000000000	0.000000000000	1.000000000000
9	41	55
0.985750898780	-0.164742854611	0.033984664332	0.711457982447
0.134131804532	0.891745881545	0.432201274595	-0.308464958787
-0.101507756196	-0.421484370532	0.901136560588	0.240997680146
0.000000000000	0.000000000000	0.000000000000	1.000000000000
9	42	55
0.846222786023	0.437934151375	-0.303513880200	0.509159376746
-0.263858332113	0.839299033603	0.475348201604	-0.325060434601
0.462910117614	-0.322165813290	0.825786541279	0.327078229359
0.000000000000	0.000000000000	0.000000000000	1.000000000000
10	11	55
0.703907065682	0.399564076214	-0.587250706157	-0.426447303045
-0.369648371713	0.912062730610	0.177487060716	-0.123681939977
0.606526936065	0.092141871213	0.789705610590	0.233303328495
0.000000000000	0.000000000000	0.000000000000	1.000000000000
10	34	55
0.968944304436	0.074298502477	-0.235853063220	-1.455264807883
-0.051949186753	0.993669953690	0.099605748471	0.601381364530
0.241760660357	-0.084260047843	0.966670588898	-0.804884034912
0.000000000000	0.000000000000	0.000000000000	1.000000000000
10	46	55
0.488855824343	0.262627885367	-0.831893368668	0.379063849731
-0.304221519396	0.945065721336	0.119582814368	0.045106678208
0.817599688198	0.194621109296	0.541897936584	0.411240434570
0.000000000000	0.000000000000	0.000000000000	1.000000000000
10	53	55
0.382418009515	0.208014854249	-0.900270118582	0.276369830997
-0.327203181780	0.941679987887	0.078593118316	0.176802895456
0.864114890412	0.264515823393	0.428178508735	0.263461781766
0.000000000000	0.000000000000	0.000000000000	1.000000000000
11	18	55
-0.797471465663	-0.301105916647	0.522852262512	-0.521427803379
0.213415359689	0.669781293465	0.711229149553	-1.129858893140
-0.564351969698	0.678769655984	-0.469870842267	2.140970439289
0.000000000000	0.000000000000	0.000000000000	1.000000000000
11	19	55
-0.176682820517	-0.368577889505	0.912651916287	-0.314658321692
0.439995141181	0.799857846388	0.408205464575	-1.221905408405
-0.880447304880	0.473685301588	0.020851340216	2.104608739565
0.000000000000	0.000000000000	0.000000000000	1.000000000000
11	20	55
-0.739977999538	-0.234116753802	0.630572680815	-0.265611575295
0.243340768882	0.780794994488	0.575451515579	-1.201694152338
-0.627070833639	0.579265502315	-0.520800967192	2.123824323845
0.000000000000	0.000000000000	0.000000000000	1.000000000000
11	21	55
-0.958294534166	-0.229564061967	0.170211419241	-0.447819569405
0.007942245845	0.573974730671	0.818834494439	-1.077541149986
-0.285672026138	0.786036481345	-0.548213592934	2.087899521234
0.000000000000	0.000000000000	0.000000000000	1.000000000000
11	33	55
0.957907749561	-0.156473780923	-0.240683815855	-1.603445530673
0.194872426359	0.970063071295	0.144921962294	-0.037313553384
0.210801994240	-0.185724509944	0.959723358906	-0.195587114398
0.000000000000	0.000000000000	0.000000000000	1.000000000000
11	43	55
0.952202635457	-0.293170361633	0.085797902596	1.100077158207
0.242815580297	0.896853793057	0.369721338098	0.384610387991
-0.185339512773	-0.331216565014	0.925172876853	-0.969923249094
0.000000000000	0.000000000000	0.000000000000	1.000000000000
11	44	55
0.827386388154	-0.478836039757	0.293509474681	0.917277670936
0.479546641545	0.874339880674	0.074597531093	0.530383308817
-0.292347025433	0.079030501028	0.953041130606	-0.955830339946
0.000000000000	0.000000000000	0.000000000000	1.000000000000
11	45	55
0.925454794830	-0.301907384765	0.228878469391	0.743943346157
0.336729836605	0.932343255053	-0.131715875647	0.782415378494
-0.173627301615	0.198967298273	0.964502760158	-0.759694338942
0.000000000000	0.000000000000	0.000000000000	1.000000000000
11	52	55
0.550659580790	0.133168917395	-0.824038873794	0.057401923673
-0.318014410472	0.946210761181	-0.059598910711	0.308121359608
0.771777727598	0.294874947843	0.563389655849	-0.378855926007
0.000000000000	0.000000000000	0.000000000000	1.000000000000
12	22	55
-0.897263139744	-0.134585912482	0.420482449359	-0.239860256436
0.143256411681	0.812119190912	0.565632407368	-0.424747884930
-0.417608020241	0.567757916646	-0.709404320198	1.615782043783
0.000000000000	0.000000000000	0.000000000000	1.000000000000
12	25	55
0.995084795057	-0.098381544695	-0.011283718761	0.973721289079
0.098983225649	0.984802681221	0.142709495478	0.691889302157
-0.002927744117	-0.143124947941	0.989700296853	-0.305722615806
0.000000000000	0.000000000000	0.000000000000	1.000000000000
12	30	55
-0.664798325378	-0.423752391571	0.615204922942	-0.358665658877
-0.493336585292	-0.369361967414	-0.787521904864	2.044181420933
0.560947591301	-0.827046339492	0.036498659528	2.385375056903
0.000000000000	0.000000000000	0.000000000000	1.000000000000
12	34	55
0.271708532356	-0.520855681046	0.809248931397	-1.471911036205
0.585467303513	0.756840775458	0.290551333023	0.041554248659
-0.763807901217	0.394843513466	0.510584067428	0.171618989705
0.000000000000	0.000000000000	0.000000000000	1.000000000000
12	46	55
0.953810724379	-0.162191134414	0.252861895066	0.280757990764
0.140725316707	0.984892948604	0.100907209988	0.263332660001
-0.265408152280	-0.060662308788	0.962225855502	-1.304162813206
0.000000000000	0.000000000000	0.000000000000	1.000000000000
13	15	55
0.496112888868	0.374614955207	-0.783285156781	0.369619522853
-0.493918010803	0.863710650803	0.100244253168	-0.308253210516
0.714084728938	0.337146180498	0.613527059610	0.487952564755
0.000000000000	0.000000000000	0.000000000000	1.000000000000
13	16	55
0.411576918881	0.395144634902	-0.821258276885	0.607455643943
-0.521060397070	0.841340256139	0.143675453733	-0.004656216690
0.747730233740	0.368791663285	0.552170450715	0.160890422999
0.000000000000	0.000000000000	0.000000000000	1.000000000000
13	23	55
0.462972178529	0.374489349799	-0.803376928219	0.044899251945
-0.496305310679	0.860484507584	0.115097570778	-0.045676134428
0.734396214927	0.345433262866	0.584241440165	0.371758238214
0.000000000000	0.000000000000	0.000000000000	1.000000000000
13	27	55
0.980445335968	-0.159221444866	0.115652387235	0.987709440424
-0.100562087079	0.099799073770	0.989912830262	-2.616502499560
-0.169157352251	-0.982185662881	0.081835895608	1.517646020673
0.000000000000	0.000000000000	0.000000000000	1.000000000000
13	30	55
0.007324691756	0.653338392635	-0.757030576397	1.563953116282
-0.364860694237	0.706604634476	0.606289175508	-0.109651519669
0.931033309120	0.271769820337	0.243553160649	0.430506664435
0.000000000000	0.000000000000	0.000000000000	1.000000000000
13	31	55
-0.105888137419	-0.806891786214	0.581131093381	-0.227226575462
0.602876602377	0.412661771643	0.682825061440	-0.717766719621
-0.790776520049	0.422653413052	0.442760192175	1.443963694763
0.000000000000	0.000000000000	0.000000000000	1.000000000000
13	33	55
0.137107713741	-0.580304836117	0.802775044462	-1.381390542770
0.606824691427	0.689757413822	0.394966459275	-0.343287993308
-0.782920984970	0.432990770406	0.446714365156	0.796578518771
0.000000000000	0.000000000000	0.000000000000	1.000000000000
13	47	55
0.587214200059	-0.350524019093	0.729597420012	-1.563742651462
0.469852077508	0.881577859667	0.045381743090	0.652566338297
-0.659104322935	0.316154059571	0.682369476241	-0.774513540068
0.000000000000	0.000000000000	0.000000000000	1.000000000000
13	51	55
0.999812777447	0.018987015972	0.003728709863	-1.990306904485
-0.015658981018	0.907148511983	-0.420519171406	0.572022478486
-0.011366897828	0.420382052936	0.907275990646	-0.448483188905
0.000000000000	0.000000000000	0.000000000000	1.000000000000
14	22	55
0.740262474629	0.295050729100	-0.604116326476	0.058331173025
-0.157317493407	0.949628882198	0.271028028740	0.413462050509
0.653653329315	-0.105593813041	0.749391267445	-0.632241645926
0.000000000000	0.000000000000	0.000000000000	1.000000000000
14	27	55
0.684869578280	-0.454820040489	0.569291130720	0.297446550391
0.446723576242	0.879309750425	0.165083037397	-0.364456301520
-0.575666315826	0.141255419635	0.805391332985	1.086577481331
0.000000000000	0.000000000000	0.000000000000	1.000000000000
14	28	55
0.847579873999	-0.331873756403	0.414087149043	0.811806802313
0.257999942582	0.939591468941	0.224953108716	-0.523461457115
-0.463728785843	-0.083831266864	0.882002228952	1.610134835296
0.000000000000	0.000000000000	0.000000000000	1.000000000000
14	48	55
0.387173443560	-0.409714079845	0.825972818789	-1.985053910141
0.475042849016	0.856429356617	0.202146107364	0.106265022643
-0.790209476152	0.314106876557	0.526218446939	0.101783267193
0.000000000000	0.000000000000	0.000000000000	1.000000000000
14	50	55
0.902057547097	-0.135433030775	0.409817124947	-2.281166763191
0.266253823074	0.921915713357	-0.281389977013	-0.123800645694
-0.339707349675	0.362945328720	0.867680589236	0.588145084804
0.000000000000	0.000000000000	0.000000000000	1.000000000000
14	52	55
0.231235661034	-0.226598919646	0.946141109286	-2.501626234653
0.399476542850	0.908850786188	0.120036411801	-0.048132023926
-0.887101212252	0.350204480355	0.300679665359	0.320572814285
0.000000000000	0.000000000000	0.000000000000	1.000000000000
15	17	55
0.867075721097	0.199262603196	-0.456589650399	-0.307415054288
-0.194377983486	0.979198159201	0.058207942356	0.343012915226
0.458690411302	0.038280281933	0.887771212979	-0.668422361552
0.000000000000	0.000000000000	0.000000000000	1.000000000000
15	26	55
0.514375066666	-0.474583655063	0.714274908659	0.102870919412
0.447333651839	0.859101884606	0.248669571517	-0.189586756156
-0.731649434309	0.191609775881	0.654197828690	0.681627021686
0.000000000000	0.000000000000	0.000000000000	1.000000000000
15	48	55
-0.045148228669	-0.376304582502	0.925395320193	-2.118314453085
0.487672980775	0.800159189301	0.349170926052	-0.305991101397
-0.871858188739	0.467054743008	0.147387807378	1.010959654388
0.000000000000	0.000000000000	0.000000000000	1.000000000000
15	50	55
0.658902897287	-0.126738508436	0.741474424661	-2.150576302250
0.315196519463	0.941515214930	-0.119164819365	-0.669643030731
-0.683006680835	0.312228202658	0.660314639698	1.443061920098
0.000000000000	0.000000000000	0.000000000000	1.000000000000
15	52	55
-0.110755939471	-0.215149359101	0.970280307515	-2.420020403214
0.402333764104	0.883004908993	0.241722719157	-0.409175829434
-0.908768762741	0.417148755210	-0.011236186761	1.130199124070
0.000000000000	0.000000000000	0.000000000000	1.000000000000
16	21	55
0.771355406379	0.281879151014	-0.570574255705	-0.433337879740
-0.271637842481	0.956614068657	0.105367956133	0.208211519272
0.575520390240	0.073713417173	0.814458478099	-0.485186527083
0.000000000000	0.000000000000	0.000000000000	1.000000000000
16	25	55
0.741735842367	-0.517109219857	0.427113562049	0.200369324102
0.340599016394	0.839018133849	0.424312244820	-0.324465113144
-0.577771797667	-0.169253141216	0.798456713923	0.886634014618
0.000000000000	0.000000000000	0.000000000000	1.000000000000
16	47	55
-0.573715131265	-0.355745650301	0.737764176719	-1.957634210177
0.429315785969	0.636483953143	0.640762150341	-0.656656168951
-0.697523407547	0.684348748580	-0.212433251261	1.458223513861
0.000000000000	0.000000000000	0.000000000000	1.000000000000
16	50	55
0.576358377549	-0.106265372698	0.810258410135	-1.652078524669
0.348708466687	0.928689312704	-0.126248032581	-0.904640262997
-0.739062531786	0.355308079045	0.572313500692	1.949059034370
0.000000000000	0.000000000000	0.000000000000	1.000000000000
16	52	55
-0.263494797626	-0.197980021288	0.944126264223	-2.031747756219
0.434558182744	0.849422249872	0.299401114282	-0.709719091952
-0.861237294498	0.489168429678	-0.137784505558	1.798202602762
0.000000000000	0.000000000000	0.000000000000	1.000000000000
17	18	55
0.765092102938	0.220467780722	-0.605002505520	-0.125165203424
-0.258812395774	0.965614785097	0.024581102422	0.049603199218
0.589618705449	0.137775340558	0.795844041077	-0.162212146248
0.000000000000	0.000000000000	0.000000000000	1.000000000000
17	23	55
0.898006438971	-0.205356201263	0.389118575975	0.440739586307
0.227834850727	0.973626235968	-0.011968016935	-0.198139674441
-0.376398347978	0.099402128941	0.921109928511	0.726171277998
0.000000000000	0.000000000000	0.000000000000	1.000000000000
17	34	55
-0.871276170177	0.293720865840	-0.393199552710	0.767553995094
-0.134695049339	0.627287822003	0.767050997034	-0.891773369367
0.471948174025	0.721275288178	-0.506978184637	2.162446898771
0.000000000000	0.000000000000	0.000000000000	1.000000000000
17	47	55
-0.770655288722	-0.250054943460	0.586142432534	-0.952621289736
0.301730719694	0.666974206556	0.681251774736	-0.944807395555
-0.561292257882	0.701867461163	-0.438557941670	2.220185442696
0.000000000000	0.000000000000	0.000000000000	1.000000000000
17	53	55
-0.925632653079	-0.045454021475	0.375683541677	-1.213498677294
0.198362313789	0.787161982724	0.583976374028	-0.948643692230
-0.322267876189	0.615069057006	-0.719606469601	2.584689499784
0.000000000000	0.000000000000	0.000000000000	1.000000000000
18	21	55
0.936988993835	-0.140261013597	0.319966363072	0.017662080329
0.104963540204	0.986575958228	0.125102093802	-0.022452035328
-0.333218067728	-0.083634482784	0.939133106982	0.087505962991
0.000000000000	0.000000000000	0.000000000000	1.000000000000
18	34	55
-0.401278424328	0.439658428217	-0.803539726875	2.400950100207
-0.291401515259	0.770411566694	0.567054825223	-0.333093513574
0.868366733053	0.461699560756	-0.181032407388	1.478270246734
0.000000000000	0.000000000000	0.000000000000	1.000000000000
18	35	55
-0.211312255337	0.276795947427	-0.937406600271	1.966692970885
-0.297052955858	0.895511993866	0.331387703843	-0.357692306184
0.931185627123	0.348485684541	-0.107009604753	1.235431849369
0.000000000000	0.000000000000	0.000000000000	1.000000000000
18	43	55
-0.522517825892	0.655860655640	-0.544813658060	1.000631340265
-0.235230348724	0.503293805544	0.831481826825	-1.466113930420
0.819537555371	0.562620783196	-0.108701654317	3.293210772179
0.000000000000	0.000000000000	0.000000000000	1.000000000000
18	44	55
-0.438198306947	0.531666874637	-0.724784504665	0.825506822739
-0.144885203281	0.754001282234	0.640695203868	-1.513175081302
0.887124862496	0.385762103897	-0.253371422101	3.367770160682
0.000000000000	0.000000000000	0.000000000000	1.000000000000
18	46	55
-0.938411883656	0.168246491074	-0.301788427305	0.767649130184
-0.064707084540	0.772407433267	0.631822562310	-0.963851796839
0.339405553615	0.612437650112	-0.713949574481	2.868041358159
0.000000000000	0.000000000000	0.000000000000	1.000000000000
18	53	55
-0.973288179769	0.081736164956	-0.214544444020	1.000266808926
-0.060295441195	0.810677186428	0.582380424788	-0.860023825335
0.221527828710	0.579760035483	-0.784094205031	2.808366683598
0.000000000000	0.000000000000	0.000000000000	1.000000000000
18	54	55
-0.881255230261	0.189564908083	-0.432960003650	0.829949184793
-0.127809051939	0.786338216712	0.604431183164	-0.880882471560
0.455031938857	0.587994349090	-0.668736555048	3.075952253983
0.000000000000	0.000000000000	0.000000000000	1.000000000000
19	35	55
0.434207678963	0.237588154163	-0.868916313883	2.481023245817
-0.175212071973	0.968444304276	0.177246606036	0.231029943579
0.883608749031	0.075282790315	0.462134266331	-0.318566033142
0.000000000000	0.000000000000	0.000000000000	1.000000000000
19	44	55
0.209411563610	0.436969752575	-0.874759528305	3.177898313226
-0.107054058741	0.899462729833	0.423681751021	-0.600797152419
0.971949703191	0.004922699973	0.235137282223	2.053732578821
0.000000000000	0.000000000000	0.000000000000	1.000000000000
19	45	55
0.048992604833	0.353695663565	-0.934076604057	3.107605351267
-0.237132748624	0.912579097246	0.333117773166	-0.363072257416
0.970241095915	0.205179845122	0.128582451968	1.840107017217
0.000000000000	0.000000000000	0.000000000000	1.000000000000
19	54	55
-0.456903882411	0.375057674954	-0.806579557574	2.808282080610
-0.151960473346	0.860521119583	0.486221572220	-0.357081173862
0.876439876305	0.344724735419	-0.336181498616	2.171117806164
0.000000000000	0.000000000000	0.000000000000	1.000000000000
20	21	55
0.880015091710	-0.220843174915	0.420477978562	0.169532705045
0.082572622904	0.942976749894	0.322454044952	0.065257827313
-0.467712732677	-0.249044456377	0.848069371242	-0.036096792798
0.000000000000	0.000000000000	0.000000000000	1.000000000000
20	34	55
-0.291722293605	0.470078348326	-0.833021278149	2.658000140554
-0.105691679513	0.849727856487	0.516518962664	0.026438614595
0.950645765938	0.238723514436	-0.198201189097	1.085673707708
0.000000000000	0.000000000000	0.000000000000	1.000000000000
20	35	55
-0.045763905020	0.274955848261	-0.960367089453	2.155564581823
-0.111860811573	0.953917432992	0.278439741899	0.012406077890
0.992669544124	0.120169931936	-0.012898202467	0.811879759053
0.000000000000	0.000000000000	0.000000000000	1.000000000000
20	37	55
-0.872232028808	-0.480306410231	0.092287811826	-0.154538662098
0.485502943859	-0.873095674637	0.044618767738	0.584194359018
0.059145409166	0.083723922631	0.994732187754	0.800084536619
0.000000000000	0.000000000000	0.000000000000	1.000000000000
20	43	55
-0.413468751576	0.679281442846	-0.606317006916	1.544544134469
-0.092385471561	0.631168356739	0.770124295225	-0.667567143936
0.905819251349	0.374437213504	-0.198212656076	3.248766503353
0.000000000000	0.000000000000	0.000000000000	1.000000000000
20	44	55
-0.248804073346	0.522916159755	-0.815263897737	1.531584403285
0.039036636995	0.846463189218	0.531014322096	-0.639312052381
0.967766849018	0.100293365512	-0.231016377723	3.206896544781
0.000000000000	0.000000000000	0.000000000000	1.000000000000
20	45	55
-0.497444590303	0.333806578726	-0.800700972634	1.513696212451
-0.069974796278	0.904555119418	0.420575277235	-0.417510049542
0.864668958310	0.265241783915	-0.426608003442	3.234086830070
0.000000000000	0.000000000000	0.000000000000	1.000000000000
20	46	55
-0.884043589183	0.171529580471	-0.434792519999	1.317557047878
-0.065892616140	0.875200873145	0.479251076978	-0.288309033279
0.462736529315	0.452328458833	-0.762413188348	2.724960935748
0.000000000000	0.000000000000	0.000000000000	1.000000000000
20	53	55
-0.924306964873	0.119763234010	-0.362371911807	1.511265642026
-0.041917596748	0.911886428384	0.408296530491	-0.202779881682
0.379340941331	0.392581086538	-0.837842789981	2.597715417926
0.000000000000	0.000000000000	0.000000000000	1.000000000000
20	54	55
-0.781073749778	0.245950942182	-0.573961611475	1.395142476930
-0.054165561670	0.889013332976	0.454666235517	-0.191323627500
0.622085114222	0.386216814536	-0.681062906664	2.847204030745
0.000000000000	0.000000000000	0.000000000000	1.000000000000
21	34	55
-0.661692159499	0.379219028035	-0.646804773354	1.767919925403
-0.293220977055	0.663078040746	0.688729969216	-0.752293025971
0.690061551366	0.645383948248	-0.327558566779	1.850176154135
0.000000000000	0.000000000000	0.000000000000	1.000000000000
21	35	55
-0.549667784681	0.253123565869	-0.796111667347	1.372783469101
-0.339460533214	0.803083568348	0.489717600909	-0.718455219848
0.763303264027	0.539430479906	-0.355503705288	1.607087914911
0.000000000000	0.000000000000	0.000000000000	1.000000000000
21	36	55
0.219863322837	0.333577670648	-0.916725726112	0.618959328495
-0.412790444096	0.883257289602	0.222397413715	-0.595695452019
0.883891491380	0.329518585227	0.331893557420	1.426992127554
0.000000000000	0.000000000000	0.000000000000	1.000000000000
21	43	55
0.063037912048	-0.972110086258	-0.225894227106	1.561877183705
-0.930087067817	0.024852045547	-0.366497506283	0.137583116226
0.361889856067	0.233204536893	-0.902580398662	4.910365569361
0.000000000000	0.000000000000	0.000000000000	1.000000000000
21	45	55
-0.887710430870	0.215632892657	-0.406783291851	-0.547828486619
-0.146319862080	0.705597670784	0.693341492300	-1.552341720526
0.436532574827	0.675006950030	-0.594815037239	3.139716155304
0.000000000000	0.000000000000	0.000000000000	1.000000000000
21	46	55
-0.999871776311	0.000326496797	0.016010132286	-0.289589971981
0.011847893343	0.687692281060	0.725905609562	-1.246970410689
-0.010773038536	0.726002217607	-0.687607970919	2.718932529262
0.000000000000	0.000000000000	0.000000000000	1.000000000000
21	47	55
-0.940245355205	-0.116234604391	0.320044041902	0.177736777619
0.184252955490	0.616739686132	0.765299293050	-1.085481302358
-0.286338122520	0.778538166240	-0.558470055867	2.369021373296
0.000000000000	0.000000000000	0.000000000000	1.000000000000
21	53	55
-0.993741982967	-0.000682779814	0.111697829432	-0.041469169127
0.074180552429	0.743590691339	0.664507433665	-1.174076620998
-0.083511178470	0.668634741519	-0.738886639143	2.712023572757
0.000000000000	0.000000000000	0.000000000000	1.000000000000
21	54	55
-0.989910874523	0.097728413773	-0.102594432805	-0.350517204758
-0.009709371088	0.675580921450	0.737221911425	-1.215323705125
0.141358369452	0.730780114476	-0.667816019329	2.800815253552
0.000000000000	0.000000000000	0.000000000000	1.000000000000
22	24	55
0.739884370521	-0.361830926748	0.567141515592	0.531566114826
0.448339342762	0.893742590015	-0.014697500625	-0.856117837475
-0.501560516779	0.265146305352	0.823489213510	0.846649537483
0.000000000000	0.000000000000	0.000000000000	1.000000000000
22	33	55
0.946671575766	-0.189039823331	0.260915451501	-0.282081310251
0.190532828064	0.981481059293	0.019803324962	-0.132111416164
-0.259827190777	0.030965714013	0.965158513141	0.332882476030
0.000000000000	0.000000000000	0.000000000000	1.000000000000
22	47	55
-0.685150495007	-0.217173084424	0.695273076275	-1.297992958485
0.488573682409	0.570934074273	0.659795452918	-1.154245377662
-0.540244903770	0.791751308326	-0.285070710027	1.824370468423
0.000000000000	0.000000000000	0.000000000000	1.000000000000
22	48	55
-0.224635900757	0.853207181502	-0.470718830645	0.859837909419
-0.797001699403	0.117060843719	0.592524303312	-1.562949628604
0.560648734271	0.508265938560	0.653711505528	0.775687346989
0.000000000000	0.000000000000	0.000000000000	1.000000000000
22	49	55
0.944766900856	-0.010569776656	0.327572561227	-2.431228948472
0.074716459204	0.980107134641	-0.183868037871	-0.295304915767
-0.319112760276	0.198187498213	0.926762516388	0.479256219281
0.000000000000	0.000000000000	0.000000000000	1.000000000000
22	51	55
-0.491006880150	-0.653127043692	0.576487041001	-1.663209842212
-0.237964316026	-0.536027160593	-0.809967818747	2.631221039416
0.838024598650	-0.534883116115	0.107772093568	2.449970362890
0.000000000000	0.000000000000	0.000000000000	1.000000000000
22	52	55
-0.519560596362	-0.129707425404	0.844531095048	-1.121622376470
0.537784010058	0.718429832017	0.441188094801	-1.399186563634
-0.663961704644	0.683399268556	-0.303513252599	2.126135846656
0.000000000000	0.000000000000	0.000000000000	1.000000000000
23	25	55
0.762284418188	-0.488013586330	0.425164915468	0.201785438748
0.316372540785	0.854005425776	0.413017128194	-0.135172241020
-0.564651114605	-0.180326016707	0.805389127362	0.321985678546
