0	11	37
0.836769700185	0.165653028387	-0.521896103683	-0.876816769144
0.080408305660	0.905631016439	0.416373589994	-0.082338345826
0.541618844976	-0.390373585492	0.744484714764	1.020132838601
0.000000000000	0.000000000000	0.000000000000	1.000000000000
0	27	37
-0.774538401470	0.455728841002	0.438635940306	-2.467859586334
0.514762950255	0.051164345976	0.855804483948	-0.193769161600
0.367572264587	0.888646967687	-0.274221073455	2.722254129374
0.000000000000	0.000000000000	0.000000000000	1.000000000000
1	11	37
0.700572540217	0.295555136637	-0.649496171738	1.008793666245
0.100132025661	0.860469524686	0.499565585809	0.248298167431
0.706520837153	-0.415017298790	0.573226786162	-0.168498107503
0.000000000000	0.000000000000	0.000000000000	1.000000000000
1	12	37
0.899050610456	0.064160557695	-0.433118254840	-0.815649960804
0.089465736736	0.941414920147	0.325167387780	-0.018116881847
0.428606908238	-0.331091182247	0.840639487086	0.460294182849
0.000000000000	0.000000000000	0.000000000000	1.000000000000
1	13	37
0.961593681876	-0.101853649233	-0.254879236333	-0.815058498771
0.180359900821	0.934453410351	0.307029526363	0.011039682628
0.206900693937	-0.341207646486	0.916934809475	0.273379007272
0.000000000000	0.000000000000	0.000000000000	1.000000000000
3	5	37
0.786838524475	-0.226108131493	0.574247550516	-0.228738733002
0.240090953656	0.969319298933	0.052691846504	0.141332616188
-0.568543288039	0.096411667283	0.816984283838	-0.193936812671
0.000000000000	0.000000000000	0.000000000000	1.000000000000
5	7	37
0.263012511907	-0.544407488852	0.796520498583	-0.170492548295
0.541990940783	0.766376243373	0.344838039815	0.102444274808
-0.798166798789	0.341010175327	0.496630467887	-0.185474259678
0.000000000000	0.000000000000	0.000000000000	1.000000000000
8	14	37
0.066810731056	-0.407431269393	0.910788716957	-0.316870930079
0.521589743999	0.792430756015	0.316224027987	-0.197319623336
-0.850576548684	0.453930895228	0.265454849620	0.659387550839
0.000000000000	0.000000000000	0.000000000000	1.000000000000
8	16	37
0.930511155855	-0.217285727664	0.294848946723	0.599380906842
0.192080611718	0.974934752454	0.112282086992	-0.634732672906
-0.311855779860	-0.047844968498	0.948924038876	1.063998925538
0.000000000000	0.000000000000	0.000000000000	1.000000000000
9	10	37
0.882081445858	-0.316470477410	0.348968135797	-0.141794548094
0.059373925028	0.809531948178	0.584065717112	0.176361204818
-0.467340411157	-0.494473924294	0.732863205716	0.084565583658
0.000000000000	0.000000000000	0.000000000000	1.000000000000
9	15	37
0.982638149013	-0.185321742600	-0.008838542008	0.031364329344
0.133774862188	0.674700504663	0.725867422642	0.230471920600
-0.128555646907	-0.714447395353	0.687777845617	0.869252881907
0.000000000000	0.000000000000	0.000000000000	1.000000000000
9	16	37
0.993766562247	-0.107480955381	-0.029594999427	0.396092564264
0.104046574068	0.798892743834	0.592405852667	0.258389084374
-0.040029116722	-0.591792385960	0.805095920828	1.395488957159
0.000000000000	0.000000000000	0.000000000000	1.000000000000
10	11	37
0.677082441808	-0.283344031805	0.679172678069	-0.163102990171
0.370066046659	0.928819885363	0.018567220155	-0.119374343443
-0.636090000004	0.238767209212	0.733743641676	0.213989495249
0.000000000000	0.000000000000	0.000000000000	1.000000000000
10	13	37
0.185252128716	-0.061784295050	0.980746832619	-0.665968047116
0.577589758861	0.814278134903	-0.057803023093	0.012625780260
-0.795029382643	0.577177459630	0.186532733937	0.047406626644
0.000000000000	0.000000000000	0.000000000000	1.000000000000
10	17	37
0.559355322060	0.603017583717	-0.568763059113	1.866388091923
-0.324209323648	0.790635989882	0.519406436197	-1.365020281749
0.762895758373	-0.106134467688	0.637750371717	1.387500490541
0.000000000000	0.000000000000	0.000000000000	1.000000000000
11	14	37
0.995094908404	0.047774426573	-0.086624058051	-0.318259034393
-0.044122699119	0.998074582848	0.043592596783	0.087118595447
0.088539881918	-0.039556683853	0.995286872250	-0.112477138901
0.000000000000	0.000000000000	0.000000000000	1.000000000000
11	27	37
0.988880223001	-0.083238069393	-0.123236879065	2.389368682397
0.029401293999	-0.702898453188	0.710682297808	-0.288533939885
-0.145778834092	-0.706402992851	-0.692635072185	3.174780660931
0.000000000000	0.000000000000	0.000000000000	1.000000000000
12	27	37
-0.744576650234	-0.438372580628	-0.503423372997	2.499544175549
0.151174112466	-0.845290735027	0.512474351551	-1.181273555779
-0.650193816986	0.305471854401	0.695654329766	-0.826656255895
0.000000000000	0.000000000000	0.000000000000	1.000000000000
13	14	37
0.764705742415	0.373267253621	-0.525258683785	-0.260660479023
-0.116792860997	0.881924976688	0.456692197342	0.007711794718
0.633706994705	-0.287888681381	0.718008044519	0.253318100678
0.000000000000	0.000000000000	0.000000000000	1.000000000000
13	27	37
0.506667329202	0.122086931948	-0.853453571419	0.865026750888
-0.856236996266	0.186916135733	-0.481581316527	0.567903842615
0.100729458179	0.974760041882	0.199239647171	1.456988538477
0.000000000000	0.000000000000	0.000000000000	1.000000000000
14	16	37
-0.586287228722	-0.349029534122	-0.731057911350	-0.540082569122
-0.440984792820	-0.619499387945	0.649425069455	-0.212318305029
-0.679558458073	0.703135045810	0.209287862561	0.551259095062
0.000000000000	0.000000000000	0.000000000000	1.000000000000
14	17	37
0.935917464952	0.177018755827	-0.304504283851	-0.201004675012
-0.101057483662	0.963139600808	0.249298003102	-0.114026150474
0.337410556732	-0.202549918391	0.919308243608	0.209808198609
0.000000000000	0.000000000000	0.000000000000	1.000000000000
16	18	37
0.821253101600	0.004359988763	0.570547398215	0.206324835053
0.193862609273	0.938347496941	-0.286218908724	-0.319014669193
-0.536619634227	0.345665973858	0.769775553444	0.758136540767
0.000000000000	0.000000000000	0.000000000000	1.000000000000
16	19	37
0.937831265916	0.002213247851	0.347084453995	0.796719460199
0.061195666676	0.983260342005	-0.171622231134	-0.708781126158
-0.341654221474	0.182192758839	0.921996850090	0.981990445386
0.000000000000	0.000000000000	0.000000000000	1.000000000000
18	20	37
0.829660456120	-0.479191215383	0.286425045430	0.152720913750
0.308033887435	0.820827050775	0.480996961434	-0.189610253141
-0.465594943854	-0.310835538213	0.828614878241	1.031438396999
0.000000000000	0.000000000000	0.000000000000	1.000000000000
20	33	37
0.187533600361	-0.779447582164	-0.597739588278	0.750851219275
0.673507321390	0.544996539157	-0.499366258713	0.571746139239
0.714995829896	-0.308934036595	0.627168816400	0.621087050425
0.000000000000	0.000000000000	0.000000000000	1.000000000000
20	34	37
-0.071111325501	-0.933320011119	-0.351933141706	-0.403971389545
-0.353981969913	-0.306248441231	0.883690362752	-1.317752965344
-0.932544875254	0.187418379806	-0.308600723506	2.150257514641
0.000000000000	0.000000000000	0.000000000000	1.000000000000
20	36	37
-0.310983037867	0.949736266914	0.035924552432	-0.388254265558
-0.931491537274	-0.297067858355	-0.209938570824	0.688391777000
-0.188714244682	-0.098750751091	0.977054360316	0.114192926912
0.000000000000	0.000000000000	0.000000000000	1.000000000000
21	24	37
0.802212504454	-0.166015688489	0.573492710392	-0.017996049379
0.367746947544	0.894114198923	-0.255581653989	-0.525903412787
-0.470337411088	0.415930992425	0.778321353473	0.583190565677
0.000000000000	0.000000000000	0.000000000000	1.000000000000
21	29	37
0.988252096377	0.087524816558	0.125288469115	0.180530308589
-0.046969847787	0.954036326701	-0.295987365834	-0.755965162767
-0.145435990751	0.286625354463	0.946939427193	0.687290984572
0.000000000000	0.000000000000	0.000000000000	1.000000000000
21	30	37
0.953630179493	0.156689755802	-0.256978211502	0.185576745575
-0.291995343711	0.688701782664	-0.663647929106	-0.742262352674
0.072994520417	0.707911134947	0.702519483720	0.571885421679
0.000000000000	0.000000000000	0.000000000000	1.000000000000
21	31	37
0.892061044229	0.405323429052	-0.199849971805	-0.008181122594
-0.355611010786	0.902482518698	0.243035208255	-0.854655175589
0.278868969906	-0.145733391181	0.949206972329	1.074713994939
0.000000000000	0.000000000000	0.000000000000	1.000000000000
22	24	37
0.953395914039	-0.167475788531	0.250974284239	-0.032400495537
0.148454460369	0.984533194118	0.093035815018	-0.208233060285
-0.262673760185	-0.051441713964	0.963512452319	0.705052999630
0.000000000000	0.000000000000	0.000000000000	1.000000000000
22	27	37
0.674779337704	0.192633737726	0.712436024143	-0.119143802594
0.275407046967	0.829876401878	-0.485238205510	-0.232501867737
-0.684707093500	0.523638616505	0.506930759982	0.531601427297
0.000000000000	0.000000000000	0.000000000000	1.000000000000
22	30	37
0.818807688909	0.042797138259	-0.572470412808	0.151875334663
-0.250847771528	0.923648829590	-0.289738218255	-0.427292683629
0.516361660179	0.380842808196	0.767026330280	0.873316956018
0.000000000000	0.000000000000	0.000000000000	1.000000000000
22	31	37
0.631261130775	0.616086707096	-0.471112039872	-0.186840907083
-0.214409549321	0.722394332978	0.657400161881	-0.308631200389
0.745344168779	-0.313980249412	0.588114336712	1.318983345222
0.000000000000	0.000000000000	0.000000000000	1.000000000000
23	24	37
0.920344087664	-0.306077987091	0.243481059059	0.055420484567
0.087542895963	0.767959148412	0.634487972885	0.168628210742
-0.381186308344	-0.562632217517	0.733581615189	0.440275968407
0.000000000000	0.000000000000	0.000000000000	1.000000000000
23	27	37
0.598481666772	0.113146157157	0.793106324309	-0.112970738464
-0.109087212963	0.992265336835	-0.059240875107	0.057127117355
-0.793674791401	-0.051063180828	0.606195411611	0.362408546335
0.000000000000	0.000000000000	0.000000000000	1.000000000000
24	25	37
0.634431920004	-0.436073038628	0.638229146829	-0.011308686901
0.415595300767	0.888613623363	0.194026736183	0.015301940960
-0.651748943122	0.142148279466	0.744994752857	0.065854226472
0.000000000000	0.000000000000	0.000000000000	1.000000000000
24	30	37
0.727077981091	0.056675912721	-0.684211553783	1.859143810032
-0.472444399414	0.764406267489	-0.438724683243	-0.879038492023
0.498150478144	0.642238973546	0.582559183245	1.096449378402
0.000000000000	0.000000000000	0.000000000000	1.000000000000
25	26	37
0.953517710068	0.045920274493	0.297817569959	-0.002036858310
0.130530775203	0.827842412730	-0.545562697048	-0.009736963621
-0.271598404470	0.559078051864	0.783368392656	-0.151902327276
0.000000000000	0.000000000000	0.000000000000	1.000000000000
25	28	37
0.817405046282	0.440020688030	-0.371794008046	0.064430126393
-0.382371667146	0.897158031356	0.221132030558	-0.010444320816
0.430860648560	-0.038590942981	0.901592946203	0.018043744321
0.000000000000	0.000000000000	0.000000000000	1.000000000000
27	28	37
0.974789882908	0.104448739058	-0.197167809465	-0.006769962302
0.098465512103	0.591591510832	0.800202491397	0.176281811422
0.200222943507	-0.799443522221	0.566392820994	0.150652490445
0.000000000000	0.000000000000	0.000000000000	1.000000000000
28	31	37
0.152297952437	0.833734351361	-0.530746987786	-0.537701688117
-0.556550709614	0.516119655212	0.651054382622	-0.148156850374
0.816735355738	0.196233363279	0.542619411581	0.357240802605
0.000000000000	0.000000000000	0.000000000000	1.000000000000
29	31	37
0.803167272508	0.346679368362	-0.484495353873	-0.097393245788
-0.114204956915	0.887760710237	0.445912714751	0.033158729623
0.584704677755	-0.302810727868	0.752612850607	0.431691409681
0.000000000000	0.000000000000	0.000000000000	1.000000000000
30	32	37
0.564960576632	0.435035290441	-0.701116140823	-0.209312238879
0.038345037921	0.834955600938	0.548979783352	0.095610561895
0.824226428185	-0.337036259969	0.455035553059	0.883481633348
0.000000000000	0.000000000000	0.000000000000	1.000000000000
30	33	37
-0.036834900125	-0.980820543435	-0.191400762037	0.216073959026
0.991106725015	-0.011348173813	-0.132584609138	0.604092363198
0.127869659271	-0.194582323264	0.972515845481	0.220250707581
0.000000000000	0.000000000000	0.000000000000	1.000000000000
31	35	37
0.405149731663	-0.578420961383	0.708013337704	-2.250093535559
-0.226588968270	0.686729738441	0.690695088877	-1.258695093072
-0.885726331545	-0.440262941631	0.147164560389	1.112644108865
0.000000000000	0.000000000000	0.000000000000	1.000000000000
31	36	37
0.157446879235	-0.208770539360	0.965207408858	-2.517825989207
0.818201748228	0.574858757928	-0.009127301359	-0.862226318694
-0.552952420571	0.791171454445	0.261326137720	0.847410651339
0.000000000000	0.000000000000	0.000000000000	1.000000000000
