0	3	66
0.491966879117	-0.226708133591	0.840578379460	-0.767338917406
0.305921522131	0.948946888500	0.076888393814	0.008303520416
-0.815095461985	0.219324474170	0.536205336491	0.173323140947
0.000000000000	0.000000000000	0.000000000000	1.000000000000
0	8	66
0.748218476618	-0.105240180890	0.655052376207	-0.745831674699
0.171764113731	0.984403390891	-0.038040152960	-0.196034060483
-0.640832427770	0.140976836144	0.754625291909	1.029949854861
0.000000000000	0.000000000000	0.000000000000	1.000000000000
0	18	66
0.789323660931	-0.038068194536	0.612796027124	0.054138372248
0.106881996764	0.991356203497	-0.076086244200	0.293078539482
-0.604602677022	0.125553535806	0.786569712476	-0.371290812549
0.000000000000	0.000000000000	0.000000000000	1.000000000000
0	19	66
0.821632901503	0.176248766642	-0.542084631238	2.768596525503
-0.158845264431	0.984121039703	0.079208340351	-0.338891307588
0.547437263195	0.021027398087	0.836582507225	-0.026379589602
0.000000000000	0.000000000000	0.000000000000	1.000000000000
0	21	66
-0.373648087132	0.434524011189	-0.819497401267	1.082337565858
-0.221481910083	0.816138031863	0.533726968077	-0.915194196159
0.900740179235	0.380929910414	-0.208709206466	2.571003648774
0.000000000000	0.000000000000	0.000000000000	1.000000000000
0	22	66
-0.185257110193	-0.302163168777	0.935081398894	-1.137761440296
-0.405113234441	-0.843448840492	-0.352813436187	1.438507666073
0.895300547528	-0.444175047597	0.033844596153	2.083366597887
0.000000000000	0.000000000000	0.000000000000	1.000000000000
0	33	66
-0.097803712482	0.555335099877	-0.825855532566	0.705723328983
-0.318047603811	0.768875756739	0.554685309351	-0.254868482123
0.943016519227	0.316911655741	0.101424094381	0.487249204579
0.000000000000	0.000000000000	0.000000000000	1.000000000000
0	39	66
0.490370745997	0.420548640862	-0.763331757586	1.730561345456
-0.268052155850	0.906191042370	0.327056320032	-0.370514117998
0.829267491956	0.044233871613	0.557098547285	0.913119670874
0.000000000000	0.000000000000	0.000000000000	1.000000000000
0	44	66
0.707020161829	-0.240540670720	0.665028327589	0.589885237697
0.348249847444	0.936876669061	-0.031371176645	0.119056472676
-0.615503480512	0.253776068017	0.746158946056	0.014099756678
0.000000000000	0.000000000000	0.000000000000	1.000000000000
0	45	66
0.850814694108	-0.081588788833	0.519093080118	0.379588825420
0.254411248681	0.928326734778	-0.271080043604	-0.051263843009
-0.459770891678	0.362702003072	0.810591132528	0.015055954337
0.000000000000	0.000000000000	0.000000000000	1.000000000000
0	50	66
0.688571065659	-0.118231481494	0.715465725469	-0.703929483253
0.199442236155	0.979447479053	-0.030090367471	-0.293299973629
-0.697203472435	0.163413440575	0.697999545461	1.039761149723
0.000000000000	0.000000000000	0.000000000000	1.000000000000
0	51	66
0.776471632897	-0.059520073153	0.627334969692	-0.784816140132
0.093910178784	0.995341975417	-0.021799777371	-0.412628929404
-0.623115303637	0.075840047893	0.778444349654	1.397314935537
0.000000000000	0.000000000000	0.000000000000	1.000000000000
0	64	66
0.171602334071	0.733255692926	0.657942799743	-1.506424205452
-0.807638944143	-0.277737085435	0.520174439278	-2.371612051999
0.564155984498	-0.620643375995	0.544545521503	0.509346121679
0.000000000000	0.000000000000	0.000000000000	1.000000000000
1	8	66
0.869463334819	-0.071342748030	0.488818700245	-0.429585520093
0.117617909782	0.990956975412	-0.064577861387	-0.198535261563
-0.479791138626	0.113641916502	0.869991941405	0.844067361289
0.000000000000	0.000000000000	0.000000000000	1.000000000000
1	19	66
-0.284171443584	-0.248721717673	0.925950375457	-1.509727222977
0.489075691766	0.793061965387	0.363122137552	-1.172866545033
-0.824652386388	0.556048762443	-0.103721817427	2.678987169199
0.000000000000	0.000000000000	0.000000000000	1.000000000000
1	20	66
-0.180275009091	-0.289280703368	0.940115735299	-1.144325339626
-0.414667803234	-0.844339255930	-0.339325557329	1.003281170759
0.891936956325	-0.451007644675	0.032257873256	2.873059187509
0.000000000000	0.000000000000	0.000000000000	1.000000000000
1	21	66
-0.591452028188	0.373686240950	-0.714522981910	0.957646414537
-0.215703856537	0.780511726554	0.586748064323	-1.005934674088
0.776953244815	0.501158695461	-0.381029680387	2.713338475602
0.000000000000	0.000000000000	0.000000000000	1.000000000000
1	22	66
-0.343373569862	-0.245241791499	0.906615163795	-1.050507672567
-0.408775055505	-0.830056787729	-0.379352979613	1.440747881417
0.845575274897	-0.500861450750	0.184770835459	1.820298073051
0.000000000000	0.000000000000	0.000000000000	1.000000000000
1	33	66
-0.291479725907	0.532630624372	-0.794571700583	1.048883962408
-0.365440678070	0.705633776275	0.607070082109	-0.223740671183
0.884020746474	0.467317442176	-0.011033043168	0.557541860269
0.000000000000	0.000000000000	0.000000000000	1.000000000000
1	39	66
-0.964029450854	-0.106213112343	0.243651375231	-0.362105237649
-0.102213622019	-0.698051901205	-0.708714271549	1.841409651493
0.245356054255	-0.708125919586	0.662086164068	0.623071157549
0.000000000000	0.000000000000	0.000000000000	1.000000000000
1	44	66
-0.422331238546	-0.311960920169	0.851067981559	-2.222650839399
0.629433884641	0.574698549061	0.523005317921	-0.938411938222
-0.652264754386	0.756572509410	-0.046354376177	1.590806210852
0.000000000000	0.000000000000	0.000000000000	1.000000000000
1	50	66
0.811465356778	-0.059893514710	0.581323267765	-0.454438849452
0.145643702022	0.984073869085	-0.101914337779	-0.221397734290
-0.565961029410	0.167366027255	0.807264966483	0.884042867156
0.000000000000	0.000000000000	0.000000000000	1.000000000000
1	51	66
0.891255085638	-0.025602532007	0.452779066079	-0.544804575197
0.072406368409	0.993631054848	-0.086340284082	-0.359435051101
-0.447684811154	0.109735305150	0.887432517246	1.192674944428
0.000000000000	0.000000000000	0.000000000000	1.000000000000
1	64	66
-0.168878315219	0.744023167395	0.646459311192	-1.726203744000
-0.688015951553	-0.558633853973	0.463208665295	-2.241909266258
0.705772034766	-0.366548419140	0.606240951577	0.528173553663
0.000000000000	0.000000000000	0.000000000000	1.000000000000
2	4	66
0.655300472654	0.059726644150	0.753003332342	-1.567037639779
0.413697119542	0.805693427586	-0.423925458102	1.399798142785
-0.632009480800	0.589313862660	0.503262543267	1.656626016835
0.000000000000	0.000000000000	0.000000000000	1.000000000000
2	21	66
-0.575971446095	-0.232165843134	0.783808595618	-1.747684350429
-0.248106205144	-0.863947803758	-0.438220838563	1.476877740662
0.778909625215	-0.446870466315	0.440007479577	1.800753935517
0.000000000000	0.000000000000	0.000000000000	1.000000000000
2	34	66
0.170042535147	0.428610240356	-0.887343675304	0.894140749001
-0.239436071125	0.891443141837	0.384707021921	-0.187181249525
0.955905802935	0.147045526056	0.254208003773	1.053779367601
0.000000000000	0.000000000000	0.000000000000	1.000000000000
2	43	66
0.791477509727	0.106531689996	-0.601842463294	1.132408360433
-0.021799805923	0.988986565635	0.146391056612	-0.177545487584
0.610809397487	-0.102745180038	0.785082994288	0.651692040673
0.000000000000	0.000000000000	0.000000000000	1.000000000000
2	51	66
0.988815374481	-0.038439818952	0.144105987070	-0.807134409201
0.039568578838	0.999204477131	-0.004973977274	-0.216552366169
-0.143800148676	0.010620414311	0.989549758244	1.070933274276
0.000000000000	0.000000000000	0.000000000000	1.000000000000
3	8	66
0.934599874063	0.149630841840	-0.322697515595	-0.722751884221
-0.147072107041	0.988593446006	0.032446784803	-0.105797037338
0.323871688685	0.017135042564	0.945945833325	0.466003509815
0.000000000000	0.000000000000	0.000000000000	1.000000000000
3	35	66
0.040142683522	0.405147879874	-0.913369454489	0.585493935451
-0.300650904917	0.876642133898	0.375642918804	-0.326272531090
0.952889079763	0.259526038209	0.156998844452	1.709690488258
0.000000000000	0.000000000000	0.000000000000	1.000000000000
3	36	66
0.374069338493	0.420504957413	-0.826587993374	0.582018821566
-0.238078672322	0.904967324664	0.352636763648	-0.462703144921
0.896320632243	0.064882371114	0.438633790460	1.572152360579
0.000000000000	0.000000000000	0.000000000000	1.000000000000
3	37	66
0.418906543535	0.445753183301	-0.791088748094	0.674718675630
-0.279899366938	0.892180662170	0.354499662112	-0.475106345227
0.863813435975	0.072923011644	0.498506351215	1.653862116620
0.000000000000	0.000000000000	0.000000000000	1.000000000000
3	41	66
0.744397326037	-0.184913572487	0.641622624055	0.571716313643
0.105458449448	0.981388774045	0.160482365442	-0.418028653950
-0.659356607936	-0.051798116648	0.750043877839	1.139611074599
0.000000000000	0.000000000000	0.000000000000	1.000000000000
3	42	66
-0.999427395755	-0.013186191138	0.031160952783	-0.095273009597
-0.001611387208	-0.901345001830	-0.433098823719	1.618525439027
0.033797692914	-0.432901041855	0.900807639796	2.018745540767
0.000000000000	0.000000000000	0.000000000000	1.000000000000
4	6	66
0.830175962771	0.131347340749	-0.541807850547	0.989278193649
-0.055696946082	0.986528250301	0.153817624330	-0.301161389248
0.554712286716	-0.097518651731	0.826307685751	0.140373865086
0.000000000000	0.000000000000	0.000000000000	1.000000000000
4	7	66
0.790300900672	0.284780704550	-0.542516761689	1.052559346631
-0.144703797226	0.947126936667	0.286376285519	-0.869792055499
0.595386678945	-0.147819200901	0.789724120424	0.457355906862
0.000000000000	0.000000000000	0.000000000000	1.000000000000
4	38	66
-0.730224578284	-0.641715429030	0.234464013051	-0.041084675704
-0.092568399381	-0.247086609673	-0.964561713296	2.186397318849
0.676907051748	-0.726050628721	0.121026145225	2.497877658799
0.000000000000	0.000000000000	0.000000000000	1.000000000000
4	45	66
0.708721676191	0.026980180699	-0.704972095580	1.260364459487
-0.027989320024	0.999557032798	0.010116133115	-0.597584963510
0.704932751162	0.012562166773	0.709162892645	1.129464221148
0.000000000000	0.000000000000	0.000000000000	1.000000000000
4	49	66
0.840826509358	0.236141939645	-0.487080861359	0.558091890491
0.001213939831	0.899002636315	0.437941532912	-0.244301113854
0.541303341493	-0.368824137280	0.755618586490	0.323106827378
0.000000000000	0.000000000000	0.000000000000	1.000000000000
5	8	66
0.920330535812	0.019819578785	-0.390639077857	-0.881381229170
-0.020949579698	0.999779596580	0.001368712461	0.396274779753
0.390580106972	0.006924056623	0.920542903659	0.450977715757
0.000000000000	0.000000000000	0.000000000000	1.000000000000
5	34	66
0.884268299745	0.189143007228	-0.426959596313	-0.168130148414
-0.055916197747	0.950609070767	0.305312583110	0.096950260214
0.463619405220	-0.246104281540	0.851169624523	0.605422864453
0.000000000000	0.000000000000	0.000000000000	1.000000000000
5	35	66
-0.084485383433	0.469385417044	-0.878942290627	0.193694345479
-0.110603956186	0.872227290996	0.476430811050	-0.171960464531
0.990267128033	0.137465934353	-0.021774573019	1.935591592251
0.000000000000	0.000000000000	0.000000000000	1.000000000000
5	36	66
0.240431300702	0.377994278226	-0.894043128306	0.371545512282
-0.039838234885	0.924128026740	0.380000401623	-0.097088476918
0.969848289520	-0.055746890686	0.237247928326	1.921077879463
0.000000000000	0.000000000000	0.000000000000	1.000000000000
5	41	66
0.821967331576	-0.282379474790	0.494602403997	0.420545110735
0.158805356885	0.947625123631	0.277105546117	0.085784176808
-0.546946582810	-0.149226195024	0.823760267476	1.165906061205
0.000000000000	0.000000000000	0.000000000000	1.000000000000
5	42	66
0.806959972182	-0.054487867809	0.588087302666	0.150960655209
0.117026266105	0.990743852642	-0.068785692502	-0.036818650530
-0.578895894213	0.124328961683	0.805867143486	1.159810920519
0.000000000000	0.000000000000	0.000000000000	1.000000000000
5	50	66
0.388206577599	-0.212804555099	0.896665977072	-2.082310173031
0.183753907691	0.971310550966	0.150964615027	-0.267906123734
-0.903067081959	0.106160420642	0.416172813350	2.984750502344
0.000000000000	0.000000000000	0.000000000000	1.000000000000
6	34	66
-0.112620551426	0.490719905435	-0.864008440819	0.801581406489
-0.230456690189	0.832929887770	0.503107857230	-0.362611422989
0.966543493767	0.255776809875	0.019284661957	1.305828568282
0.000000000000	0.000000000000	0.000000000000	1.000000000000
6	40	66
0.349129748583	0.402903106166	-0.846036350103	0.918801816152
-0.140740231854	0.915153005073	0.377739545777	-0.307398315790
0.926445144513	-0.012808760576	0.376211815153	1.228976836177
0.000000000000	0.000000000000	0.000000000000	1.000000000000
6	43	66
0.609048019477	0.220146333639	-0.761968570058	1.164199065787
-0.099595499598	0.974330328388	0.201893901946	-0.306519344259
0.786855289383	-0.047074440712	0.615339540905	0.952168908765
0.000000000000	0.000000000000	0.000000000000	1.000000000000
6	50	66
0.994854521162	0.101191794808	0.004970149589	-0.534799492612
-0.101251229851	0.994766786937	0.013683130479	-0.227501415359
-0.003559519206	-0.014115957979	0.999894029162	0.716366302313
0.000000000000	0.000000000000	0.000000000000	1.000000000000
6	51	66
0.991586142893	0.067033448885	-0.110740407954	-0.799476248169
-0.065061882993	0.997653317105	0.021326280755	-0.235414022025
0.111910109484	-0.013941865011	0.993620527060	0.906290754889
0.000000000000	0.000000000000	0.000000000000	1.000000000000
7	34	66
-0.119868215628	0.313112417543	-0.942121130674	0.959359712075
-0.195632011064	0.922907351516	0.331617455458	-0.158085417539
0.973324060696	0.224059444117	-0.049372445483	1.175603139544
0.000000000000	0.000000000000	0.000000000000	1.000000000000
7	40	66
0.805271096767	-0.180765910144	0.564678799355	-0.101383072565
-0.146740635744	0.861998613691	0.485206735131	-0.776427652400
-0.574461179309	-0.473584285766	0.667616864483	1.666699226329
0.000000000000	0.000000000000	0.000000000000	1.000000000000
7	43	66
0.501247922133	0.037249631308	-0.864501582141	1.410346736680
0.060701031765	0.995098065206	0.078071924311	-0.032685878219
0.863172002153	-0.091609527837	0.496529746449	1.043360534992
0.000000000000	0.000000000000	0.000000000000	1.000000000000
8	9	66
0.997688796211	0.055475953196	0.039236265524	-0.603618484444
-0.047209828516	0.981238306540	-0.186929446234	-0.122967490619
-0.048870215948	0.184645076823	0.981589475085	0.323704700320
0.000000000000	0.000000000000	0.000000000000	1.000000000000
8	10	66
0.998242227594	-0.015636297933	0.057166084656	-0.543038289341
0.013952758531	0.999460535526	0.029731438823	-0.470013088474
-0.057600135220	-0.028881553145	0.997921880866	1.506769948502
0.000000000000	0.000000000000	0.000000000000	1.000000000000
8	34	66
-0.963532993523	0.101986511322	-0.247392243010	0.872691822847
0.073838923950	-0.787292094173	-0.612142934096	1.729427125815
-0.257200279360	-0.608087090770	0.751051334021	0.320471659478
0.000000000000	0.000000000000	0.000000000000	1.000000000000
8	35	66
0.331986494029	0.474901515938	-0.815017495482	1.572538684129
-0.180470958677	0.880038055588	0.439275828827	-0.414820304761
0.925859169019	0.001253346424	0.377866680545	0.840431701941
0.000000000000	0.000000000000	0.000000000000	1.000000000000
8	36	66
0.664757083499	0.271149712310	-0.696114827777	1.668511397672
-0.176676034350	0.962434412730	0.206168814517	-0.104213049178
0.725867480208	-0.014065372623	0.687690749152	0.593911472475
0.000000000000	0.000000000000	0.000000000000	1.000000000000
8	52	66
0.983684371021	-0.136834293225	0.116796551345	-0.820582256020
0.135479894120	0.990588274135	0.019495369582	-0.226902053737
-0.118364929340	-0.003353705955	0.992964498942	0.567453345697
0.000000000000	0.000000000000	0.000000000000	1.000000000000
8	53	66
0.978031731670	-0.115820078548	0.173319477416	-1.050637998993
0.130811282762	0.988358274363	-0.077693820868	-0.144457591449
-0.162303235177	0.098659165332	0.981796327630	0.898754949193
0.000000000000	0.000000000000	0.000000000000	1.000000000000
8	55	66
0.855959400835	0.072165615272	-0.511982058372	-0.191363800361
-0.082673671102	0.996574127580	0.002252186538	-0.828274984527
0.510390603586	0.040399656064	0.858993189473	2.158188952988
0.000000000000	0.000000000000	0.000000000000	1.000000000000
9	12	66
0.870933034892	-0.035229843690	-0.490137232669	-0.201871653709
-0.016098142184	0.994845925846	-0.100112105389	-0.229940680694
0.491137962850	0.095081238637	0.865877046414	1.159078061518
0.000000000000	0.000000000000	0.000000000000	1.000000000000
9	36	66
0.622117020134	0.347284633630	-0.701686394698	2.194247917089
-0.027347331293	0.905330002281	0.423827453619	-0.135296094618
0.782446507265	-0.244481022197	0.572718511185	0.463143730643
0.000000000000	0.000000000000	0.000000000000	1.000000000000
9	37	66
0.663771811827	0.323560386959	-0.674326076772	2.336824340543
-0.071839722738	0.924996152071	0.373123535696	0.070693707091
0.744477021848	-0.199225486935	0.637230860282	0.446293908241
0.000000000000	0.000000000000	0.000000000000	1.000000000000
9	38	66
0.819860485415	0.006614166539	-0.572525141156	2.177185752536
0.120023455079	0.975731328900	0.183146782756	0.555387669743
0.559842080132	-0.218871255774	0.799169705826	0.213995909782
0.000000000000	0.000000000000	0.000000000000	1.000000000000
9	39	66
0.999802010975	-0.013681527333	0.014448344542	1.675548652254
0.007896655993	0.939298188834	0.343011013347	-0.012922777797
-0.018264218415	-0.342829007324	0.939220256416	0.219094886383
0.000000000000	0.000000000000	0.000000000000	1.000000000000
9	50	66
0.996690180775	-0.033886980756	0.073894222246	0.532004904167
0.026551559732	0.994823801936	0.098084747932	0.138290241854
-0.076835527081	-0.095798098292	0.992430867185	-0.314247276061
0.000000000000	0.000000000000	0.000000000000	1.000000000000
9	54	66
0.998968273359	-0.044829406682	-0.007260380123	-0.594497525801
0.044380253416	0.997591810754	-0.053300771313	-0.077820333743
0.009632337708	0.052923561978	0.998552109135	0.907821370910
0.000000000000	0.000000000000	0.000000000000	1.000000000000
9	56	66
0.733783513968	0.145739740822	-0.663567391132	-0.424825001021
0.006387195779	0.975197061079	0.221246233400	0.038858567013
0.679353338373	-0.166585173436	0.714652658032	0.882539805875
0.000000000000	0.000000000000	0.000000000000	1.000000000000
10	13	66
0.986589322207	-0.135174449787	0.091484301557	-1.874249849908
0.147908330410	0.977426903154	-0.150863430910	-0.048024856915
-0.069026336291	0.162371540349	0.984312373072	0.133551234195
0.000000000000	0.000000000000	0.000000000000	1.000000000000
10	37	66
0.578916532873	0.348997340574	-0.736923675993	3.122708346322
-0.295894290985	0.932082304631	0.208971639119	0.200359727331
0.759804064564	0.097074371830	0.642864176794	0.162377138509
0.000000000000	0.000000000000	0.000000000000	1.000000000000
10	39	66
0.998695232178	0.036121491102	-0.036098076193	1.894973111755
-0.030993997378	0.990537707656	0.133695257348	-0.095695419746
0.040585777691	-0.132401992400	0.990364835330	0.016099366529
0.000000000000	0.000000000000	0.000000000000	1.000000000000
10	56	66
0.634347539000	0.344154079000	-0.692214684670	0.103554054384
-0.174279515655	0.936050365837	0.305673621760	-0.329373723896
0.753146632594	-0.073264469727	0.653760252147	0.495028689596
0.000000000000	0.000000000000	0.000000000000	1.000000000000
11	13	66
0.582425059530	0.130883707083	-0.802278321564	0.919046804985
-0.117199094657	0.990161283424	0.076452632526	-0.327338209354
0.804391336504	0.049498363901	0.592034196418	1.071928853961
0.000000000000	0.000000000000	0.000000000000	1.000000000000
11	51	66
0.991986226140	0.030077786901	0.122713706990	0.411679206053
-0.028662950356	0.999500926250	-0.013279070074	0.345222334268
-0.123051868840	0.009655317718	0.992353269967	-1.107194588543
0.000000000000	0.000000000000	0.000000000000	1.000000000000
11	56	66
0.753127260891	0.287633633583	-0.591663943244	0.616596431199
-0.164750429341	0.953159419291	0.253662014204	-0.191414321061
0.636911787405	-0.093562889274	0.765238107268	0.657195075141
0.000000000000	0.000000000000	0.000000000000	1.000000000000
12	14	66
0.696258880815	0.096334604978	-0.711296854183	0.280918061350
-0.015068899008	0.992696266116	0.119695662085	-0.047802753263
0.717632565572	-0.072620707261	0.692625247668	0.343599361281
0.000000000000	0.000000000000	0.000000000000	1.000000000000
12	15	66
0.341084406025	0.298913804544	-0.891241810857	0.440243335203
0.013290034003	0.946468500084	0.322522485023	0.090969102568
0.939938722983	-0.121852024205	0.318853071546	0.623523482741
0.000000000000	0.000000000000	0.000000000000	1.000000000000
12	51	66
0.877788623812	-0.105832403249	0.467211552006	-0.313022488386
-0.001144847379	0.974825189468	0.222967574554	0.198436922007
-0.479046783968	-0.196253286343	0.855569299572	-1.357981050453
0.000000000000	0.000000000000	0.000000000000	1.000000000000
12	52	66
0.802480820588	-0.211766063965	0.557834802376	-0.525924517795
0.072164039156	0.962483807613	0.261566954210	0.112005304667
-0.592297968966	-0.169646851532	0.787656690268	-0.775162595386
0.000000000000	0.000000000000	0.000000000000	1.000000000000
12	57	66
0.736233921850	0.234033632855	-0.634970763902	-0.256404704922
0.062316005366	0.910864086298	0.407974670497	0.080832853339
0.673851858937	-0.339933633206	0.656024997406	0.145733872504
0.000000000000	0.000000000000	0.000000000000	1.000000000000
13	53	66
-0.490123009971	0.173821942663	-0.854145987139	1.966662902376
0.243568769962	-0.913568714833	-0.325678457343	1.546746757697
-0.836931113889	-0.367665793251	0.405423451563	0.090279383356
0.000000000000	0.000000000000	0.000000000000	1.000000000000
13	58	66
-0.332219935911	-0.484687450895	0.809140277782	-2.193149829664
0.569498003214	0.580761259348	0.581711598626	-1.988139924259
-0.751865638608	0.654059962530	0.083088067107	2.871180232155
0.000000000000	0.000000000000	0.000000000000	1.000000000000
14	18	66
0.535303377036	0.197166057826	-0.821325660244	0.636559183508
-0.015113482376	0.974454562199	0.224075632009	0.066437448743
0.844524645694	-0.107535351634	0.524608683654	0.243423838034
0.000000000000	0.000000000000	0.000000000000	1.000000000000
14	55	66
0.504812489299	-0.101388557624	0.857254169445	-0.831083299109
0.093084371728	0.993681462105	0.062709262539	0.070152701535
-0.858195578169	0.048140546849	0.511060502642	0.177431052260
0.000000000000	0.000000000000	0.000000000000	1.000000000000
14	61	66
0.502990509575	-0.675117267673	-0.539645459693	0.846199838225
-0.298296439528	0.450410753841	-0.841516124022	2.613173610985
0.811184184660	0.584248943271	0.025167257381	2.349372401967
0.000000000000	0.000000000000	0.000000000000	1.000000000000
14	62	66
-0.089080536626	0.484577248019	-0.870200866868	0.148462669127
-0.172875297326	0.852891815031	0.492635446783	-0.488909321328
0.980907125863	0.194320463554	0.007795375262	2.504533891028
0.000000000000	0.000000000000	0.000000000000	1.000000000000
14	63	66
-0.447735458011	0.365758045920	-0.815937504644	0.044251551317
-0.178207529131	0.857704848442	0.482270120908	-0.347649757898
0.876227730787	0.361335640098	-0.318844035532	2.776649039820
0.000000000000	0.000000000000	0.000000000000	1.000000000000
15	16	66
0.978746107080	0.005332940777	-0.205006384335	0.219297308637
-0.066372658352	0.954094607652	-0.292058469955	0.008639907019
0.194037955305	0.299457909216	0.934170344482	-0.049628758374
0.000000000000	0.000000000000	0.000000000000	1.000000000000
15	17	66
0.944620591949	-0.064304989379	-0.321802432568	0.438001939414
-0.064445717897	0.925167374541	-0.374048230219	0.016831148187
0.321774279131	0.374072449434	0.869787971786	-0.151090363156
0.000000000000	0.000000000000	0.000000000000	1.000000000000
15	19	66
0.658223358661	0.233352867779	-0.715743284434	0.249961952271
-0.277543259066	0.958995585497	0.057421305657	0.046988146602
0.699794076468	0.160853679148	0.695998810663	-0.182232372380
0.000000000000	0.000000000000	0.000000000000	1.000000000000
15	55	66
0.145111670632	-0.179560172086	0.972985481725	-0.892363871818
0.370114612629	0.921850092947	0.114924234394	-0.234008624437
-0.917582572069	0.343439297014	0.200229050595	0.377812217403
0.000000000000	0.000000000000	0.000000000000	1.000000000000
15	60	66
0.741090007155	0.536853091884	0.403205107890	0.208175700126
0.337750453635	0.220926690814	-0.914940450715	2.090447089439
-0.580267380062	0.814235933265	-0.017595812443	2.211239216622
0.000000000000	0.000000000000	0.000000000000	1.000000000000
15	61	66
0.351124778701	0.433815265948	-0.829768464581	0.424976860469
-0.328603092087	0.886919843237	0.324643188043	-0.980109763387
0.876773287488	0.158674215619	0.453972571467	2.670089712750
0.000000000000	0.000000000000	0.000000000000	1.000000000000
15	63	66
-0.176502923217	0.502541665799	-0.846344251609	0.669195637972
-0.343797266570	0.774213660955	0.531410055127	-1.154923398384
0.922306975792	0.384766268438	0.036121476686	2.591686537355
0.000000000000	0.000000000000	0.000000000000	1.000000000000
15	64	66
-0.203317845380	0.500358909500	-0.841607281001	0.283601370662
-0.292963821534	0.789092404991	0.539912377759	-0.901693536138
0.934255881984	0.356334306613	-0.013849509323	2.208633422241
0.000000000000	0.000000000000	0.000000000000	1.000000000000
16	18	66
0.903087559034	0.139217362981	-0.406265167793	0.203039765331
-0.019051294424	0.958054205264	0.285953121955	-0.068828076599
0.429033692031	-0.250500829579	0.867859104626	0.031486636675
0.000000000000	0.000000000000	0.000000000000	1.000000000000
16	19	66
0.822129446375	0.177515449968	-0.540917219568	-0.104214965332
-0.032342190216	0.963172315970	0.266932711524	-0.048388356408
0.568381171517	-0.201958794738	0.797593561341	-0.157930291692
0.000000000000	0.000000000000	0.000000000000	1.000000000000
16	57	66
0.751821568129	-0.400102784068	0.524101222930	-0.735193367459
0.091895754089	0.850679184377	0.517590664182	-0.129461000226
-0.652931466600	-0.340973147694	0.676326705428	0.730256175189
0.000000000000	0.000000000000	0.000000000000	1.000000000000
16	58	66
0.971543591078	-0.089691700396	0.219222374576	-0.482154161164
-0.013489668687	0.903078031150	0.429264601957	-0.268928712663
-0.236476382486	-0.420006510109	0.876169762085	1.298278118017
0.000000000000	0.000000000000	0.000000000000	1.000000000000
16	61	66
0.993232570134	0.015476692974	0.115106618400	0.094873042811
-0.062543607996	0.906379538181	0.417809083035	-0.371783137769
-0.097863980727	-0.422180772587	0.901213646443	1.239492060176
0.000000000000	0.000000000000	0.000000000000	1.000000000000
16	62	66
0.303400289863	0.213996997530	-0.928522239453	1.227226007696
0.013073762840	0.973428312148	0.228618454708	0.198680724626
0.952773499231	-0.081502184977	0.292540686073	2.606511638672
0.000000000000	0.000000000000	0.000000000000	1.000000000000
16	63	66
0.185779451951	0.430407880905	-0.883309148197	2.067513468173
0.052351022546	0.893346220542	0.446309198518	-0.169981437116
0.981195885474	-0.129157215434	0.143433078578	2.968789676116
0.000000000000	0.000000000000	0.000000000000	1.000000000000
16	64	66
-0.956913553299	-0.140843903654	0.253928033734	-1.803058685348
-0.014062546660	-0.850984920386	-0.525001819099	1.646240302680
0.290032233198	-0.505952231025	0.812338380004	0.589992413530
0.000000000000	0.000000000000	0.000000000000	1.000000000000
17	20	66
0.793008425417	0.211889800756	-0.571174535105	-0.365335787671
0.028085021034	0.923852745258	0.381716303912	0.074769496436
0.608562953860	-0.318745693954	0.726672081324	-0.224317437880
0.000000000000	0.000000000000	0.000000000000	1.000000000000
17	57	66
0.710595674438	-0.319750273861	0.626748394363	-0.790130956147
0.068916258193	0.918119994310	0.390264301986	0.135708189435
-0.700217349704	-0.234126970711	0.674448089002	0.815211660165
0.000000000000	0.000000000000	0.000000000000	1.000000000000
17	58	66
0.947827527820	-0.091939497139	0.305237786606	-0.424526976429
-0.097275018950	0.828426191612	0.551586453550	-0.101940738212
-0.303579558262	-0.552500836123	0.776261732851	1.590715503188
0.000000000000	0.000000000000	0.000000000000	1.000000000000
17	61	66
0.030932596458	0.999178414944	-0.026185293329	-1.463364319890
-0.999024082698	0.030080214042	-0.032342895845	0.071380603930
-0.031528664177	0.027160188394	0.999133758564	1.358205307986
0.000000000000	0.000000000000	0.000000000000	1.000000000000
17	62	66
0.469388745333	0.529534542144	-0.706588546773	1.150700473962
-0.046101539420	0.813826714588	0.579276036693	-0.223560937628
0.881787306451	-0.239330832322	0.406413458048	2.496179178917
0.000000000000	0.000000000000	0.000000000000	1.000000000000
17	63	66
0.291078288025	0.428576141690	-0.855333806776	2.259045826883
0.026286707467	0.890126360131	0.454955021964	0.157512249144
0.956338036079	-0.154911438487	0.247830601369	2.813296534741
0.000000000000	0.000000000000	0.000000000000	1.000000000000
17	65	66
0.323325384082	0.410424879666	-0.852650053750	0.920350833193
0.051607797135	0.892058348133	0.448963850215	0.126867226007
0.944879532683	-0.189164800311	0.267243984105	2.350333047923
0.000000000000	0.000000000000	0.000000000000	1.000000000000
18	21	66
0.947837649448	0.058113427066	-0.313411263172	-0.745615425180
-0.029574612764	0.995032153144	0.095059752203	0.207548922439
0.317378531991	-0.080832195341	0.944847619263	-0.483121033029
0.000000000000	0.000000000000	0.000000000000	1.000000000000
18	34	66
0.921623789845	-0.134690187153	0.363961733534	-0.773077393224
0.082197558538	0.984311899699	0.156120611967	0.352751965749
-0.379279779797	-0.113967704176	0.918236467933	-0.804658615541
0.000000000000	0.000000000000	0.000000000000	1.000000000000
18	56	66
0.986487529040	0.117066310115	-0.114620391225	-0.237646915509
-0.101224202106	0.985601072235	0.135440715137	-0.184545289421
0.128825525252	-0.122008218760	0.984133110203	0.667145670203
0.000000000000	0.000000000000	0.000000000000	1.000000000000
18	57	66
0.402724937222	-0.396102556051	0.825175975189	-0.698372268190
0.339825281714	0.901784924274	0.267025707115	-0.231746609675
-0.849900819418	0.172877747097	0.497776939714	0.972608161424
0.000000000000	0.000000000000	0.000000000000	1.000000000000
18	58	66
0.788367445669	-0.221212935362	0.574057146839	-0.092351098454
0.092529942542	0.965137597496	0.244842046291	-0.652005403280
-0.608206363286	-0.139908023814	0.781351882656	1.342544479862
0.000000000000	0.000000000000	0.000000000000	1.000000000000
18	61	66
0.917974667538	0.234873749500	-0.319619823468	1.552681080892
-0.158399821306	0.955857795908	0.247478020461	-0.711562661989
0.363637190574	-0.176550830632	0.914657202363	1.919666141058
0.000000000000	0.000000000000	0.000000000000	1.000000000000
18	65	66
0.564317141742	0.275236579630	-0.778325760058	0.616873124803
-0.210816841475	0.959573585442	0.186480008239	-0.456136663870
0.798186959858	0.058850313132	0.599528329404	1.648582783457
0.000000000000	0.000000000000	0.000000000000	1.000000000000
19	22	66
0.999796634590	-0.012319492766	-0.015966200549	-1.376915991212
0.012933485464	0.999157812004	0.038940873976	0.114352418355
0.015473022192	-0.039139453372	0.999113951846	-0.298459082962
0.000000000000	0.000000000000	0.000000000000	1.000000000000
19	23	66
0.997620252816	0.012766923897	-0.067755714345	-1.754501375938
-0.030742335164	0.961980792213	-0.271381399956	0.224342604742
0.061714990083	0.272818549713	0.960084006185	-0.188306528490
0.000000000000	0.000000000000	0.000000000000	1.000000000000
19	24	66
0.968589751471	0.096488956930	-0.229180659167	-1.728235365132
-0.062747662392	0.986660933870	0.150209628317	-0.295843796553
0.240617173556	-0.131110955932	0.961724125217	0.139687942650
0.000000000000	0.000000000000	0.000000000000	1.000000000000
19	33	66
0.998351068198	0.052297937345	0.023665806067	-0.244422525529
-0.056205627594	0.974358723039	0.217866946242	0.151698547678
-0.011664992675	-0.218837849988	0.975691510345	-0.344009963667
0.000000000000	0.000000000000	0.000000000000	1.000000000000
19	34	66
0.559727183545	-0.366330773430	0.743308310487	-2.624250276621
0.226541844006	0.930456808090	0.287973820325	-0.095597716867
-0.797109950330	0.007203659938	0.603791217531	0.611013082557
0.000000000000	0.000000000000	0.000000000000	1.000000000000
19	62	66
0.913947743918	0.145993477734	-0.378662680820	2.393705247983
-0.085950576398	0.981519590193	0.170973075320	-0.365478621364
0.396625793165	-0.123714180782	0.909605838630	1.107076991153
0.000000000000	0.000000000000	0.000000000000	1.000000000000
20	24	66
0.995120962589	-0.080530533155	-0.057000903906	-1.514451916908
0.081996479109	0.996346957350	0.023860385432	-0.376373246116
0.054871187612	-0.028417843146	0.998088963450	0.418347097631
0.000000000000	0.000000000000	0.000000000000	1.000000000000
20	25	66
0.997523506461	-0.058029061649	0.039742698214	-0.270885235231
0.053611946368	0.993089946883	0.104394044876	-0.282713493637
-0.045525962524	-0.102004830293	0.993741616988	0.076952661467
0.000000000000	0.000000000000	0.000000000000	1.000000000000
20	32	66
0.989068045988	0.072463224002	-0.128426950335	-0.157968020375
-0.024961217844	0.940633865284	0.338503868639	-0.439981832060
0.145331820359	-0.331597666830	0.932159669447	0.268707341758
0.000000000000	0.000000000000	0.000000000000	1.000000000000
20	33	66
0.953105626224	-0.076756716773	0.292742329858	-0.012413902258
0.017704938485	0.979787564178	0.199255775915	-0.238586676075
-0.302119513461	-0.184728816140	0.935200012871	0.571982075050
0.000000000000	0.000000000000	0.000000000000	1.000000000000
20	35	66
0.047116712158	-0.447311066264	0.893136509965	-2.270412551017
0.342230258569	0.847243364775	0.406272237501	-0.193580761410
-0.938434049657	0.286516126671	0.193002703615	0.755260891504
0.000000000000	0.000000000000	0.000000000000	1.000000000000
20	63	66
0.791237736343	0.365107648957	-0.490549945734	2.943789285861
-0.271754684754	0.928572263652	0.252790313283	-0.693616166932
0.547806750506	-0.066707989392	0.833941129967	0.931089183265
0.000000000000	0.000000000000	0.000000000000	1.000000000000
21	25	66
0.976883359683	0.009385611365	0.213566879157	-0.667251937278
-0.025746035752	0.996929273557	0.073953804290	-0.312479069648
-0.212216972028	-0.077742741302	0.974125260405	0.350587329312
0.000000000000	0.000000000000	0.000000000000	1.000000000000
21	32	66
0.971265352602	0.197324551508	-0.133066285011	0.207678791399
-0.172766921528	0.969103035771	0.176042315610	-0.096009527997
0.163692411737	-0.147994349324	0.975347357052	0.440502514207
0.000000000000	0.000000000000	0.000000000000	1.000000000000
21	35	66
0.051969402048	-0.408242043069	0.911393227713	-1.981181448242
0.425205850098	0.834813939259	0.349693682900	-0.224220678458
-0.903603434197	0.369356360563	0.216971686214	0.925365546101
0.000000000000	0.000000000000	0.000000000000	1.000000000000
21	47	66
-0.715098723279	-0.412230766892	0.564534862336	-1.739011383392
-0.218731592697	-0.635091679327	-0.740820524288	1.484277767605
0.663920406616	-0.653241420669	0.363985356851	1.617304451125
0.000000000000	0.000000000000	0.000000000000	1.000000000000
21	48	66
-0.761045776426	-0.481159119082	0.435080714704	-1.832891234788
-0.194351455401	-0.470766438551	-0.860584959267	1.623191080592
0.618899699440	-0.739503118626	0.264760834669	1.366532572496
0.000000000000	0.000000000000	0.000000000000	1.000000000000
21	63	66
-0.472556461833	-0.416595786133	0.776619817772	-0.776607652543
-0.306644145833	-0.748433159802	-0.588062218761	1.811509051365
0.826232266500	-0.516038522093	0.225930266918	3.233080055182
0.000000000000	0.000000000000	0.000000000000	1.000000000000
21	64	66
0.766090017145	0.399977970490	-0.503114011685	2.559193145692
-0.368089808947	0.914721185059	0.166718463746	-0.795304798228
0.526892757760	0.057469789690	0.847986583085	1.137510580845
0.000000000000	0.000000000000	0.000000000000	1.000000000000
21	65	66
0.805813014635	0.171484018154	-0.566796803946	2.035569580479
-0.141773463212	0.985183498675	0.096507818684	-0.746744014400
0.574948406881	0.002589489523	0.818185568175	1.560756381476
0.000000000000	0.000000000000	0.000000000000	1.000000000000
22	25	66
0.341645446081	0.847401752339	-0.406434077439	1.392221429463
-0.664725901874	0.523591802435	0.532908153251	-1.497628209254
0.664392854078	0.088101614940	0.742172648980	1.003735751322
0.000000000000	0.000000000000	0.000000000000	1.000000000000
22	26	66
0.998876272910	-0.042896577385	0.020151304349	0.324767909912
0.045552521826	0.986330264105	-0.158359015739	-0.327771332216
-0.013082781567	0.159099006154	0.987175945345	0.801340495918
0.000000000000	0.000000000000	0.000000000000	1.000000000000
22	27	66
-0.681176322266	-0.229003144331	0.695382181157	-0.985462553817
-0.314306699786	-0.766364552608	-0.560264822182	1.521204838786
0.661218660092	-0.600202409519	0.450052164925	1.866000332572
0.000000000000	0.000000000000	0.000000000000	1.000000000000
22	32	66
-0.571504760760	-0.399247873935	0.716926386449	-1.303879778890
-0.201853920006	-0.778421210027	-0.594403410789	1.430390943030
0.795385003257	-0.484418780539	0.364281678999	1.591390679714
0.000000000000	0.000000000000	0.000000000000	1.000000000000
22	35	66
0.063849207058	-0.415463212462	0.907366297505	-1.431486695949
0.242755167963	0.888377376316	0.389686496657	-0.253298917669
-0.967984094490	0.195386684142	0.157578032969	0.912522371363
0.000000000000	0.000000000000	0.000000000000	1.000000000000
22	48	66
0.887875063562	0.289394978828	-0.357670823152	-0.130537619103
-0.122696665255	0.898184267163	0.422149914790	0.001012313800
0.443422371831	-0.330931365166	0.832983212141	0.443474413564
0.000000000000	0.000000000000	0.000000000000	1.000000000000
22	64	66
0.667576603368	0.338015198426	-0.663390687506	4.418715118210
-0.194670678823	0.939253817894	0.282675772535	-0.766221397202
0.718640943338	-0.059565016621	0.692825521580	1.452657902270
0.000000000000	0.000000000000	0.000000000000	1.000000000000
23	26	66
0.893804675698	-0.113734218195	0.433794570403	-1.189441193035
0.065726806182	0.990083120377	0.124158776146	-0.052123895092
-0.443613783204	-0.082461762997	0.892416309238	1.140529205968
0.000000000000	0.000000000000	0.000000000000	1.000000000000
23	28	66
0.952598512795	0.162745512843	-0.257040797287	-0.169508907172
-0.013625556001	0.866863856949	0.498358703886	0.062868529087
0.303925019773	-0.471233436382	0.827990719025	0.699126736899
0.000000000000	0.000000000000	0.000000000000	1.000000000000
23	31	66
-0.520050275952	-0.554899444289	0.649333748707	-0.259372413244
-0.251501030900	0.826002205471	0.504447805043	0.251295995380
-0.816268915210	0.099030113018	-0.569120457177	3.606584009848
0.000000000000	0.000000000000	0.000000000000	1.000000000000
23	34	66
0.404466184831	-0.364960569277	0.838576703827	-1.086909788836
0.075776490384	0.927145910152	0.366958287539	0.250126755232
-0.911408266823	-0.084877819020	0.402654600129	1.138852133825
0.000000000000	0.000000000000	0.000000000000	1.000000000000
23	64	66
0.614523854226	0.334453357394	-0.714493795855	0.758671814047
0.101052673476	0.864852844968	0.491749848738	-0.113528074076
0.782399379965	-0.374393520615	0.497675297711	2.299872036938
0.000000000000	0.000000000000	0.000000000000	1.000000000000
24	28	66
0.975750333831	0.092248819913	-0.198497962846	-0.873093792911
-0.042204439260	0.969126907749	0.242923489980	-0.155789946885
0.214779122207	-0.228655181227	0.949519213477	0.493295739410
0.000000000000	0.000000000000	0.000000000000	1.000000000000
24	29	66
0.709683602580	0.377874998235	-0.594608837757	-0.468686207106
-0.185231769969	0.914376014555	0.360007910192	-0.151533266963
0.679734047715	-0.145351263205	0.718912118872	0.405965772978
0.000000000000	0.000000000000	0.000000000000	1.000000000000
24	31	66
0.735186729855	0.344096440155	-0.584036053783	-0.553645707299
-0.142824175075	0.920871750171	0.362762284081	-0.100917882082
0.662647513585	-0.183283549752	0.726157980835	0.307130694380
0.000000000000	0.000000000000	0.000000000000	1.000000000000
24	34	66
0.410454965723	-0.437422379072	0.800117730962	-0.490435236030
0.302338557888	0.893085855232	0.333150193755	-0.182236880075
-0.860301178383	0.105163289561	0.498821175373	0.686388415730
0.000000000000	0.000000000000	0.000000000000	1.000000000000
24	65	66
0.837114484363	0.183333348985	-0.515391330175	3.359913621652
-0.151092150552	0.983005778992	0.104263131116	-0.288474414472
0.525747565008	-0.009408592791	0.850588605773	0.832731359416
0.000000000000	0.000000000000	0.000000000000	1.000000000000
25	29	66
0.743876846395	0.370781570706	-0.556029013831	-0.049306403278
-0.239541514161	0.924628853443	0.296110361813	0.076455240617
0.623912734596	-0.087077610240	0.776627574455	-0.024393481071
0.000000000000	0.000000000000	0.000000000000	1.000000000000
25	31	66
