0	30	60
0.864078873798	-0.462743235285	-0.198081796374	-0.556119574548
-0.108786032081	0.212543362259	-0.971077194863	3.253498965169
0.491460373866	0.860635821563	0.133314228655	0.634499755184
0.000000000000	0.000000000000	0.000000000000	1.000000000000
0	31	60
0.985933202773	0.023609371100	0.165463945520	1.415415345957
-0.085131934033	0.922869031696	0.375586613371	-0.725978576080
-0.143834187447	-0.384389578334	0.911897131583	-0.242413421902
0.000000000000	0.000000000000	0.000000000000	1.000000000000
0	33	60
0.041760978242	-0.451532171522	0.891277015735	-2.722175395142
0.189606911469	0.879426431951	0.436644443352	-0.926865326087
-0.980971579517	0.150757583118	0.122339328561	0.920047829108
0.000000000000	0.000000000000	0.000000000000	1.000000000000
0	34	60
0.723057992963	-0.294487565727	0.624871356716	-1.372510959632
0.166992437618	0.952264916652	0.255548536081	-0.694142561581
-0.670298936736	-0.080427620547	0.737719955853	0.212400604674
0.000000000000	0.000000000000	0.000000000000	1.000000000000
0	35	60
0.486332442580	-0.225730957194	0.844112723668	-2.236541374768
0.298899813269	0.950751625253	0.082038093025	-1.293810597433
-0.821060081189	0.212407349317	0.529852301150	2.065576922645
0.000000000000	0.000000000000	0.000000000000	1.000000000000
0	36	60
0.389363553377	-0.488276875030	0.781013262764	-1.732332647440
0.368304970610	0.859724285796	0.353872294813	-0.910689150894
-0.844243727798	0.149866092639	0.514580102950	1.527717530120
0.000000000000	0.000000000000	0.000000000000	1.000000000000
0	37	60
0.248471982256	-0.571283403811	0.782238420537	-1.324882616011
0.151340312766	0.820542764101	0.551185705560	-1.007965091694
-0.956743321777	-0.018569997630	0.290340096133	1.672729900406
0.000000000000	0.000000000000	0.000000000000	1.000000000000
0	38	60
-0.311927482419	-0.516331422459	0.797560723640	-1.350380806498
0.271891675738	0.755827235715	0.595650993801	-1.218014736136
-0.910371441982	0.402650036550	-0.095377071091	2.020377030259
0.000000000000	0.000000000000	0.000000000000	1.000000000000
0	41	60
0.867665061348	0.063398195795	-0.493090265658	1.348665325751
-0.216509429428	0.941025541462	-0.259989609955	0.346569444611
0.447527662034	0.332342592945	0.830221291361	0.652972196002
0.000000000000	0.000000000000	0.000000000000	1.000000000000
0	42	60
0.629353632718	-0.745080522212	0.220837090193	0.167519303417
0.777106043458	0.601753388622	-0.184388330712	1.087310850754
0.004494686379	0.287659303173	0.957722257804	-0.096448667115
0.000000000000	0.000000000000	0.000000000000	1.000000000000
0	47	60
0.958477767115	-0.241994263922	0.150861347519	0.684018684421
0.237066666521	0.970200149724	0.050110528837	0.111832793573
-0.158492162491	-0.012265631026	0.987284046627	-0.162158446303
0.000000000000	0.000000000000	0.000000000000	1.000000000000
0	49	60
-0.425615977810	-0.207503787157	0.880791245273	-1.997016725347
0.445437522910	0.799217539634	0.403530342757	-1.441734127368
-0.787677886332	0.564086431903	-0.247729781668	4.053142210847
0.000000000000	0.000000000000	0.000000000000	1.000000000000
0	50	60
-0.127153406062	-0.356255115656	0.925696658683	-2.104982810545
0.162556924529	0.913168592734	0.373762447996	-1.248402046450
-0.978471899246	0.198003570203	-0.058200760926	4.012360747382
0.000000000000	0.000000000000	0.000000000000	1.000000000000
0	51	60
-0.781432642597	0.082096012140	-0.618565493601	2.144279265463
-0.357756283957	0.753252762472	0.551924557451	-0.968010377712
0.511246971994	0.652587557818	-0.559245932491	2.331351001337
0.000000000000	0.000000000000	0.000000000000	1.000000000000
1	3	60
0.917021188279	0.000915785161	-0.398837437543	0.012536713895
-0.031437333774	0.997052029120	-0.069992465835	-0.069016013856
0.397597578329	0.076722959836	0.914346626363	-0.089756032445
0.000000000000	0.000000000000	0.000000000000	1.000000000000
1	31	60
0.212961353123	-0.541736890636	0.813122748052	-3.547261150562
0.207883105556	0.838281215775	0.504052792575	-0.544911261112
-0.954689518378	0.061690717311	0.291139449228	0.872841025117
0.000000000000	0.000000000000	0.000000000000	1.000000000000
1	33	60
0.013293812280	-0.473876153902	0.880491150051	-2.933876909522
0.103924138015	0.876454835092	0.470134763213	-0.775344337029
-0.994496379125	0.085254400510	0.060898596870	0.972240012428
0.000000000000	0.000000000000	0.000000000000	1.000000000000
1	35	60
0.696589455596	-0.183924514109	0.693494703269	-2.315942548540
0.172921661802	0.981128499924	0.086515695201	-0.832351752346
-0.696319775126	0.059654335520	0.715248300258	1.589672177647
0.000000000000	0.000000000000	0.000000000000	1.000000000000
1	36	60
0.409447000673	-0.441482830936	0.798402194154	-2.021070496903
0.232338065777	0.896724987640	0.376700570391	-0.596884174788
-0.882254031915	0.031260302804	0.469734623631	1.632363968256
0.000000000000	0.000000000000	0.000000000000	1.000000000000
1	37	60
0.126020496633	-0.668663465668	0.732808299700	-1.614317488915
0.216272861825	0.739447469246	0.637529206753	-0.899840364894
-0.968165731508	0.078144800892	0.237799298626	2.032829122999
0.000000000000	0.000000000000	0.000000000000	1.000000000000
1	38	60
-0.338116107797	-0.506280776728	0.793320409900	-1.616670642090
0.146141782770	0.804495765388	0.575698829946	-0.929682003355
-0.929688161147	0.310590306656	-0.198024201639	2.242455564846
0.000000000000	0.000000000000	0.000000000000	1.000000000000
1	39	60
-0.611084784327	-0.329325416815	0.719805637796	-1.686247790830
0.119145314295	0.860717247403	0.494944657618	-0.746319390198
-0.782546982900	0.388214618301	-0.486733633204	1.956389266163
0.000000000000	0.000000000000	0.000000000000	1.000000000000
1	47	60
0.340846597200	-0.308174357469	0.888173498015	-2.340162868690
0.497456717365	0.860769612477	0.107761257344	0.689456762261
-0.797722013941	0.405097814897	0.446693797629	0.032017451779
0.000000000000	0.000000000000	0.000000000000	1.000000000000
1	48	60
0.557587725198	-0.457463810950	0.692692421194	-0.649841531735
0.476633672467	0.859622422596	0.184037042032	0.326366858456
-0.679644223825	0.227543736985	0.697357567379	-0.033444468480
0.000000000000	0.000000000000	0.000000000000	1.000000000000
1	49	60
0.375465018673	0.239697178395	-0.895305133696	1.388680112792
-0.177036568387	0.966741335036	0.184578559389	-0.005309526354
0.909771440092	0.089198956281	0.405412719327	0.437006846860
0.000000000000	0.000000000000	0.000000000000	1.000000000000
1	50	60
0.001017768272	-0.358537581869	0.933514738253	-2.543224545745
0.150615575746	0.922921010403	0.354304610328	-0.817585083254
-0.988591883686	0.140241259778	0.054940664041	3.791198693532
0.000000000000	0.000000000000	0.000000000000	1.000000000000
1	51	60
0.634843530696	0.014440767900	0.772505764222	-2.317620220104
-0.612876787591	0.618236075387	0.492103849124	-0.247298764368
-0.470484574419	-0.785859796218	0.401333584343	0.919997384692
0.000000000000	0.000000000000	0.000000000000	1.000000000000
2	3	60
0.819186373643	0.100610138675	-0.564633762039	-0.185204586596
-0.176552558190	0.980922895929	-0.081360103488	-0.187802310624
0.545676533703	0.166336623264	0.821321647302	0.052949503637
0.000000000000	0.000000000000	0.000000000000	1.000000000000
2	31	60
0.454339664351	-0.375459279263	0.807840206360	-3.816413318944
0.258895549259	0.923351793774	0.283539343847	0.069061800421
-0.852378181309	0.080323063625	0.516720080390	0.211965529585
0.000000000000	0.000000000000	0.000000000000	1.000000000000
2	33	60
0.194366129043	-0.394181649110	0.898244195854	-3.353757434313
0.237848610329	0.907319610067	0.346697510449	-0.510356488157
-0.951656369939	0.146259880665	0.270107757872	0.485729045054
0.000000000000	0.000000000000	0.000000000000	1.000000000000
2	35	60
0.876464540640	-0.172253349797	0.449598367974	-2.585745803166
0.197798537374	0.980191087870	-0.010058323592	-0.918080816233
-0.438959733477	0.097745663558	0.893174192216	0.940243184662
0.000000000000	0.000000000000	0.000000000000	1.000000000000
2	37	60
0.367844151548	-0.593873405412	0.715545287537	-2.194072742350
0.342488014260	0.801928143072	0.489503026994	-0.908876737185
-0.864518733320	0.065004858997	0.498379100732	1.580569797120
0.000000000000	0.000000000000	0.000000000000	1.000000000000
2	39	60
-0.457367897649	-0.275868470658	0.845405933914	-2.312443085499
0.319064799772	0.836462306520	0.445565330023	-0.725822138843
-0.830067623599	0.473526553288	-0.294551088242	1.744923903019
0.000000000000	0.000000000000	0.000000000000	1.000000000000
2	48	60
0.622746413986	0.062387129639	-0.779932529084	1.131794580506
-0.116832578883	0.993055026229	-0.013851476215	-0.043042283143
0.773651764283	0.099747485869	0.625710305720	1.089218269996
0.000000000000	0.000000000000	0.000000000000	1.000000000000
2	49	60
-0.137783741686	0.215750289879	-0.966678567541	1.376409656568
-0.312446312131	0.916686022494	0.249126550571	-0.263051499794
0.939889856612	0.336360741735	-0.058894047717	1.507904749393
0.000000000000	0.000000000000	0.000000000000	1.000000000000
2	50	60
0.437104585993	0.359242694626	-0.824550948857	0.525911660259
-0.443330753448	0.883717280295	0.150005371758	0.197208090088
0.782558255947	0.299980757494	0.545540210417	0.051673021750
0.000000000000	0.000000000000	0.000000000000	1.000000000000
2	51	60
0.711004001773	0.157790089972	0.685255862412	-2.551343767052
-0.575307134322	0.690883088156	0.437838166105	-0.428255774953
-0.404345162777	-0.705537274711	0.581998404922	0.635175063214
0.000000000000	0.000000000000	0.000000000000	1.000000000000
3	24	60
-0.542254880349	-0.821321519795	-0.177173942382	-0.125903743790
0.599415856671	-0.525915947195	0.603417804889	-0.790868360821
-0.588778630309	0.221005379138	0.777493631410	0.355530217127
0.000000000000	0.000000000000	0.000000000000	1.000000000000
3	25	60
0.424993971850	0.883891125279	-0.195234737034	0.570071608467
0.716236172824	-0.460249832401	-0.524572050831	1.425113532997
-0.553521335298	0.083105778548	-0.828678201078	4.832794286116
0.000000000000	0.000000000000	0.000000000000	1.000000000000
3	26	60
0.505144466885	0.109343619129	-0.856080043297	0.644887362185
0.755344345545	0.423814901732	0.499835821769	1.021526012305
0.417473337147	-0.899124519756	0.131495668163	2.166781866481
0.000000000000	0.000000000000	0.000000000000	1.000000000000
3	29	60
-0.080087963506	0.664599252760	0.742895518449	-0.950090500656
-0.710502911676	0.484665752400	-0.510181066829	1.174072589044
-0.699121971191	-0.568688791591	0.433383811093	1.517217745490
0.000000000000	0.000000000000	0.000000000000	1.000000000000
3	30	60
0.604290661633	0.773294159037	-0.191960776887	0.915948171690
-0.343620723027	0.470304460987	0.812858236522	-1.808206095551
0.718858536132	-0.425240940615	0.549920491940	2.754348619851
0.000000000000	0.000000000000	0.000000000000	1.000000000000
3	32	60
-0.456702337500	-0.514444684886	0.725788978364	-2.954754083718
0.322190318932	0.664809307752	0.673959926637	-0.266463268930
-0.829226370365	0.541641256293	-0.137870867746	1.755629614527
0.000000000000	0.000000000000	0.000000000000	1.000000000000
3	33	60
-0.447829651421	-0.390529434348	0.804322922846	-2.271637736668
0.097014544770	0.873036181113	0.477907945708	-0.581303262093
-0.888840132651	0.292052370946	-0.353084453374	2.296310574600
0.000000000000	0.000000000000	0.000000000000	1.000000000000
3	34	60
0.059294810401	-0.365467313208	0.928933672786	-1.515077188208
0.139425643883	0.924481516328	0.354816030918	-0.506998739093
-0.988455671888	0.108478426172	0.105772471693	2.280527785619
0.000000000000	0.000000000000	0.000000000000	1.000000000000
3	35	60
0.353845735068	-0.123179692345	0.927156922623	-1.479248390814
0.153097944958	0.985547359591	0.072508077149	-0.528614363502
-0.922688579654	0.116289145651	0.367590287657	2.415909472486
0.000000000000	0.000000000000	0.000000000000	1.000000000000
3	36	60
0.004431930774	-0.455227370288	0.890364194771	-1.121293107415
0.166645544056	0.878258709966	0.448208546344	-0.458584670143
-0.986006906992	0.146388796396	0.079753994595	2.407708819566
0.000000000000	0.000000000000	0.000000000000	1.000000000000
3	37	60
-0.173101785139	-0.591771148271	0.787300882798	-0.696314901177
0.242984000325	0.749000219406	0.616406884221	-0.629528431779
-0.954460343633	0.298002649993	0.014137645835	2.385774083716
0.000000000000	0.000000000000	0.000000000000	1.000000000000
3	38	60
-0.658649243038	-0.374842813140	0.652437000853	-0.560710293456
0.116733953769	0.805682180407	0.580731786811	-0.691134563862
-0.743340002073	0.458660102486	-0.486905074635	2.639577946990
0.000000000000	0.000000000000	0.000000000000	1.000000000000
3	40	60
-0.829939057831	0.391481719026	0.397420714048	-1.090696860074
0.525206929054	0.788472787533	0.320106771239	0.165395629016
-0.188039469153	0.474397224896	-0.859993273841	2.561116814058
0.000000000000	0.000000000000	0.000000000000	1.000000000000
3	41	60
-0.999788795601	0.002728463341	-0.020369577255	-0.364680639112
-0.009603215750	0.814261995278	0.580418109033	-0.444177186689
0.018169822152	0.580491135621	-0.814063817541	3.183797035660
0.000000000000	0.000000000000	0.000000000000	1.000000000000
3	42	60
-0.961374091701	0.200414209140	-0.188663723543	-0.338098869284
0.050791338116	0.802840645793	0.594026209384	-0.457817876288
0.270518198609	0.561498924520	-0.782009502490	3.607783569275
0.000000000000	0.000000000000	0.000000000000	1.000000000000
3	44	60
-0.809701015407	0.228071920563	-0.540710148507	-0.134664067094
0.026664861926	0.934735603978	0.354342116880	-0.430676196353
0.586236514375	0.272493210387	-0.762937873949	3.833940103427
0.000000000000	0.000000000000	0.000000000000	1.000000000000
3	45	60
0.630021282039	-0.576257234401	0.520577356382	-2.013336015512
0.562704455949	0.800739027289	0.205379418228	0.198133364893
-0.535197981529	0.163537793725	0.828745142122	-0.652553851345
0.000000000000	0.000000000000	0.000000000000	1.000000000000
3	46	60
-0.851748547306	0.041744263668	-0.522285198538	-0.041129540022
0.147682297525	-0.937277309268	-0.315754943791	2.508356673971
-0.502707023185	-0.346076092762	0.792159697826	0.873839440258
0.000000000000	0.000000000000	0.000000000000	1.000000000000
3	48	60
-0.839001644536	-0.111868185059	0.532505163954	-0.936150331691
0.062933073426	0.952120254239	0.299176285385	-0.252765020595
-0.540477260146	0.284521582027	-0.791790250398	4.103154985950
0.000000000000	0.000000000000	0.000000000000	1.000000000000
3	49	60
0.499261985186	0.318410588042	-0.805823906056	1.985910923665
0.002908653766	0.929407010982	0.369044912810	-0.282204450537
0.866446195607	-0.186593958531	0.463091443193	0.369526278583
0.000000000000	0.000000000000	0.000000000000	1.000000000000
4	8	60
0.956542752862	0.276967277221	0.091187111460	0.465909192944
-0.268439983928	0.958547048130	-0.095538115696	-0.003363372326
-0.113868068292	0.066908025456	0.991240323611	1.476820395621
0.000000000000	0.000000000000	0.000000000000	1.000000000000
4	24	60
-0.354692057423	-0.930577193172	0.090662185884	0.217881921148
-0.526760615585	0.118775503135	-0.841674303827	1.491915746655
0.772474464477	-0.346292459351	-0.532320142703	5.033883555850
0.000000000000	0.000000000000	0.000000000000	1.000000000000
4	25	60
-0.707547989114	-0.666034068045	0.236166177309	0.713719194969
-0.428005878205	0.669827409057	0.606747237570	-1.210780668216
-0.562304909567	0.328222275722	-0.759001532539	5.426878000977
0.000000000000	0.000000000000	0.000000000000	1.000000000000
4	26	60
-0.617198656816	0.736496717407	-0.276836419704	1.949008760061
0.662485638211	0.676265154489	0.322146271106	-1.237399897782
0.424474495334	0.015428093637	-0.905308442873	4.912259968247
0.000000000000	0.000000000000	0.000000000000	1.000000000000
4	29	60
0.454439851918	-0.734187093408	-0.504434071868	1.411701909193
-0.836052371570	-0.546969509993	0.042904395242	-0.611083155072
-0.307409910350	0.402235835065	-0.862383603745	5.536369852995
0.000000000000	0.000000000000	0.000000000000	1.000000000000
4	30	60
-0.692124933776	0.039812469313	-0.720678876707	1.961083800996
-0.527094590273	-0.709995186177	0.466988360144	-0.967392994035
-0.493086573484	0.703080225076	0.512390308415	2.020254611730
0.000000000000	0.000000000000	0.000000000000	1.000000000000
4	31	60
0.991593940943	-0.041038232902	0.122708270814	1.788677639123
0.010394254050	0.970568820221	0.240599511010	0.121243030626
-0.128970600404	-0.237301556371	0.962836723217	-0.018692171459
0.000000000000	0.000000000000	0.000000000000	1.000000000000
4	32	60
-0.082163104353	0.201266102452	-0.976084617380	0.592157965772
-0.874495241277	0.455203993497	0.167473571908	0.655731387502
0.478024368904	0.867341501548	0.138605275605	1.575583504086
0.000000000000	0.000000000000	0.000000000000	1.000000000000
4	42	60
0.942759710662	0.095657591305	-0.319458531234	-1.600205713244
0.042483528990	0.915716443408	0.399572953334	-0.394183497111
0.330755616305	-0.390273007646	0.859236697183	0.325859110436
0.000000000000	0.000000000000	0.000000000000	1.000000000000
4	44	60
0.080547010098	-0.516423899572	0.852536530077	-2.117143796661
0.703248120714	0.635579741942	0.318559998030	-0.150779833555
-0.706366944213	0.573885657239	0.414368184758	0.429581574810
0.000000000000	0.000000000000	0.000000000000	1.000000000000
4	45	60
0.032667979587	-0.449166347467	0.892850712836	-2.154901392513
0.721505905627	0.628786729641	0.289924950241	-0.125711434158
-0.691637210722	0.634725799799	0.344617364355	0.598755201293
0.000000000000	0.000000000000	0.000000000000	1.000000000000
4	47	60
0.606280083357	0.093087812676	-0.789784223478	-0.103018785621
0.007149877977	0.992447288962	0.122463291956	0.106465364068
0.795219051437	-0.079893915681	0.601035458578	0.261273685450
0.000000000000	0.000000000000	0.000000000000	1.000000000000
5	6	60
0.912128144695	-0.082231911179	0.401572111132	0.069113568698
0.060559621057	0.995954148946	0.066391757736	-0.028064789726
-0.405406931308	-0.036238735930	0.913417743459	-0.077538232522
0.000000000000	0.000000000000	0.000000000000	1.000000000000
5	11	60
0.692500987780	0.231594442322	-0.683232314963	2.001475851381
-0.105100932207	0.969353338294	0.222053821377	-0.116415309409
0.713719956267	-0.081964137427	0.695618936058	1.913313832160
0.000000000000	0.000000000000	0.000000000000	1.000000000000
5	15	60
0.894642295811	0.095162576675	-0.436530922785	1.721239603094
0.102252217464	0.907510041369	0.407394168881	0.126559207183
0.434924874628	-0.409108309394	0.802166282397	0.195402045660
0.000000000000	0.000000000000	0.000000000000	1.000000000000
5	40	60
0.428396187404	-0.464128450537	0.775281554030	-0.582572883698
0.802071102688	0.590450712600	-0.089721247332	-0.096330482044
-0.416123362539	0.660267171221	0.625210852239	0.998372806801
0.000000000000	0.000000000000	0.000000000000	1.000000000000
6	8	60
0.960016307265	0.196848865093	0.199045758800	0.305662919588
-0.233403222476	0.955412658460	0.180857921564	-0.320551713547
-0.154569160967	-0.220084475524	0.963156891743	1.555518513028
0.000000000000	0.000000000000	0.000000000000	1.000000000000
6	9	60
0.988092189252	0.069485183152	0.137279404357	0.537401038735
-0.092121670086	0.981793432889	0.166118189963	-0.233107504273
-0.123237264814	-0.176786493993	0.976503513615	2.033250693092
0.000000000000	0.000000000000	0.000000000000	1.000000000000
6	10	60
0.676821370878	0.276374243949	-0.682297669060	1.380421656864
-0.175777204407	0.960713371479	0.214784059632	-0.302263293975
0.714853276088	-0.025438064842	0.698811633076	2.124901219101
0.000000000000	0.000000000000	0.000000000000	1.000000000000
6	24	60
0.984628412050	0.141780095810	-0.102006345958	1.710402984430
-0.130850153379	0.985623504178	0.106885664953	-0.241626669552
0.115694111969	-0.091895116540	0.989024853081	1.134386035408
0.000000000000	0.000000000000	0.000000000000	1.000000000000
6	25	60
-0.959010735938	0.124646212303	-0.254483260970	1.976521843052
0.057079643009	0.964625084776	0.257372026792	-0.580723302089
0.277561385480	0.232296723136	-0.932200573756	5.211211880612
0.000000000000	0.000000000000	0.000000000000	1.000000000000
6	26	60
-0.824139097144	-0.156484297270	0.544341265446	0.283762060038
0.337174992531	0.636672108610	0.693513987263	-1.608474465525
-0.455090950219	0.755090253431	-0.471943785003	4.827880680269
0.000000000000	0.000000000000	0.000000000000	1.000000000000
6	29	60
0.837669959276	0.347636547316	0.421257486933	0.061975538474
-0.430401738557	0.894985987344	0.117279264597	0.344841354714
-0.336248989252	-0.279551271555	0.899326249922	1.119774952513
0.000000000000	0.000000000000	0.000000000000	1.000000000000
6	30	60
0.176638653724	-0.300594616570	-0.937252187247	2.594797257642
0.947623135990	-0.205498974918	0.244500640989	-0.124420175309
-0.266099940148	-0.931350120952	0.248551350945	3.008740491705
0.000000000000	0.000000000000	0.000000000000	1.000000000000
6	31	60
0.995858238178	0.032817479097	0.084790226554	1.918661177813
-0.059273451971	0.941498410345	0.331764074621	-0.057414071310
-0.068942202930	-0.335415796264	0.939544153445	-0.018880527986
0.000000000000	0.000000000000	0.000000000000	1.000000000000
6	42	60
-0.968118488568	0.154584204303	-0.197104834725	1.248187886011
0.011743246784	-0.757994803259	-0.652154869941	2.687377267482
-0.250217282071	-0.633677837716	0.732013462813	1.351495629104
0.000000000000	0.000000000000	0.000000000000	1.000000000000
6	43	60
0.082852896091	0.644772289052	-0.759871102806	1.789128643340
0.014054762966	0.761660867199	0.647823422713	-1.160544155148
0.996462674287	-0.064353854962	0.054043686998	2.745464951689
0.000000000000	0.000000000000	0.000000000000	1.000000000000
6	44	60
-0.159624829129	0.236920998791	-0.958325807989	2.374464754612
-0.138818511862	0.955739963207	0.259404208705	-0.341668905753
0.977368576684	0.174440715034	-0.119670807838	2.730811847712
0.000000000000	0.000000000000	0.000000000000	1.000000000000
6	45	60
-0.007514246164	-0.432020751722	0.901832360356	-2.321969632827
0.546713292370	0.753359489696	0.365450482598	-0.310081517595
-0.837286158999	0.495789823783	0.230530558891	0.883655704654
0.000000000000	0.000000000000	0.000000000000	1.000000000000
6	46	60
-0.884717065676	-0.266729943680	0.382270651302	-0.188480643742
0.038877627180	0.775015278338	0.630745470414	-0.963730849279
-0.464504299019	0.572893057636	-0.675299415597	3.495718085256
0.000000000000	0.000000000000	0.000000000000	1.000000000000
6	47	60
-0.974490033962	-0.043782016794	0.220118851337	0.280049975133
-0.064239903648	-0.885336327253	-0.460491935244	2.565133426380
0.215040481044	-0.462885215416	0.859938875073	0.510153936507
0.000000000000	0.000000000000	0.000000000000	1.000000000000
7	9	60
0.944714079686	0.143222905097	-0.294961873974	0.538452839227
-0.108353699175	0.985386139416	0.131429190528	-0.329136265182
0.309475012752	-0.092202796613	0.946426891407	1.543129808750
0.000000000000	0.000000000000	0.000000000000	1.000000000000
7	10	60
0.607527281053	0.285577817866	-0.741185477947	0.874124875800
-0.228913317386	0.956490184180	0.180901135127	-0.361011129052
0.760597985732	0.059764851792	0.646466446609	1.692123051093
0.000000000000	0.000000000000	0.000000000000	1.000000000000
7	24	60
0.414927145129	0.129853255888	0.900540724327	-1.630721522385
-0.005880383429	0.990125346655	-0.140061482934	0.309975685127
-0.909835636434	0.052819786504	0.411593470342	1.328713048610
0.000000000000	0.000000000000	0.000000000000	1.000000000000
7	25	60
0.402882333189	-0.117667068173	0.907656480543	-2.079120011049
0.061029647165	0.992948006217	0.101634832200	-0.441563923701
-0.913214765415	0.014447076425	0.407222389134	2.606363545226
0.000000000000	0.000000000000	0.000000000000	1.000000000000
7	26	60
-0.997868332035	0.050409038471	-0.041445394946	1.039733713800
-0.010988843889	-0.755810135957	-0.654698620507	2.653211174940
-0.064327577537	-0.652847583456	0.754752936757	1.636821687778
0.000000000000	0.000000000000	0.000000000000	1.000000000000
7	28	60
0.873349051974	0.486083557489	-0.031372098361	-0.838927118869
-0.481598024640	0.871349134051	0.093883061580	0.335465802490
0.072971063301	-0.066883942227	0.995088821258	0.828955936516
0.000000000000	0.000000000000	0.000000000000	1.000000000000
7	29	60
0.059542519662	-0.233351024342	0.970567868719	-2.221408185716
0.062441814582	0.971259528554	0.229686629964	0.005589143159
-0.996270900982	0.046927898217	0.072402100971	2.699570755356
0.000000000000	0.000000000000	0.000000000000	1.000000000000
7	30	60
-0.754148219307	0.452445449476	0.475976447490	-1.216323903362
0.018839574056	0.739403206064	-0.672999234257	1.084375973603
-0.656433952326	-0.498573980579	-0.566143490755	4.002921960631
0.000000000000	0.000000000000	0.000000000000	1.000000000000
7	31	60
0.989439115733	0.127459561619	0.069023882893	1.168794938495
-0.141153273769	0.955532690839	0.258907377342	-0.071812733437
-0.032954355737	-0.265916033533	0.963432755073	-0.329343962245
0.000000000000	0.000000000000	0.000000000000	1.000000000000
7	43	60
-0.207294511377	0.296899628306	-0.932137112374	1.862727976397
-0.270917634025	0.898145476345	0.346321149941	-0.656696365160
0.940017351503	0.324322854628	-0.105745282821	2.393123355993
0.000000000000	0.000000000000	0.000000000000	1.000000000000
7	44	60
-0.109915722684	0.227979633159	-0.967441895295	1.901909987059
-0.192190885498	0.950095066639	0.245727548070	-0.360435514746
0.975182648245	0.212942835554	-0.060614778296	2.069834163746
0.000000000000	0.000000000000	0.000000000000	1.000000000000
7	45	60
-0.058331749419	0.217264083242	-0.974368372405	1.897558681813
-0.212682438664	0.950918325522	0.224767698904	-0.368959456420
0.975378689173	0.220342134691	-0.009260474425	1.902013188678
0.000000000000	0.000000000000	0.000000000000	1.000000000000
7	47	60
0.681996179744	0.206518696727	-0.701591931764	2.109608548764
-0.148493693546	0.978422968918	0.143659725990	-0.095402669853
0.716122080229	0.006206593001	0.697947451039	0.992816948661
0.000000000000	0.000000000000	0.000000000000	1.000000000000
8	11	60
-0.739625063092	0.272859990003	-0.615225317994	1.679081319740
-0.096222485397	0.861864574341	0.497926388937	-0.900527229770
0.666105096325	0.427477346010	-0.611201373770	3.487860279261
0.000000000000	0.000000000000	0.000000000000	1.000000000000
8	25	60
0.554912952322	-0.166034758087	0.815171193340	-2.058618785389
0.179841289895	0.980652475855	0.077316440996	-0.271255995481
-0.812236865572	0.103697544359	0.574036665641	1.162926920803
0.000000000000	0.000000000000	0.000000000000	1.000000000000
8	30	60
-0.861868145885	0.098134833536	0.497546835540	-1.205360322764
-0.032554498164	0.968368788694	-0.247390569209	0.332554033999
-0.506086458778	-0.229415438738	-0.831411482186	3.379884978323
0.000000000000	0.000000000000	0.000000000000	1.000000000000
8	44	60
0.677277698343	0.534659907166	0.505404494436	-0.282880334808
0.486461646081	0.189922998360	-0.852809663164	2.600166556084
-0.551951072305	0.823448868093	-0.131460927341	1.821661626628
0.000000000000	0.000000000000	0.000000000000	1.000000000000
8	45	60
-0.116448947468	0.119683502578	-0.985959178589	1.746988753230
-0.238782382376	0.960222441437	0.144761309845	0.020015166101
0.964065670222	0.252286983755	-0.083238580764	1.157214916334
0.000000000000	0.000000000000	0.000000000000	1.000000000000
9	11	60
0.563415425289	0.236912777984	-0.791476717392	0.113149481650
-0.239316682852	0.963730434705	0.118115090199	-0.209123913631
0.790753175052	0.122865718783	0.599677772886	0.652434280990
0.000000000000	0.000000000000	0.000000000000	1.000000000000
9	24	60
-0.646463416340	-0.297202385644	0.702677588444	-2.013279803207
0.338635625274	0.713539369574	0.613341243815	-1.063236121904
-0.683674604348	0.634454340387	-0.360633782852	1.820336534432
0.000000000000	0.000000000000	0.000000000000	1.000000000000
9	26	60
0.896766070919	0.211673506131	0.388593541956	-1.398188680679
-0.237352052184	0.971243893830	0.018689623377	0.360822530767
-0.373463006698	-0.108993694772	0.921219711648	-0.372661553679
0.000000000000	0.000000000000	0.000000000000	1.000000000000
9	28	60
-0.233648492269	-0.279887135354	0.931166780724	-1.534543897989
0.388652895725	0.850957568620	0.353298942898	-1.056167172455
-0.891267248756	0.444448431060	-0.090046007261	2.632617302492
0.000000000000	0.000000000000	0.000000000000	1.000000000000
9	29	60
-0.861528613596	-0.248547881919	0.442710287150	-1.173139540438
0.284468548855	0.485938885599	0.826402471060	-1.481499138852
-0.420530727376	0.837906528114	-0.347946199113	2.672299677272
0.000000000000	0.000000000000	0.000000000000	1.000000000000
9	30	60
0.232437183085	0.030432690320	0.972135179530	-1.713899991607
0.119376031219	0.991060556407	-0.059567916732	0.040135401247
-0.965257643891	0.129895438308	0.226726390209	0.528926189251
0.000000000000	0.000000000000	0.000000000000	1.000000000000
9	43	60
0.199623514314	0.250092497153	-0.947419756708	1.437267402832
-0.303283524905	0.935171597460	0.182956789504	-0.184396502100
0.931756167704	0.250814326091	0.262531174860	0.318992893076
0.000000000000	0.000000000000	0.000000000000	1.000000000000
9	44	60
0.152589832452	0.157685812608	-0.975628785725	1.438300412786
-0.243410250738	0.962775218885	0.117538622322	0.022719991846
0.957845390900	0.219542848674	0.185292052523	0.367014550978
0.000000000000	0.000000000000	0.000000000000	1.000000000000
9	45	60
0.284602054300	0.138539583560	-0.948582339323	1.340784337136
-0.278689205583	0.958723475420	0.056405889500	0.165475034043
0.917242605519	0.248306426550	0.311464157095	0.014497585964
0.000000000000	0.000000000000	0.000000000000	1.000000000000
10	12	60
0.843799176353	0.207309246829	-0.495000834510	-0.029032241444
-0.123679276680	0.972666241733	0.196529434726	-0.445683598469
0.522212970450	-0.104610029983	0.846374831337	1.506941559052
0.000000000000	0.000000000000	0.000000000000	1.000000000000
10	13	60
0.719197957818	0.375253913015	-0.584755331944	0.102281451811
-0.224639070564	0.921993070718	0.315382411564	-0.646910773540
0.657488848153	-0.095463492053	0.747392223828	2.089643669456
0.000000000000	0.000000000000	0.000000000000	1.000000000000
10	15	60
-0.200344601739	0.468782716915	-0.860293441144	0.230301538864
-0.321220263042	0.798128546695	0.509714003694	-1.127800493445
0.925569869413	0.378462134528	-0.009318238187	3.246555638226
0.000000000000	0.000000000000	0.000000000000	1.000000000000
10	17	60
-0.128804371442	0.623195054965	-0.771386645830	0.070805229600
-0.286113104953	0.721433623293	0.630613049625	-1.334470406619
0.949499196983	0.301929545838	0.085380467782	3.060308104855
0.000000000000	0.000000000000	0.000000000000	1.000000000000
10	22	60
-0.808768227228	0.354470849122	-0.469302004842	-0.621574797898
-0.286697481544	0.459106636960	0.840848172963	-1.099642648612
0.513515831015	0.814598989087	-0.269684961159	3.340449723096
0.000000000000	0.000000000000	0.000000000000	1.000000000000
10	28	60
0.703803253321	-0.011138875349	0.710307613693	-1.768842981509
0.112141676645	0.989082441461	-0.095604227691	0.214424691762
-0.701487865165	0.146941653214	0.697368572261	0.702129443143
0.000000000000	0.000000000000	0.000000000000	1.000000000000
10	29	60
-0.923311229100	-0.181486440547	0.338465723693	-0.441099076632
0.092781787600	0.749787807272	0.655141041270	-0.870518753587
-0.372676688441	0.636302534934	-0.675448865517	3.262725877547
0.000000000000	0.000000000000	0.000000000000	1.000000000000
10	43	60
0.620064662076	0.217983291078	-0.753659803661	1.269254786443
-0.244267311983	0.966518749143	0.078581090935	-0.044140281033
0.745555695532	0.135369096794	0.652550314146	-0.226320012429
0.000000000000	0.000000000000	0.000000000000	1.000000000000
10	44	60
0.616683866451	0.064344934388	-0.784576789280	1.231908281739
-0.155269055457	0.987017072567	-0.041095241570	0.287231041782
0.771746415136	0.147163269469	0.618668281750	-0.239279560788
0.000000000000	0.000000000000	0.000000000000	1.000000000000
10	45	60
0.716550970727	0.053269896361	-0.695497681154	0.941178358925
-0.161857002339	0.982563043127	-0.091499601499	0.370978012022
0.678496143794	0.178135298081	0.712678608094	-0.491355159575
0.000000000000	0.000000000000	0.000000000000	1.000000000000
11	13	60
0.946571284291	0.214685393720	-0.240651169703	0.618071350758
-0.140178105073	0.945935954139	0.292498323971	-0.490961111950
0.290435711671	-0.243136489222	0.925490002644	1.343287030001
0.000000000000	0.000000000000	0.000000000000	1.000000000000
11	18	60
0.529440535412	0.582519099903	-0.616736749117	0.984958765755
-0.307819182430	0.809351121448	0.500198073906	-1.029957312847
0.790531511321	-0.074981734173	0.607813844158	2.373500012796
0.000000000000	0.000000000000	0.000000000000	1.000000000000
11	20	60
0.646273259879	0.405738658173	-0.646302572198	0.639799703869
-0.276112076512	0.913883535173	0.297622252769	-1.218345085766
0.711402132953	-0.013893358244	0.702647834856	2.783893603835
0.000000000000	0.000000000000	0.000000000000	1.000000000000
11	21	60
0.012878995618	0.687852607634	-0.725736123976	0.445389296712
-0.382239809843	0.674058890566	0.632089661220	-1.104674643552
0.923973408299	0.269264558047	0.271605851440	2.786918091348
0.000000000000	0.000000000000	0.000000000000	1.000000000000
11	22	60
-0.533543157758	0.611149515667	-0.584660558195	0.480777242944
-0.340643193261	0.477449078523	0.809941104218	-0.976755409311
0.774140758321	0.631299173860	-0.046555766447	2.790713475492
0.000000000000	0.000000000000	0.000000000000	1.000000000000
11	23	60
-0.477821672063	0.846864418010	-0.233467572085	-0.474641024268
-0.094289896098	-0.313677613558	-0.944836372207	2.131981921802
-0.873381855319	-0.429449662080	0.229732719782	1.926147125348
0.000000000000	0.000000000000	0.000000000000	1.000000000000
11	44	60
0.840857779711	0.049592276601	-0.538979406287	0.901121850369
-0.148797575095	0.978605263930	-0.142095105667	0.760998127084
0.520401264358	0.199680603741	0.830247059943	-1.168295387063
0.000000000000	0.000000000000	0.000000000000	1.000000000000
11	45	60
0.927782463505	-0.019040585438	-0.372635420375	0.393160778158
-0.061250099934	0.977377183524	-0.202440772535	0.765716417668
0.368059948473	0.210644955393	0.905627173343	-1.265708236886
0.000000000000	0.000000000000	0.000000000000	1.000000000000
12	19	60
0.889984941692	0.264902442286	-0.371151585789	0.659202827989
-0.248266434428	0.964228603878	0.092881521301	-1.100789271049
0.382479517228	0.009481325517	0.923915322618	1.834218897152
0.000000000000	0.000000000000	0.000000000000	1.000000000000
12	20	60
0.701293193088	0.362514389890	-0.613816890002	0.750468824183
-0.346060875088	0.925907026824	0.151453122819	-1.230961177215
0.623241308052	0.106204965993	0.774784342341	1.775209567859
0.000000000000	0.000000000000	0.000000000000	1.000000000000
12	22	60
-0.419024702261	0.674689008780	-0.607629031833	0.584558160261
-0.498883629977	0.388068930238	0.774930725372	-0.985668448244
0.758639191339	0.627851293552	0.173980833856	1.733120128781
0.000000000000	0.000000000000	0.000000000000	1.000000000000
13	19	60
0.958932379244	0.190955724574	-0.209725065956	0.467020235838
-0.180961910620	0.981270742137	0.066034214850	-1.089593203293
0.218406682459	-0.025370098117	0.975528000202	1.255298998416
0.000000000000	0.000000000000	0.000000000000	1.000000000000
13	20	60
0.862170137556	0.299230447954	-0.408807770135	0.482256220265
-0.302062472598	0.951437734385	0.059367501509	-1.108996419530
0.406719702687	0.072300598922	0.910687491317	1.111745846530
0.000000000000	0.000000000000	0.000000000000	1.000000000000
13	21	60
0.439570566414	0.613588899195	-0.655962178732	0.315319062879
-0.540173271564	0.764064574112	0.352729589452	-0.949250621495
0.717628423232	0.199283690682	0.667304620693	1.148815398191
0.000000000000	0.000000000000	0.000000000000	1.000000000000
13	22	60
-0.225752683297	0.733556914698	-0.641038203918	0.329218782049
-0.613949176759	0.403771271974	0.678258924221	-0.886033170974
0.756374334798	0.546683649680	0.359214215798	1.213543957027
0.000000000000	0.000000000000	0.000000000000	1.000000000000
14	19	60
0.995454641520	0.015075108339	0.094036151479	0.381769917996
-0.035964584158	0.973785491885	0.224607133636	-0.840268305546
-0.088185063150	-0.226968184780	0.969901457744	1.049489708997
0.000000000000	0.000000000000	0.000000000000	1.000000000000
14	22	60
0.153315580934	0.759867560041	-0.631740155317	0.210103467165
-0.530484297607	0.602658320018	0.596145417918	-0.562131110267
0.833715024835	0.243729851495	0.495494719301	1.006990184262
0.000000000000	0.000000000000	0.000000000000	1.000000000000
15	19	60
0.803769896775	-0.345434138768	0.484385392856	0.445111664633
0.199573441696	0.923549503800	0.327454966980	-0.740543129393
-0.560468013724	-0.166527985049	0.811260769289	0.796518478808
0.000000000000	0.000000000000	0.000000000000	1.000000000000
15	22	60
0.650111602354	0.600056998226	-0.466140004038	0.289670353083
-0.412646953722	0.793939313397	0.446523076925	-0.454939783233
0.638026171931	-0.097938580354	0.763760851582	0.856123811327
0.000000000000	0.000000000000	0.000000000000	1.000000000000
15	23	60
0.552623215753	0.300206951754	-0.777485284446	0.076380566875
-0.374044689033	0.922982257530	0.090522499365	-0.475596699744
0.744780606634	0.240789406751	0.622352239153	0.591688304619
0.000000000000	0.000000000000	0.000000000000	1.000000000000
16	22	60
0.409137176908	0.738557662186	-0.535853851435	0.035291171803
-0.562816974550	0.666496601295	0.488896035595	-0.117736064913
0.718222683874	0.101562099661	0.688361326835	0.781605721402
0.000000000000	0.000000000000	0.000000000000	1.000000000000
17	19	60
0.858819659689	-0.286096406940	0.424944276426	0.568266006238
0.271555191894	0.957631618811	0.095913817613	-0.521275390856
-0.434380673933	0.033023152327	0.900123825662	0.624267256665
0.000000000000	0.000000000000	0.000000000000	1.000000000000
17	20	60
0.942751028355	-0.119053275494	0.311523379749	0.396865656646
0.152059997761	0.984811217043	-0.083813029219	-0.460183031793
-0.296813503090	0.126385063913	0.946535028408	0.541595290009
0.000000000000	0.000000000000	0.000000000000	1.000000000000
17	23	60
0.405756727290	0.653517324728	-0.638965245174	-0.161162657623
-0.745415518335	0.641158310993	0.182405387174	-0.356316215257
0.528882958021	0.402282396489	0.747296253296	0.322594748990
0.000000000000	0.000000000000	0.000000000000	1.000000000000
18	22	60
0.421284191918	0.715835432457	-0.556865570205	0.043556598862
-0.677842532162	0.656456548792	0.331050300015	-0.269235433119
0.602535585034	0.238000910055	0.761778468835	0.559536220029
0.000000000000	0.000000000000	0.000000000000	1.000000000000
19	21	60
0.620215660638	0.516190780202	-0.590660319248	-0.009979629649
-0.516504209137	0.835444783441	0.187764255824	0.092516572615
0.590386260209	0.188624209092	0.784770648981	0.016202192151
0.000000000000	0.000000000000	0.000000000000	1.000000000000
20	22	60
-0.341939096672	-0.547803240969	0.763537335925	-2.112113365192
0.912845327237	-0.386562810450	0.131463310923	-0.378984528706
0.223139110666	0.741943935052	0.632240566976	0.567819472513
0.000000000000	0.000000000000	0.000000000000	1.000000000000
21	23	60
0.587468293914	0.298442698237	-0.752205397159	0.013021685104
-0.532095870210	0.842782977056	-0.081183979271	-0.082516871553
0.609717138148	0.447938399173	0.653908404897	-0.043803770471
0.000000000000	0.000000000000	0.000000000000	1.000000000000
22	31	60
0.954127427004	0.103407665128	-0.280976347458	-1.137701874018
-0.188450285159	0.936662443682	-0.295211714910	-0.642458832268
0.232652838070	0.334619666770	0.913182531342	0.172906722250
0.000000000000	0.000000000000	0.000000000000	1.000000000000
22	32	60
0.996552657089	-0.069987446171	0.044548389736	-1.053568211507
0.076103769340	0.984977555057	-0.155007846014	-0.797262027894
-0.033030560725	0.157863781192	0.986908308125	0.039379190368
0.000000000000	0.000000000000	0.000000000000	1.000000000000
22	42	60
-0.821192528549	0.467571389591	-0.327138849255	1.990236435554
0.177602775378	-0.335389552423	-0.925187063411	1.776654658964
-0.542309953102	-0.817857471545	0.192377418124	1.259704792559
0.000000000000	0.000000000000	0.000000000000	1.000000000000
22	43	60
0.947911336957	0.024418375071	-0.317596977673	0.792366149167
-0.274915074326	0.566325359853	-0.776979593487	0.949114500262
0.160890643533	0.823819961974	0.543539208409	0.274046751604
0.000000000000	0.000000000000	0.000000000000	1.000000000000
23	24	60
0.861706765622	0.144594059800	-0.486368181476	-0.024442857653
-0.152152534978	0.988061372744	0.024172914405	-0.132080505754
0.484056872879	0.053172187857	0.873419522485	0.090831587482
0.000000000000	0.000000000000	0.000000000000	1.000000000000
23	30	60
0.818476205480	0.018306154449	-0.574248714210	-0.322564474168
