0	1	37
0.964018837499	0.047368323035	0.261579668398	-0.092372494868
0.018836275690	0.969351611945	-0.244954377668	0.050663592855
-0.265165751303	0.241067821149	0.933580971283	-0.110033028091
0.000000000000	0.000000000000	0.000000000000	1.000000000000
0	12	37
0.995446408094	-0.019858364177	-0.093231400210	-0.916196474593
0.026743303622	0.996959437722	0.073189311020	-0.070712251115
0.091494504340	-0.075349352409	0.992950769559	0.608466489631
0.000000000000	0.000000000000	0.000000000000	1.000000000000
2	3	37
0.663241115197	-0.304331421462	0.683735042997	-0.228260197023
0.300128746192	0.945065125325	0.129516966469	0.004879136308
-0.685590226609	0.119307563904	0.718144655605	0.032616121642
0.000000000000	0.000000000000	0.000000000000	1.000000000000
3	4	37
0.884064248623	0.136564713627	0.446968100985	-0.199917395407
0.099454987777	0.879481155432	-0.465426259086	0.115418466731
-0.456660825682	0.455919923048	0.763935804931	-0.229323778630
0.000000000000	0.000000000000	0.000000000000	1.000000000000
4	5	37
0.979163666668	-0.144303916878	0.142880696567	-0.033572194265
0.058793040516	0.874905851192	0.480711067000	0.058518888699
-0.194375647304	-0.462294420390	0.865160087274	-0.017227593234
0.000000000000	0.000000000000	0.000000000000	1.000000000000
5	6	37
0.787597834527	-0.344708019425	0.510750460001	0.035509394689
0.328543069941	0.936155484123	0.125189299626	0.013820683251
-0.521295599676	0.069204702811	0.850565463011	0.062779358526
0.000000000000	0.000000000000	0.000000000000	1.000000000000
6	7	37
0.812165331697	-0.348297955952	0.468055560665	0.043327908955
0.360434419872	0.930381670765	0.066910206060	0.166200584393
-0.458775002546	0.114361184777	0.881162309938	-0.316771050044
0.000000000000	0.000000000000	0.000000000000	1.000000000000
7	8	37
0.844736882670	-0.126896619219	0.519920039128	0.055678187906
0.268473026404	0.940880062376	-0.206559779038	0.129472490594
-0.462970661219	0.314073170223	0.828864410261	-0.273255119131
0.000000000000	0.000000000000	0.000000000000	1.000000000000
8	9	37
0.946226634244	0.128417863184	0.296924248022	-0.167308086412
0.039836919700	0.864597359115	-0.500883645610	-0.156897464498
-0.321042328170	0.485777993559	0.812989276988	-0.033314144962
0.000000000000	0.000000000000	0.000000000000	1.000000000000
8	10	37
0.755627197651	-0.337859885224	0.561140121651	-0.080754204145
0.329159215517	0.936536184976	0.120640727245	0.025588882318
-0.566287691028	0.093545027587	0.818881907728	0.111105038686
0.000000000000	0.000000000000	0.000000000000	1.000000000000
8	15	37
0.909997969240	-0.292963738016	0.293387021163	0.126547107655
0.224170190717	0.942924152292	0.246255494597	-0.315646888355
-0.348785638427	-0.158323375509	0.923732800757	0.770126181348
0.000000000000	0.000000000000	0.000000000000	1.000000000000
8	16	37
0.936989324871	-0.186662934198	0.295309928845	0.599904537227
0.167370615707	0.981818753881	0.089548933687	-0.602813551827
-0.306656293064	-0.034480190303	0.951195581571	1.052540360891
0.000000000000	0.000000000000	0.000000000000	1.000000000000
10	14	37
0.750811868794	-0.295035445534	0.590961609207	-0.468192390145
0.348526052505	0.936966229116	0.024977514313	-0.146880888666
-0.561080322594	0.187212102640	0.806312904661	0.321247902897
0.000000000000	0.000000000000	0.000000000000	1.000000000000
10	15	37
0.928219643844	0.205618029356	-0.310047607290	-0.157729054682
-0.140433074726	0.965384650240	0.219797699270	-0.337719514995
0.344509570702	-0.160479603331	0.924964568300	0.702527457121
0.000000000000	0.000000000000	0.000000000000	1.000000000000
10	16	37
0.912370927238	0.145454001860	-0.382651831924	-0.047866691547
-0.159020382483	0.987267687557	-0.003876991117	-0.593391354734
0.377215865370	0.064386694651	0.923884486538	1.182929031952
0.000000000000	0.000000000000	0.000000000000	1.000000000000
11	12	37
0.856667893984	0.001770347209	0.515865278234	-0.334196747691
0.184752039098	0.932610282503	-0.310007653163	0.085473159300
-0.481650084051	0.360880765408	0.798610211363	-0.203011525529
0.000000000000	0.000000000000	0.000000000000	1.000000000000
11	13	37
0.792600352474	-0.093991193485	0.602453597221	-0.374239689786
0.317914272691	0.906821140649	-0.276777770228	0.213607801182
-0.520302985266	0.410902755430	0.748627897625	-0.411697850808
0.000000000000	0.000000000000	0.000000000000	1.000000000000
12	13	37
0.990449897586	-0.114099706137	0.077396753365	0.151892126368
0.114130123404	0.993457575917	0.004044723078	0.054371648300
-0.077351892697	0.004827205455	0.996992167865	-0.224286064829
0.000000000000	0.000000000000	0.000000000000	1.000000000000
14	15	37
0.475545997990	0.589351612023	-0.653085508338	-0.075588833982
-0.358131319599	0.807798402802	0.468191946058	-0.175487718906
0.803491108674	0.011243568673	0.595210568157	0.396137643149
0.000000000000	0.000000000000	0.000000000000	1.000000000000
15	16	37
0.999361987831	0.026843786554	-0.023559040764	0.250616562194
-0.030700907375	0.982709443144	-0.182591359711	-0.399776178268
0.018250248344	0.183198148130	0.982906591166	0.338306501896
0.000000000000	0.000000000000	0.000000000000	1.000000000000
16	17	37
0.690539453680	-0.433746177826	0.578808704265	-0.086181409104
0.406626908786	0.894609411214	0.185279676214	-0.151895824095
-0.598172065515	0.107416267803	0.794135961564	0.420682487458
0.000000000000	0.000000000000	0.000000000000	1.000000000000
17	18	37
0.956124945624	0.200163387782	-0.213915185406	-0.022294967089
-0.271478765731	0.879816010212	-0.390157747496	-0.349377703153
0.110110708439	0.431112985614	0.895554144383	0.419326875753
0.000000000000	0.000000000000	0.000000000000	1.000000000000
17	19	37
0.926286080264	0.196036209142	-0.321813458720	-0.047049985291
-0.285245526558	0.922830818071	-0.258878872829	-0.725264753369
0.246229744521	0.331591745862	0.910723792919	0.851153182062
0.000000000000	0.000000000000	0.000000000000	1.000000000000
18	19	37
0.988015152683	0.007478450151	-0.154175649348	0.150800364848
0.005597600042	0.996432770326	0.084204519436	-0.130226086054
0.154255388698	-0.084058354748	0.984448814340	0.539972161379
0.000000000000	0.000000000000	0.000000000000	1.000000000000
19	20	37
0.765896274934	-0.477397806221	0.430690411614	0.042573458019
0.326505648942	0.865835304086	0.379108543043	-0.100291871833
-0.553892550275	-0.149734968575	0.819013114630	0.495561440347
0.000000000000	0.000000000000	0.000000000000	1.000000000000
20	21	37
0.400110431910	-0.509383823277	0.761865974342	-0.121240410597
0.722554529150	0.686708056907	0.079668042424	-0.095637741691
-0.563761114907	0.518613695502	0.642816645830	0.238254924829
0.000000000000	0.000000000000	0.000000000000	1.000000000000
21	22	37
0.943405859403	-0.054061306470	0.327204461440	-0.208352144866
0.180710414989	0.911084177269	-0.370498809506	-0.103593359022
-0.278081157863	0.408660001803	0.869291592372	0.028497628434
0.000000000000	0.000000000000	0.000000000000	1.000000000000
21	28	37
0.583936858650	-0.455107460959	0.672231317397	0.027356416695
0.572041794889	0.818238119547	0.057048791585	-0.495620023417
-0.576008619736	0.351231517236	0.738139885990	0.584164189310
0.000000000000	0.000000000000	0.000000000000	1.000000000000
22	23	37
0.987973789792	0.130542802842	-0.082863546331	-0.076863224640
-0.154618182732	0.837582839233	-0.523973477373	-0.144900232521
0.001004118054	0.530484273139	0.847694182886	0.248540395611
0.000000000000	0.000000000000	0.000000000000	1.000000000000
22	29	37
0.965916624431	0.170745317718	-0.194553620180	0.044206501780
-0.144912402663	0.979468637774	0.140148432643	-0.351380834611
0.214488857991	-0.107178468430	0.970828154568	0.957497872707
0.000000000000	0.000000000000	0.000000000000	1.000000000000
23	28	37
0.767502029540	-0.524349155714	0.368779876828	0.102340014565
0.035730472785	0.609374849573	0.792076780383	0.221341865873
-0.640049973022	-0.594743857143	0.486431677036	0.401832806452
0.000000000000	0.000000000000	0.000000000000	1.000000000000
23	29	37
0.977606568175	0.003883565003	-0.210405122998	0.156821258212
0.130925659817	0.771541140932	0.622561434279	0.189889700202
0.164753966454	-0.636167576801	0.753755228682	0.706668366448
0.000000000000	0.000000000000	0.000000000000	1.000000000000
23	30	37
0.839557189978	-0.132767784465	-0.526798291725	0.327434673302
0.218885349156	0.970156856235	0.104330619789	0.124885634586
0.497225229329	-0.202899949998	0.843563086918	0.703130873283
0.000000000000	0.000000000000	0.000000000000	1.000000000000
24	27	37
0.861304300834	0.180089716007	0.475102721055	-0.057477735229
0.191987703046	0.750396533438	-0.632491710999	0.013133857533
-0.470420687517	0.635981711051	0.611744750663	-0.179897277300
0.000000000000	0.000000000000	0.000000000000	1.000000000000
24	28	37
0.951295949001	-0.199642426179	0.234901935037	0.044341107272
0.148573074780	0.964553960435	0.218086448135	0.046652373764
-0.270114899376	-0.172564651883	0.947237764268	0.010371456487
0.000000000000	0.000000000000	0.000000000000	1.000000000000
25	27	37
0.949262612783	-0.004350382778	-0.314454394376	0.082713801312
-0.223065314336	0.695520350818	-0.683003153096	-0.030156731538
0.221680755847	0.718493225972	0.659261045959	-0.215628340724
0.000000000000	0.000000000000	0.000000000000	1.000000000000
26	27	37
0.759081936662	-0.149532196149	-0.633588774955	0.164164979674
-0.069403034138	0.949126617169	-0.307151238698	-0.012480478153
0.647284969922	0.277125940497	0.710086882584	-0.020137108510
0.000000000000	0.000000000000	0.000000000000	1.000000000000
28	29	37
0.639561969854	0.434213127461	-0.634365388918	-0.130220618397
-0.553211348860	0.832948686597	0.012397136314	-0.214135045635
0.533776816852	0.343009395552	0.772933932723	0.148389371698
0.000000000000	0.000000000000	0.000000000000	1.000000000000
28	30	37
0.371083585593	0.091131797835	-0.924116858372	-0.077736603405
-0.631846737729	0.754055516596	-0.179359911667	-0.295305998124
0.680490023825	0.650457741375	0.337398954000	0.065445413799
0.000000000000	0.000000000000	0.000000000000	1.000000000000
29	30	37
0.948329895386	-0.015372812410	-0.316913373268	0.073491577179
-0.142569845544	0.871664627541	-0.468907897391	-0.036869080936
0.283450610616	0.489861667956	0.824433925557	-0.122394431590
0.000000000000	0.000000000000	0.000000000000	1.000000000000
30	31	37
0.952002835600	0.227530502906	-0.204744893116	-0.090796330257
0.049755611737	0.544976035815	0.836974013628	0.230149470796
0.302018178443	-0.806988841704	0.507497812069	0.528039408270
0.000000000000	0.000000000000	0.000000000000	1.000000000000
31	32	37
0.774474762125	0.342409159293	-0.531925568537	0.035878153345
-0.522123414626	0.820743719560	-0.231876878325	-0.387696534623
0.357177802683	0.457313584354	0.814425136422	0.099900560059
0.000000000000	0.000000000000	0.000000000000	1.000000000000
31	33	37
0.471142653338	0.301228396801	-0.829027172755	0.183546045723
-0.697505182316	0.702545210829	-0.141126706843	-0.494475926913
0.539917698218	0.644741560396	0.541107382549	0.127685008207
0.000000000000	0.000000000000	0.000000000000	1.000000000000
31	34	37
-0.000189015720	-0.616145090338	0.787632650368	-2.371195226917
0.854860049958	0.408570440394	0.319819465047	-0.808632998671
-0.518858612013	0.673376137748	0.526640596471	0.907970804762
0.000000000000	0.000000000000	0.000000000000	1.000000000000
32	33	37
0.909712166815	0.090290064669	-0.405304179316	0.227362025639
-0.175141533451	0.968434674231	-0.177368895264	-0.005527667426
0.376495971837	0.232340237515	0.896810346295	-0.036814747635
0.000000000000	0.000000000000	0.000000000000	1.000000000000
32	34	37
-0.639511281802	-0.407437457185	0.651935609497	-1.361554325400
0.503702135208	0.418574945731	0.755697805867	-0.816878646377
-0.580783504789	0.811658631007	-0.062456282927	2.025430699867
0.000000000000	0.000000000000	0.000000000000	1.000000000000
32	35	37
-0.548576203491	-0.025633989288	0.835707513163	-1.410799703171
0.439979982595	0.841092907260	0.314611405184	-0.979086150869
-0.710972407255	0.540282907327	-0.450125111688	2.121012507626
0.000000000000	0.000000000000	0.000000000000	1.000000000000
32	36	37
-0.506224760880	-0.166654295758	0.846145872281	-1.441030570681
0.482989052810	0.758055019846	0.438262662967	-0.941719550937
-0.714463481458	0.630538605155	-0.303254020700	2.072988617475
0.000000000000	0.000000000000	0.000000000000	1.000000000000
33	34	37
0.917134963662	0.213752948389	-0.336412151214	0.097858766172
-0.002509700503	0.847113750170	0.531405679003	0.084868515514
0.398568889695	-0.486526434357	0.777454094361	0.252034052953
0.000000000000	0.000000000000	0.000000000000	1.000000000000
33	35	37
0.828864130906	0.179118109486	-0.530000901275	0.119484213175
-0.204365775652	0.978830547235	0.011197747193	-0.053697468352
0.520786791538	0.099032634290	0.847923142216	0.101476807983
0.000000000000	0.000000000000	0.000000000000	1.000000000000
33	36	37
0.844957727879	0.109851116547	-0.523430196197	0.132504373736
-0.062475054211	0.992252101982	0.107390100632	0.053206596702
0.531171634878	-0.058038765544	0.845274036035	0.096522954685
0.000000000000	0.000000000000	0.000000000000	1.000000000000
34	35	37
0.979475091332	0.072563267159	-0.188050838122	0.038951792066
-0.167752679588	0.810689072073	-0.560929823519	-0.027045264223
0.111747858818	0.580962822116	0.806222435416	-0.203699363364
0.000000000000	0.000000000000	0.000000000000	1.000000000000
34	36	37
0.983279912222	0.113492319819	-0.142408242609	-0.040600735517
-0.162200032814	0.901327194944	-0.401622256617	-0.001043395937
0.082775380253	0.418005718857	0.904665383126	-0.167634966417
0.000000000000	0.000000000000	0.000000000000	1.000000000000
35	36	37
0.999932918224	-0.003409616303	-0.011069488162	-0.023273985821
0.005351164330	0.983574498145	0.180423312349	0.071629125468
0.010272491997	-0.180470443883	0.983526763638	0.027935678727
0.000000000000	0.000000000000	0.000000000000	1.000000000000
