0	8	57
0.794835929525	0.033426976396	-0.605903030514	-0.399895906893
-0.156633191904	0.975947522550	-0.151632702354	0.102821219224
0.586260938773	0.215427645576	0.780953930262	-0.331118238480
0.000000000000	0.000000000000	0.000000000000	1.000000000000
0	9	57
0.915885257986	0.110538492118	-0.385921541201	-0.246137533113
-0.056206186565	0.987183283517	0.149365422159	-0.025112528163
0.397485922763	-0.115110410064	0.910359563414	0.065516215672
0.000000000000	0.000000000000	0.000000000000	1.000000000000
0	10	57
0.556854773412	0.292174193728	-0.777526206534	0.708411481064
-0.283542166172	0.946726404397	0.152685805561	-0.255876800160
0.780715441970	0.135437645198	0.610032821193	0.481882718658
0.000000000000	0.000000000000	0.000000000000	1.000000000000
0	15	57
0.522090056702	-0.501880363456	0.689592686641	0.237126650816
0.424712821450	0.854145460775	0.300090904782	-0.073347955842
-0.739622195441	0.136204378101	0.659095877242	0.307124195633
0.000000000000	0.000000000000	0.000000000000	1.000000000000
0	23	57
-0.399465941108	-0.340963118129	0.850982440460	-1.221718006044
0.385548717772	0.779695240612	0.493383743136	-0.448023809559
-0.831732618165	0.525185190045	-0.180003800066	1.594749178441
0.000000000000	0.000000000000	0.000000000000	1.000000000000
0	29	57
0.377417095484	-0.370511372407	0.848691733761	-2.660446741474
0.380379528865	0.897613777974	0.222712639093	0.250452645229
-0.844314959039	0.238769404465	0.479709726224	-0.546373137257
0.000000000000	0.000000000000	0.000000000000	1.000000000000
1	26	57
0.998305316955	0.014523426920	-0.056352144682	-1.331426486931
-0.018531910226	0.997284513344	-0.071275295489	0.620093897468
0.055163959640	0.072198819341	0.995863579032	-0.787578279697
0.000000000000	0.000000000000	0.000000000000	1.000000000000
2	3	57
0.697814918672	-0.337587202977	0.631735086619	-0.206061931228
0.037545593910	0.897995892612	0.438399025124	0.218481668488
-0.715293413682	-0.282202511042	0.639309842803	-0.070272438939
0.000000000000	0.000000000000	0.000000000000	1.000000000000
2	12	57
0.977701448551	0.025865723765	0.208400676188	-0.212471176954
-0.090860345698	0.946791679561	0.308755426016	0.149823066838
-0.189325843669	-0.320805984746	0.928029765185	-0.121785363263
0.000000000000	0.000000000000	0.000000000000	1.000000000000
2	23	57
0.863138895109	-0.191552784226	0.467224548376	-1.415520706483
0.021087625573	0.938124453044	0.345655641713	0.396243792110
-0.504526074447	-0.288496172342	0.813771097267	-0.392774869453
0.000000000000	0.000000000000	0.000000000000	1.000000000000
2	24	57
0.918895691420	0.246367456214	-0.308113266199	-0.888355678032
-0.097257622703	0.898388694854	0.428297452461	0.309414317013
0.382324028953	-0.363594319919	0.849486614025	-0.438912919260
0.000000000000	0.000000000000	0.000000000000	1.000000000000
2	25	57
0.895026127354	0.249405827957	-0.369763389664	-0.352171078909
-0.048135049249	0.878212333259	0.475842531460	0.188650876043
0.443408669726	-0.408092919190	0.798028145443	-0.523365834911
0.000000000000	0.000000000000	0.000000000000	1.000000000000
3	11	57
-0.514387436413	-0.039125420333	0.856664909252	-1.347621072285
0.590661964819	0.708058513421	0.387003339634	-0.556346264603
-0.621710550479	0.705069034248	-0.341106505901	0.999610950053
0.000000000000	0.000000000000	0.000000000000	1.000000000000
3	15	57
0.410638455895	0.624988403975	-0.663901764900	-0.677207410901
-0.543285468296	0.752469785065	0.372330662856	-0.297246443252
0.732268365068	0.207794892769	0.648540148380	0.504828908651
0.000000000000	0.000000000000	0.000000000000	1.000000000000
3	23	57
-0.643432549569	0.765135688552	-0.023705110404	0.470848688554
-0.690547148758	-0.566787193295	0.449329403510	-3.019362642526
0.330362209549	0.305482660097	0.893051596988	0.001815031319
0.000000000000	0.000000000000	0.000000000000	1.000000000000
3	27	57
0.742565311155	0.424333637726	-0.518206254848	1.556750808252
-0.391526559735	0.902750885061	0.178179102432	0.508066082622
0.543418541910	0.070581891555	0.836489381220	-0.911417563914
0.000000000000	0.000000000000	0.000000000000	1.000000000000
3	28	57
0.921248807926	0.215576658318	-0.323770502492	1.536520671624
-0.319102246890	0.894836803550	-0.312155171417	0.505886011645
0.222428392803	0.390888474378	0.893158334605	-1.279163439272
0.000000000000	0.000000000000	0.000000000000	1.000000000000
4	11	57
-0.228742735601	-0.090614296701	0.969260444949	-1.738734498864
0.079787676781	0.990563499159	0.111435545349	0.369702607917
-0.970211671515	0.102825110584	-0.219354300367	1.097303346491
0.000000000000	0.000000000000	0.000000000000	1.000000000000
4	12	57
0.903102215885	-0.126173122708	0.410471351947	-1.880908020079
-0.066671425818	0.903073402951	0.424279801383	0.225374714297
-0.424218468059	-0.410534739076	0.807155449322	0.755152248509
0.000000000000	0.000000000000	0.000000000000	1.000000000000
4	16	57
0.606280182100	0.388311490965	-0.694001820442	-0.241575537224
0.058857875624	0.848378801629	0.526107554995	0.074704880985
0.793070041844	-0.359816057077	0.491500064903	0.618878294660
0.000000000000	0.000000000000	0.000000000000	1.000000000000
4	28	57
0.800255271806	0.168150228846	-0.575601425021	1.754911754639
0.048445329272	0.938614125870	0.341550249290	-0.237573457463
0.597699380976	-0.301212588145	0.742984809215	-0.250248923249
0.000000000000	0.000000000000	0.000000000000	1.000000000000
5	7	57
0.133286626448	0.682060934824	-0.719046282514	2.609839375825
-0.419507965976	0.696145552779	0.582575691072	-1.737017099422
0.897912992273	0.223996094906	0.378916887687	2.212553876024
0.000000000000	0.000000000000	0.000000000000	1.000000000000
5	27	57
-0.253407222993	0.676523941274	-0.691447855024	1.127481816315
-0.403688694871	0.575609226091	0.711132516815	-0.752768067633
0.879101937757	0.459335798433	0.127241531389	0.975467023021
0.000000000000	0.000000000000	0.000000000000	1.000000000000
5	33	57
0.888018983649	0.353810174357	-0.293667576010	1.846991583177
-0.194213686439	0.867524495318	0.457910792647	-0.857259721683
0.416777313056	-0.349599214163	0.839092998885	1.012569494041
0.000000000000	0.000000000000	0.000000000000	1.000000000000
5	34	57
-0.979719825980	-0.037416938403	-0.196847746498	0.045938317817
0.128151613334	-0.872221734038	-0.472023739522	0.545414524115
-0.154033199606	-0.487677372238	0.859327966510	0.090809584746
0.000000000000	0.000000000000	0.000000000000	1.000000000000
5	35	57
0.990618652071	-0.035345189911	-0.132005317010	1.741175648506
0.057267926546	0.984432268110	0.166173084745	-0.809242301083
0.124076874388	-0.172173828018	0.977221112230	0.974253682710
0.000000000000	0.000000000000	0.000000000000	1.000000000000
6	7	57
0.389992486584	-0.481222782417	0.785067190813	-0.686803882375
0.093533936871	0.868868578331	0.486126317168	0.168425267873
-0.916055272929	-0.116155186161	0.383862878729	0.528205250334
0.000000000000	0.000000000000	0.000000000000	1.000000000000
6	19	57
0.675134099305	-0.077500110705	0.733612759429	-0.344311254523
0.040523372525	0.996860847049	0.068016967743	-0.074322277143
-0.736581159300	-0.016192111115	0.676155315961	-0.174224780221
0.000000000000	0.000000000000	0.000000000000	1.000000000000
6	22	57
0.947013699963	0.155049280564	-0.281291259514	0.703181929523
0.011091730394	0.859460651010	0.511081561868	0.104168801278
0.321001597503	-0.487121247701	0.812201246268	-0.408621753338
0.000000000000	0.000000000000	0.000000000000	1.000000000000
6	33	57
0.488381784206	0.702813463755	-0.517239275404	1.002927193886
0.095343131425	0.546211208706	0.832203702692	-0.041032314813
0.867405856647	-0.455748341357	0.199751168219	2.207547730483
0.000000000000	0.000000000000	0.000000000000	1.000000000000
6	34	57
0.796597317978	0.108286916853	-0.594732424397	0.968774100628
-0.095287065473	0.994018755318	0.053358122430	-0.164785594689
0.596953170813	0.014165370242	0.802151017042	1.702922045995
0.000000000000	0.000000000000	0.000000000000	1.000000000000
6	35	57
0.766555606794	0.402105102541	-0.500703493300	0.920080444510
0.074616931791	0.718643498449	0.691363750588	-0.056782436959
0.637828201934	-0.567329717755	0.520876354013	2.136910150650
0.000000000000	0.000000000000	0.000000000000	1.000000000000
6	36	57
0.226846171438	0.945576362936	0.233294141290	0.602970805261
-0.899392575026	0.295291970874	-0.322328478304	2.466937632663
-0.373676076961	-0.136704037224	0.917430212994	0.262691705029
0.000000000000	0.000000000000	0.000000000000	1.000000000000
6	37	57
0.670960878068	0.574363849027	0.468953802664	-0.137588417711
0.139707059804	0.523194433723	-0.840683960810	4.217520632797
-0.728212494773	0.629582205477	0.270800312046	1.770060997106
0.000000000000	0.000000000000	0.000000000000	1.000000000000
7	8	57
0.757273477322	0.008013235090	0.653048749029	-0.309079238789
0.345789065813	0.843351756971	-0.411324368326	0.161453758382
-0.554045848742	0.537302151566	0.635877028531	-0.348883401259
0.000000000000	0.000000000000	0.000000000000	1.000000000000
7	9	57
0.549155891110	-0.288329852388	0.784406593216	0.023682103547
0.526160708850	0.848508253273	-0.056468155549	0.269119819403
-0.649294013312	0.443733749393	0.617671145455	-0.426778911627
0.000000000000	0.000000000000	0.000000000000	1.000000000000
7	10	57
0.922285244122	-0.038009828767	0.384636427542	0.808548918594
0.179515748469	0.923430240877	-0.339191223774	0.835768166949
-0.342292308600	0.381879356801	0.858489447997	-1.292333720091
0.000000000000	0.000000000000	0.000000000000	1.000000000000
7	11	57
0.769637292604	0.281876675249	-0.572890895183	0.893012954791
-0.454758714131	0.871825372085	-0.181975362374	0.812803698712
0.448166207734	0.400582152049	0.799175193375	-1.293182425704
0.000000000000	0.000000000000	0.000000000000	1.000000000000
7	13	57
0.691518961579	0.330964166368	-0.642078068740	1.354843815568
-0.390125716263	0.919197742234	0.053641739170	0.702189516243
0.607950204611	0.213396886696	0.764760300658	-1.105388005420
0.000000000000	0.000000000000	0.000000000000	1.000000000000
7	18	57
0.432422628989	0.491773566369	-0.755757520213	0.905948375662
-0.451373417412	0.843654213552	0.290705359446	-0.396291144192
0.780559227728	0.215421278840	0.586788688227	0.324008484080
0.000000000000	0.000000000000	0.000000000000	1.000000000000
7	20	57
0.978795359562	-0.091592191416	0.183222582044	1.366315310122
0.086578538851	0.995623133950	0.035195621231	-0.716267488027
-0.185644285422	-0.018586167300	0.982441221486	0.649955973377
0.000000000000	0.000000000000	0.000000000000	1.000000000000
7	21	57
0.998014680313	-0.006862374759	-0.062606754366	1.506500763189
-0.016646482406	0.929955589287	-0.367294836034	-0.577190181608
0.060742015962	0.367607820600	0.927995095747	0.443055771670
0.000000000000	0.000000000000	0.000000000000	1.000000000000
7	22	57
0.080085424302	0.598300196210	-0.797259807107	1.387103040518
-0.502261829749	0.715092251329	0.486185279977	-0.537858064483
0.860999058763	0.361496815067	0.357771817651	0.458356960396
0.000000000000	0.000000000000	0.000000000000	1.000000000000
7	29	57
-0.718562395715	-0.042221636683	0.694179671886	-1.002529810693
0.596538161538	0.475687517533	0.646423705856	-0.755747214134
-0.357505671694	0.878600431971	-0.316624344686	1.183537206178
0.000000000000	0.000000000000	0.000000000000	1.000000000000
7	30	57
0.371470149917	-0.604783242617	0.704448122412	-0.936165923790
0.623297525547	0.724788285679	0.293567940330	-0.920834860368
-0.688120717874	0.330029044770	0.646197111755	1.452019371201
0.000000000000	0.000000000000	0.000000000000	1.000000000000
7	31	57
0.565037338951	0.066856731162	0.822352104083	-1.162225090563
0.517013416013	0.748060359657	-0.416056277409	-0.946615864112
-0.642985173433	0.660254402339	0.388116208033	1.357685559689
0.000000000000	0.000000000000	0.000000000000	1.000000000000
7	32	57
-0.891447115661	-0.117917174236	0.437512948379	-0.785415784046
0.418961950011	0.153307877978	0.894967920650	-1.170167061269
-0.172606269939	0.981117849481	-0.087263056374	1.663618196790
0.000000000000	0.000000000000	0.000000000000	1.000000000000
7	36	57
-0.513762782686	0.608023928830	-0.605272422218	1.815780275799
-0.552040058527	0.305763677532	0.775732136297	-2.110436953409
0.656734022957	0.732676924348	0.178563567444	2.813117435874
0.000000000000	0.000000000000	0.000000000000	1.000000000000
7	37	57
-0.212157662252	0.623954693540	-0.752110142703	2.021155163045
-0.597468933160	0.526214315957	0.605086248060	-2.318385304567
0.773317528740	0.577736128429	0.261153145972	2.790282869116
0.000000000000	0.000000000000	0.000000000000	1.000000000000
8	10	57
0.948174594825	0.115066610001	-0.296183411067	1.481395140015
-0.036864759995	0.965669429099	0.257144984733	-0.167594875869
0.315604067146	-0.232899611347	0.919865122632	-0.058335731540
0.000000000000	0.000000000000	0.000000000000	1.000000000000
8	19	57
0.338317359468	0.318832044352	-0.885374210025	2.026562240624
-0.103734109496	0.947756208787	0.301657758448	-0.314419006968
0.935297064472	-0.010212551054	0.353716136176	0.175553875191
0.000000000000	0.000000000000	0.000000000000	1.000000000000
8	20	57
0.854929579390	0.264916646616	-0.445998413259	0.451122862026
0.035300311982	0.828062182865	0.559523823696	-0.175961091660
0.517541594713	-0.494097350382	0.698583213431	2.204910655185
0.000000000000	0.000000000000	0.000000000000	1.000000000000
8	21	57
0.742940700608	0.139421788587	-0.654676011664	0.592367131532
0.037702031137	0.967797614133	0.248890206571	-0.312234532686
0.668294599880	-0.209593279821	0.713759752876	2.065274612264
0.000000000000	0.000000000000	0.000000000000	1.000000000000
8	26	57
0.228444892938	-0.446969613325	0.864887909301	-1.118819923421
0.153943361782	0.893787224719	0.421243205633	-0.140320212498
-0.961308676885	0.036912893311	0.272989131750	1.341269252842
0.000000000000	0.000000000000	0.000000000000	1.000000000000
8	31	57
0.991663828023	-0.076879095822	0.103404336544	-1.577531195900
0.094629354791	0.979196696226	-0.179496839283	0.076569081717
-0.087453630012	0.187785608411	0.978308963401	0.796614866194
0.000000000000	0.000000000000	0.000000000000	1.000000000000
9	14	57
0.996302675672	0.001408250027	0.085901078455	0.922328909408
0.004583567912	0.997570347121	-0.069515418788	0.023376169230
-0.085790263743	0.069652131165	0.993875551199	-0.293422229262
0.000000000000	0.000000000000	0.000000000000	1.000000000000
9	19	57
0.163640761993	0.270458583025	-0.948722222720	1.633645956332
-0.493790612444	0.855000967923	0.158569151836	-0.177467072405
0.854044806832	0.442521750561	0.273462919248	0.163234282291
0.000000000000	0.000000000000	0.000000000000	1.000000000000
9	20	57
0.694281430770	0.475830048354	-0.539962091235	-0.473684534561
-0.284925247587	0.870681363120	0.400913416093	-0.723978609227
0.660901579795	-0.124497907607	0.740073896869	1.803251522638
0.000000000000	0.000000000000	0.000000000000	1.000000000000
9	21	57
0.590717532949	0.309489620200	-0.745163721108	1.695654270519
-0.411098327616	0.910100900149	0.052101022824	-0.396244017301
0.694298899104	0.275558571881	0.664843223750	0.449239000992
0.000000000000	0.000000000000	0.000000000000	1.000000000000
9	24	57
0.119590885789	-0.279959199423	0.952533918921	-0.563048378130
0.432558779165	0.878264837496	0.203822907903	-0.474617106310
-0.893639145630	0.387651546982	0.226131279392	1.346332718405
0.000000000000	0.000000000000	0.000000000000	1.000000000000
9	25	57
0.226756389557	-0.355929691325	0.906584576655	-0.848840766763
0.464834857626	0.857525934916	0.220403779645	-0.220725817503
-0.855868035932	0.371434147298	0.359898012345	0.722574147849
0.000000000000	0.000000000000	0.000000000000	1.000000000000
9	29	57
-0.017390286921	-0.226373866371	0.973885234792	-2.519006786214
0.519268391734	0.830327818177	0.202277165563	0.241162191166
-0.854434266206	0.509225477550	0.103109154524	0.569039878870
0.000000000000	0.000000000000	0.000000000000	1.000000000000
9	31	57
-0.993324036521	-0.045519834562	0.105996712828	-0.204102609399
-0.087675344504	0.895055208529	-0.437251881245	0.256863421345
-0.074969276608	-0.443626101968	-0.893070819822	5.444683605397
0.000000000000	0.000000000000	0.000000000000	1.000000000000
10	13	57
0.551005616537	0.324184371403	-0.768958583984	-0.019575925046
-0.126411289852	0.943250036680	0.307082324631	0.026500244568
0.824871502928	-0.071999039167	0.560716632549	0.085389083358
0.000000000000	0.000000000000	0.000000000000	1.000000000000
10	14	57
0.785628929338	-0.258138856637	0.562273524257	-0.316900115992
0.252967086015	0.963387772282	0.088834979660	0.146887863737
-0.564619198026	0.072445365016	0.822165938426	-0.162616336310
0.000000000000	0.000000000000	0.000000000000	1.000000000000
10	19	57
0.806749797736	0.149780107906	-0.571594859257	0.263696695489
-0.221473235369	0.973469711160	-0.057500673641	0.080491224740
0.547817825439	0.172981619629	0.818518777672	-0.098705533567
0.000000000000	0.000000000000	0.000000000000	1.000000000000
10	20	57
0.980960637025	0.008981663651	-0.193998861662	-0.313599009516
0.072630941232	0.909474351037	0.409366768537	-0.712772535291
0.180113783437	-0.415663005961	0.891506192066	2.437409212602
0.000000000000	0.000000000000	0.000000000000	1.000000000000
10	21	57
0.930863792080	0.009802416081	-0.365234874064	1.194130026101
-0.000045397996	0.999643132914	0.026713381618	-0.154853915735
0.365366389441	-0.024849938781	0.930532042441	0.415312215360
0.000000000000	0.000000000000	0.000000000000	1.000000000000
10	23	57
-0.405160217025	0.429921534587	-0.806853563318	1.122359011735
0.182657889506	-0.826676311965	-0.532205195989	1.509677949509
-0.895813202594	-0.363006541724	0.256407793804	1.123846651787
0.000000000000	0.000000000000	0.000000000000	1.000000000000
10	24	57
-0.486998801321	-0.349174076315	0.800568318098	-0.602032522421
0.332664447576	0.773361294661	0.539672746430	-0.593209190089
-0.807568283696	0.529140597903	-0.260468222283	2.002180256826
0.000000000000	0.000000000000	0.000000000000	1.000000000000
10	25	57
-0.368320176983	-0.372284070057	0.851906578452	-1.229608260500
0.371796918007	0.780879223810	0.501990726591	-0.420689847282
-0.852119298566	0.501629553560	-0.149199504046	1.633106960004
0.000000000000	0.000000000000	0.000000000000	1.000000000000
10	29	57
-0.958396724134	0.236916125724	-0.159205742805	-1.291597432163
-0.083511868216	-0.766084913748	-0.637290885542	1.780172189898
-0.272949605307	-0.597481928011	0.753998580014	0.467989592178
0.000000000000	0.000000000000	0.000000000000	1.000000000000
11	17	57
-0.252503823984	0.541122407025	-0.802139862798	0.938409642782
-0.182876956092	0.787372562433	0.588727837679	-0.494389313284
0.950156743808	0.295348926768	-0.099855764245	1.717897739839
0.000000000000	0.000000000000	0.000000000000	1.000000000000
11	18	57
0.931702882480	0.187485899017	-0.311092874314	1.069056313185
-0.071489905346	0.934385476340	0.349017155794	-0.437714361342
0.356116458778	-0.302940289949	0.883972990828	1.475679895760
0.000000000000	0.000000000000	0.000000000000	1.000000000000
11	27	57
-0.881306039738	0.378558239028	-0.282830910589	0.667726071678
0.000900434427	0.599869972854	0.800096997174	-0.856422863402
0.472545080959	0.704875645297	-0.529009897004	3.083450111576
0.000000000000	0.000000000000	0.000000000000	1.000000000000
11	28	57
0.722552043999	-0.093280224817	0.684994411197	-1.432530972664
0.130362916523	0.991463200293	-0.002496489819	-0.287393128976
-0.678913877976	0.091101713067	0.728544044082	1.417781151401
0.000000000000	0.000000000000	0.000000000000	1.000000000000
11	32	57
0.916014106044	-0.280796248337	0.286481455679	-1.701073035436
0.158548538698	0.909435299668	0.384434385292	0.123855158623
-0.368484081617	-0.306726103614	0.877575397876	1.147266897182
0.000000000000	0.000000000000	0.000000000000	1.000000000000
12	15	57
-0.328454990848	0.566859535897	-0.755504854749	0.831389723132
-0.229810407990	0.727882980293	0.646044536684	-0.297889064906
0.916135631534	0.385819431292	-0.108806576413	0.738410198252
0.000000000000	0.000000000000	0.000000000000	1.000000000000
12	23	57
0.561058808396	0.355482724678	-0.747559392943	1.934073444184
-0.322244150768	0.925650323323	0.198318396092	0.574639976918
0.762477357577	0.129628358733	0.633896496121	-0.734741759178
0.000000000000	0.000000000000	0.000000000000	1.000000000000
12	27	57
0.443046705799	0.603774796490	-0.662695715698	2.930628588400
-0.220014231193	0.789826005966	0.572510801969	-0.480724235063
0.869081903248	-0.107846536443	0.482768857761	0.055207650724
0.000000000000	0.000000000000	0.000000000000	1.000000000000
12	28	57
0.541466438050	0.138484104977	-0.829238354838	3.704163228464
-0.256463875320	0.966534882237	-0.006049964926	-0.222169295334
0.800649971662	0.215945535004	0.558862370168	0.338774071930
0.000000000000	0.000000000000	0.000000000000	1.000000000000
12	29	57
0.132413791254	0.408972023569	-0.902888958745	3.393385244042
-0.352896683112	0.870673209471	0.342625295854	-0.003730640697
0.926245388077	0.273258204356	0.259614011213	-0.030951605119
0.000000000000	0.000000000000	0.000000000000	1.000000000000
13	25	57
-0.785151175532	0.325447319265	-0.526898162783	1.402037205112
-0.042158936381	-0.876904645443	-0.478811932688	0.704908125558
-0.617867506545	-0.353726285684	0.702223226027	0.073029488998
0.000000000000	0.000000000000	0.000000000000	1.000000000000
13	26	57
0.618811838352	-0.237427321202	0.748799155890	-0.436147538715
0.383284336961	0.923318931806	-0.023984728657	-0.834069927762
-0.685685806879	0.301845022014	0.662362858960	1.991118632836
0.000000000000	0.000000000000	0.000000000000	1.000000000000
14	15	57
0.230507856983	-0.477562883969	0.847820629452	-0.448557880980
0.468148521514	0.818249228599	0.333624282243	-0.077425325157
-0.853055150429	0.320002955849	0.412183234222	0.342855982271
0.000000000000	0.000000000000	0.000000000000	1.000000000000
14	29	57
0.157522135637	-0.347948844620	0.924185251079	-3.291435171490
0.439958247659	0.862584787634	0.249768341588	0.128899016999
-0.884094744414	0.367258880995	0.288959161870	0.169956165824
0.000000000000	0.000000000000	0.000000000000	1.000000000000
15	24	57
0.997678032018	0.065973113418	0.016914276033	-1.310433041487
-0.064172029097	0.993778692983	-0.091026699682	0.570922606189
-0.022814361911	0.089729915186	0.995704799231	-0.707118415568
0.000000000000	0.000000000000	0.000000000000	1.000000000000
15	25	57
0.983340660338	0.077371246427	-0.164483543104	-0.531766112688
-0.089971579938	0.993440384982	-0.070578440686	0.719228867156
0.157943852458	0.084201494716	0.983851537458	-1.006250775138
0.000000000000	0.000000000000	0.000000000000	1.000000000000
17	18	57
-0.102952098732	0.583837067803	-0.805316797059	2.270112826614
-0.464746312771	0.687579562878	0.557893546726	-1.163484385101
0.879438303767	0.431704323550	0.200548365477	1.720171853599
0.000000000000	0.000000000000	0.000000000000	1.000000000000
17	22	57
0.410283162502	-0.511043599722	0.755315937705	-0.497802159342
0.505997749413	0.816619636084	0.277666432165	0.250309171923
-0.758705479192	0.268266302665	0.593632198165	-0.448097190542
0.000000000000	0.000000000000	0.000000000000	1.000000000000
17	27	57
0.640807326245	0.411766998289	-0.647930482189	1.602042224627
-0.301411277060	0.911161466867	0.280955554060	0.063642640672
0.706057513728	0.015255176692	0.707990160167	-0.078244940804
0.000000000000	0.000000000000	0.000000000000	1.000000000000
17	29	57
0.310733404528	0.317152981448	-0.896023848828	2.061167027477
-0.416633627614	0.892749187266	0.171508918070	0.226105518008
0.854319127523	0.320020116547	0.409543591518	0.191314641434
0.000000000000	0.000000000000	0.000000000000	1.000000000000
17	32	57
0.577385555005	0.488252408866	-0.654397055394	2.168423071367
-0.206715663030	0.862798382334	0.461354078880	0.207792122199
0.789869961152	-0.131105059697	0.599096743266	-0.454317615273
0.000000000000	0.000000000000	0.000000000000	1.000000000000
18	19	57
0.770472739494	-0.012352913920	0.637353248375	-0.081018912502
0.321601752121	0.870784834280	-0.371895261359	0.077796867922
-0.550403552613	0.491509082221	0.674888695538	-0.190039395411
0.000000000000	0.000000000000	0.000000000000	1.000000000000
18	27	57
-0.687379300218	0.568062501139	-0.452564572665	0.171507901162
-0.178214028640	0.472143615791	0.863319272381	-1.008914062982
0.704094778867	0.674081153028	-0.223305041377	1.642421152158
0.000000000000	0.000000000000	0.000000000000	1.000000000000
18	28	57
-0.410086124183	0.318054338602	-0.854792845343	0.403238046181
-0.396828038959	0.781640104394	0.481213315171	-1.138516790364
0.821192351553	0.536544671857	-0.194326881447	1.648866148377
0.000000000000	0.000000000000	0.000000000000	1.000000000000
18	32	57
-0.705336000236	0.610758153294	-0.359827187627	0.747565407082
-0.161134179896	0.356177721087	0.920420125307	-1.163693359218
0.690316523662	0.707185908503	-0.152810955019	1.928368843575
0.000000000000	0.000000000000	0.000000000000	1.000000000000
18	33	57
0.501702408237	0.713412044573	-0.489221778161	0.812296959392
-0.354754200645	0.685486582597	0.635812552726	-1.245727103170
0.788951298049	-0.145435208040	0.596996188906	1.989090199834
0.000000000000	0.000000000000	0.000000000000	1.000000000000
18	35	57
0.765708668417	0.436019359527	-0.472839669685	0.708632401749
-0.291803611861	0.890635489254	0.348739268490	-1.215126770916
0.573184863038	-0.129056357455	0.809199338473	1.884486878579
0.000000000000	0.000000000000	0.000000000000	1.000000000000
18	36	57
0.798744910584	-0.396693199524	0.452372714990	-1.418429886449
0.351321382294	0.917879297797	0.184582992224	-0.002724277558
-0.488446367740	0.011493481923	0.872518220850	0.376684635347
0.000000000000	0.000000000000	0.000000000000	1.000000000000
19	20	57
0.770604214570	-0.392372568214	0.502208036774	0.338999949076
0.113684907464	0.859999015942	0.497471038748	0.028894946222
-0.627092406509	-0.326259804898	0.707325705320	0.223352027107
0.000000000000	0.000000000000	0.000000000000	1.000000000000
19	30	57
-0.148509108813	-0.607848580900	0.780041759970	-1.314832825741
0.275221712730	0.732220229177	0.622981977931	-0.053688268509
-0.949841067464	0.307202927529	0.058551753826	2.171912037117
0.000000000000	0.000000000000	0.000000000000	1.000000000000
19	35	57
0.007771543557	0.537848881486	0.843005447073	-2.139097203959
-0.961435875877	0.235791488216	-0.141574823542	-0.278787194993
-0.274919369428	-0.809395425468	0.518939674282	2.343390897863
0.000000000000	0.000000000000	0.000000000000	1.000000000000
19	36	57
0.963669326102	-0.015495472030	-0.266648308219	-0.899031524893
-0.159253639054	-0.834790280587	-0.527032699067	0.423696456702
-0.214428795589	0.550349959375	-0.806929497440	4.288310966981
0.000000000000	0.000000000000	0.000000000000	1.000000000000
19	37	57
0.124160528508	0.867934655643	-0.480909135591	0.873491442167
-0.983014799401	0.041577965693	-0.178754515826	0.558172528972
-0.135152015597	0.494935052611	0.858354953604	0.452868402920
0.000000000000	0.000000000000	0.000000000000	1.000000000000
22	27	57
-0.407553948543	-0.559638491058	0.721598599190	-1.460316623207
-0.583606702312	-0.448144883992	-0.677177509940	1.996232195603
0.702355320364	-0.697116146907	-0.143965557263	2.670534496762
0.000000000000	0.000000000000	0.000000000000	1.000000000000
22	33	57
0.775702846099	0.496678474144	-0.389352780749	1.065940302023
-0.245279890596	0.805710143147	0.539137218618	-1.350316532267
0.581483335809	-0.322709867454	0.746816892969	1.960781494671
0.000000000000	0.000000000000	0.000000000000	1.000000000000
22	35	57
0.930193923592	0.219693363393	-0.294064772786	0.968745856455
-0.135574901106	0.950096679535	0.280955059976	-1.384625843349
0.341113926280	-0.221474887103	0.913559064144	1.904585669169
0.000000000000	0.000000000000	0.000000000000	1.000000000000
23	24	57
0.611146137277	0.378692751978	-0.695048342557	0.492736274734
-0.358321010887	0.915355340647	0.183659068676	-0.074394877066
0.705766570510	0.136807894322	0.695109450376	0.085232657215
0.000000000000	0.000000000000	0.000000000000	1.000000000000
23	25	57
0.530517849244	0.415083436725	-0.739091707565	1.081797172063
-0.333800355068	0.903755901084	0.267960060853	-0.306414575556
0.779184275118	0.104551479246	0.618013635446	0.355639871011
0.000000000000	0.000000000000	0.000000000000	1.000000000000
23	26	57
0.150931265982	0.500730017927	-0.852343359273	1.862500956639
-0.361409654361	0.830482255074	0.423889473497	-0.153454626291
0.920110218769	0.244066944001	0.306314400841	0.005897966715
0.000000000000	0.000000000000	0.000000000000	1.000000000000
23	29	57
0.679351986495	0.282967323523	-0.677060095016	2.628804519626
-0.300578327313	0.949011102634	0.095029449265	0.020292571485
0.669427776235	0.138951145717	0.729766422569	-0.377837022078
0.000000000000	0.000000000000	0.000000000000	1.000000000000
25	27	57
-0.540904138122	-0.287248444148	0.790513152767	-2.311906082687
0.549726354825	0.590601991051	0.590753944530	-0.237221626606
-0.636571793416	0.754107167120	-0.161551020812	1.362940174164
0.000000000000	0.000000000000	0.000000000000	1.000000000000
25	29	57
0.964152294421	-0.136784422114	0.227377164705	-0.036943984869
0.161433689932	0.982442663033	-0.093517793002	0.827144166255
-0.210593249932	0.126871729397	0.969305961687	-1.498936774397
0.000000000000	0.000000000000	0.000000000000	1.000000000000
25	32	57
0.847254333344	-0.459838969659	0.265910166434	-0.413130762874
0.410925397118	0.884612913953	0.220454781011	1.104000315627
-0.336601266535	-0.077512027779	0.938451635896	-1.620892895920
0.000000000000	0.000000000000	0.000000000000	1.000000000000
26	27	57
0.580416529832	-0.424796879105	0.694740428794	-0.274687782864
0.420140967146	0.887048816587	0.191379112540	0.275250218552
-0.697565924929	0.180809315286	0.693332367543	-0.370194347859
0.000000000000	0.000000000000	0.000000000000	1.000000000000
26	32	57
0.627118552155	-0.546513695245	0.555018110022	-0.879713212872
0.449711350201	0.835826320280	0.314887382768	0.434162094222
-0.635989011731	0.052126224070	0.769935603620	-0.667001370344
0.000000000000	0.000000000000	0.000000000000	1.000000000000
28	33	57
0.646145839454	-0.642483341364	0.411959597809	0.197571472251
0.293171051375	0.707298176842	0.643257354152	0.210026949911
-0.704660406716	-0.294863434670	0.645375290898	-0.473418986827
0.000000000000	0.000000000000	0.000000000000	1.000000000000
32	33	57
0.250139127835	-0.661634420045	0.706873617373	-0.066999446317
0.753464570473	0.591522835588	0.287039850926	0.114920475056
-0.608047331848	0.460804328528	0.646481100298	-0.036946272167
0.000000000000	0.000000000000	0.000000000000	1.000000000000
35	36	57
0.909225148262	0.394394535935	-0.133276328705	-0.518553566635
-0.136043869173	-0.021077474810	-0.990478574082	2.498963083433
-0.393448466040	0.918699455796	0.034490788490	2.600396949018
0.000000000000	0.000000000000	0.000000000000	1.000000000000
35	37	57
0.996717206460	0.078650235593	-0.019208091724	0.106411952569
-0.080462985430	0.988589376771	-0.127345012117	1.183771432047
0.008973200222	0.128472505138	0.991672474712	-1.349653297406
0.000000000000	0.000000000000	0.000000000000	1.000000000000
36	38	57
0.960975129766	0.202790496754	-0.188156356249	0.327609740346
-0.208780258506	0.977884376952	-0.012367253954	-0.625172151548
0.181487199627	0.051167956170	0.982061218373	0.593573770288
0.000000000000	0.000000000000	0.000000000000	1.000000000000
36	39	57
0.956137151181	0.258975233065	-0.136870657153	0.874222526170
-0.258873253504	0.965727196927	0.018857882566	-0.498293232840
0.137063440607	0.017401430213	0.990409412049	0.369451874410
0.000000000000	0.000000000000	0.000000000000	1.000000000000
36	42	57
0.015008858123	-0.735680150459	0.677162794606	0.423501986098
0.834933345507	0.381843777901	0.396335259395	-0.936884776293
-0.550146383010	0.559437257875	0.619974928334	0.973685727701
0.000000000000	0.000000000000	0.000000000000	1.000000000000
36	53	57
0.481518192061	-0.630797902423	0.608468764205	0.580159567095
0.425367921438	0.775204623227	0.467033107541	-0.633931087559
-0.766291303699	0.033938155914	0.641596321255	0.208596107608
0.000000000000	0.000000000000	0.000000000000	1.000000000000
36	55	57
0.523004945412	-0.593020878014	0.612202634194	0.130630310461
0.612415089652	0.761022595484	0.213991511816	0.197501761939
-0.592801471861	0.263003512149	0.761193515183	-0.274183823926
0.000000000000	0.000000000000	0.000000000000	1.000000000000
36	56	57
0.026592218405	0.332900744932	-0.942586838410	2.294440768612
-0.579812102310	0.773243301020	0.256734733612	-1.299187987380
0.814316142500	0.539696110280	0.213582135521	0.437530937133
0.000000000000	0.000000000000	0.000000000000	1.000000000000
37	38	57
0.800346393655	0.392460749701	-0.453233063785	0.112185991975
-0.329576746447	0.919503722095	0.214224352619	-0.702692472561
0.500824139160	-0.022078609507	0.865267424925	1.040642408375
0.000000000000	0.000000000000	0.000000000000	1.000000000000
37	39	57
0.160374547268	0.695051597454	-0.700844691401	0.315750116427
-0.456754540167	0.681698296803	0.571544155926	-1.114818281760
0.875017311043	0.228452859499	0.426795028511	1.677113734726
0.000000000000	0.000000000000	0.000000000000	1.000000000000
37	41	57
0.923943802800	0.190019030880	-0.331994905339	-0.085644803045
-0.066065040623	0.934120990005	0.350789661250	-0.965371202364
0.376780121126	-0.302176676690	0.875628914774	1.630673038909
0.000000000000	0.000000000000	0.000000000000	1.000000000000
37	42	57
0.295798648586	-0.762101767578	0.575937544661	0.006565715149
0.688104066285	0.588189406318	0.424907067790	-0.969330361959
-0.662582789889	0.270618029980	0.698390956695	1.484665938159
0.000000000000	0.000000000000	0.000000000000	1.000000000000
37	55	57
0.805020367340	-0.461298234571	0.373022984479	0.440522564232
0.379783275867	0.883778499154	0.273313424121	-0.067949760262
-0.455748693405	-0.078354982066	0.886653046713	0.075174873415
0.000000000000	0.000000000000	0.000000000000	1.000000000000
37	56	57
-0.372172360614	0.225311131160	-0.900401370596	2.060246008091
-0.455188683982	0.801113335224	0.388613800707	-1.523866666308
0.808882560060	0.554483830514	-0.195593163811	1.780858698636
0.000000000000	0.000000000000	0.000000000000	1.000000000000
38	55	57
-0.526759338275	0.701993336978	-0.479301527620	0.334558269033
-0.397321115655	0.295137122919	0.868924628337	-1.253452769575
0.751438973301	0.648150779922	0.123450540261	1.639643631471
0.000000000000	0.000000000000	0.000000000000	1.000000000000
40	41	57
0.526032502872	-0.690285982218	0.496784730718	-0.002100747379
0.164845794590	0.655812848967	0.736705756144	0.208074070987
-0.834335466062	-0.305638299109	0.458769615591	0.642311750028
0.000000000000	0.000000000000	0.000000000000	1.000000000000
41	42	57
-0.222016205580	-0.524620423046	0.821877251287	-0.152899291365
0.924894885975	0.153531628840	0.347846933066	-0.008178799877
-0.308671758276	0.837377722816	0.451132236681	0.054108093943
0.000000000000	0.000000000000	0.000000000000	1.000000000000
41	53	57
0.769546644894	0.628455991617	-0.113318259487	0.103257880360
-0.089264379991	-0.069845667754	-0.993555963779	1.905809486926
-0.632320987946	0.774702942615	0.002349235163	1.913344292805
0.000000000000	0.000000000000	0.000000000000	1.000000000000
41	55	57
0.939534358118	0.341321945980	-0.027830183399	1.627419689743
-0.342040319760	0.939290176408	-0.027246727558	0.349508530007
0.016840711803	0.035118281516	0.999241260522	-1.000684891183
0.000000000000	0.000000000000	0.000000000000	1.000000000000
42	53	57
0.493958942573	-0.431761679952	0.754709490319	-0.634714633098
0.708701980776	0.702797474587	-0.061783591339	0.060074532336
-0.503732136653	0.565382668145	0.653143455195	0.114018400160
0.000000000000	0.000000000000	0.000000000000	1.000000000000
42	55	57
0.515248033765	-0.507604969849	0.690548085426	-0.887760890620
0.692344388238	0.721436727306	0.013722119697	0.020406305361
-0.505152166952	0.471026796560	0.723156307547	0.233973054898
0.000000000000	0.000000000000	0.000000000000	1.000000000000
43	45	57
0.879507680283	-0.270783521595	0.391334287733	-0.047666772273
0.387355907326	0.885047915220	-0.258158069454	-0.411061161974
-0.276444644337	0.378637652905	0.883296035551	0.274163334117
0.000000000000	0.000000000000	0.000000000000	1.000000000000
43	48	57
0.973489997974	0.055268033376	-0.221951950500	0.033930505421
-0.209210254450	0.607393103050	-0.766358067616	-0.693382162384
0.092456980683	0.792476537731	0.602853749983	0.280783922322
0.000000000000	0.000000000000	0.000000000000	1.000000000000
43	49	57
0.245381933183	0.698540484159	-0.672182191715	-0.354227231571
-0.702788117191	0.605782797477	0.372982659941	-0.986240982509
0.667739896369	0.380878450785	0.639574105577	0.804141413127
0.000000000000	0.000000000000	0.000000000000	1.000000000000
43	53	57
-0.416162094695	0.236233261500	-0.878067740610	0.808666766851
-0.608134648596	-0.790223269978	0.075626931460	-0.612386056477
-0.676003964571	0.565456479091	0.472522602780	0.381775476927
0.000000000000	0.000000000000	0.000000000000	1.000000000000
43	55	57
0.872542308168	-0.226699563872	0.432755390721	-0.752975281828
0.258600527099	0.965861027665	-0.015435110040	0.457138461919
-0.414482433695	0.125378558686	0.901379237158	-0.385069369231
0.000000000000	0.000000000000	0.000000000000	1.000000000000
44	45	57
0.644383520343	-0.532739127366	0.548597211880	0.094841533613
0.109760038586	0.774405730099	0.623095898814	0.090411582435
-0.756784389796	-0.341298677645	0.557487757711	0.249296914287
0.000000000000	0.000000000000	0.000000000000	1.000000000000
44	47	57
-0.119466786112	-0.531184779887	0.838791044679	0.074713404160
0.093303032503	0.835096109785	0.542133776431	0.130124910893
-0.988444349036	0.143028728018	-0.050205097547	0.365407169950
0.000000000000	0.000000000000	0.000000000000	1.000000000000
44	52	57
0.966445691840	-0.075797683470	0.245433159748	0.600570295705
0.034252547630	0.984966965245	0.169312847583	0.087750816735
-0.254577076156	-0.155224961125	0.954513343930	0.117377782738
0.000000000000	0.000000000000	0.000000000000	1.000000000000
45	46	57
0.418517786765	-0.427036646145	0.801550101372	-0.143218231530
0.595972383218	0.795096621172	0.112420111376	0.014930707834
-0.685317284623	0.430651907982	0.587264125882	0.018898108899
0.000000000000	0.000000000000	0.000000000000	1.000000000000
47	48	57
0.000025814002	0.104015953981	-0.994575628422	-0.107987528056
-0.484079915892	0.870278636928	0.091004006154	-0.246549026323
0.875023790741	0.481451737377	0.050374499629	0.087767676142
0.000000000000	0.000000000000	0.000000000000	1.000000000000
47	56	57
0.430586204811	0.008764754135	0.902506897099	-1.157982538558
0.583016342933	0.760629022655	-0.285544101265	0.308225737467
-0.688975662922	0.649127621489	0.322406369232	-0.290212090101
0.000000000000	0.000000000000	0.000000000000	1.000000000000
48	49	57
0.435977796837	0.455723622578	-0.776040811098	-0.172195477397
0.209470441328	0.787239225214	0.579979772488	0.290690971667
0.875240249803	-0.415415914608	0.247758194647	0.637266462111
0.000000000000	0.000000000000	0.000000000000	1.000000000000
49	54	57
-0.043630678486	-0.190093815653	0.980795954899	-2.139343905722
0.734887672478	0.658946222565	0.160405687578	-0.935298919485
-0.676783918792	0.727773465453	0.110947330961	1.574315159669
0.000000000000	0.000000000000	0.000000000000	1.000000000000
50	55	57
0.932757653299	0.263223219158	-0.246326403596	0.003848926460
-0.174431822779	0.927506693871	0.330612873353	-0.000053612817
0.315494373031	-0.265414524321	0.911053473109	0.172612399700
0.000000000000	0.000000000000	0.000000000000	1.000000000000
51	55	57
0.805107845968	0.450879270554	-0.385368965726	-0.070675109463
-0.123354687020	0.762799758033	0.634759915507	0.143756506745
0.580159441490	-0.463513120127	0.669754141398	0.204073282440
0.000000000000	0.000000000000	0.000000000000	1.000000000000
52	53	57
-0.618699926951	-0.505551453699	0.601355242809	-1.707772093832
0.306306114563	0.549643258174	0.777218664807	-0.397849828448
-0.723454880813	0.665063919038	-0.185210742187	2.247058119961
0.000000000000	0.000000000000	0.000000000000	1.000000000000
52	54	57
-0.245541565219	-0.306781958254	0.919561944537	-1.943947928075
0.271573109486	0.888847422002	0.369050547493	-0.361185835949
-0.930568313427	0.340345545719	-0.134935256902	2.160744793779
0.000000000000	0.000000000000	0.000000000000	1.000000000000
54	55	57
0.994653908596	-0.092171975818	0.046561024357	-0.229357996225
0.068775485232	0.927627656021	0.367119686773	0.180884888418
-0.077029440778	-0.361954774328	0.929007646144	0.129438052319
0.000000000000	0.000000000000	0.000000000000	1.000000000000
