0	1	60
0.996679772705	0.062028683911	-0.052743464554	-0.094749217721
-0.061445558744	0.998030801475	0.012608037819	-0.022203716500
0.053421662194	-0.009325324618	0.998528499508	0.109703567023
0.000000000000	0.000000000000	0.000000000000	1.000000000000
0	2	60
0.962485959692	0.127845811984	-0.239324519752	-0.410962190353
-0.116047505552	0.991255241941	0.062817368460	-0.183578749832
0.245262622206	-0.032687821633	0.968905440415	0.342631782269
0.000000000000	0.000000000000	0.000000000000	1.000000000000
0	3	60
0.938556294050	0.115370508711	-0.325271776547	-0.314492814299
-0.146879870798	0.986385873819	-0.073954117429	-0.483576628261
0.312311361389	0.117185978897	0.942724275649	0.597297667667
0.000000000000	0.000000000000	0.000000000000	1.000000000000
0	4	60
0.978738188183	-0.076812619456	0.190187750617	-0.117635993693
0.087958249249	0.994824901357	-0.050860220498	-0.512096103532
-0.185296803484	0.066507421634	0.980429425041	0.512624261683
0.000000000000	0.000000000000	0.000000000000	1.000000000000
0	5	60
0.952433221048	-0.191881601089	0.236753903047	0.140891678010
0.218668087325	0.971417269185	-0.092372921979	-0.236587643792
-0.212262165800	0.139749562764	0.967168461374	0.327535619729
0.000000000000	0.000000000000	0.000000000000	1.000000000000
0	6	60
0.962095894601	-0.139900341543	0.234092682559	0.444788286363
0.158899112955	0.985200381825	-0.064275030556	-0.006023052102
-0.221636101513	0.099035862631	0.970087282887	0.302309574537
0.000000000000	0.000000000000	0.000000000000	1.000000000000
0	10	60
0.999930130875	-0.003336708115	-0.011340182866	0.714097287968
0.002625304172	0.998061571156	-0.062178838519	-0.183615164409
0.011525673364	0.062144722708	0.998000597341	0.183615250830
0.000000000000	0.000000000000	0.000000000000	1.000000000000
0	11	60
0.978379353835	-0.201919033375	0.044749792738	0.493289681919
0.203498294072	0.978482614582	-0.034061962236	-0.222674173038
-0.036909135711	0.042432027085	0.998417367026	0.384584348284
0.000000000000	0.000000000000	0.000000000000	1.000000000000
0	12	60
0.985469085367	-0.153462778202	-0.072800120139	0.177725600919
0.152732352677	0.988145567185	-0.015529536320	-0.359367984009
0.074320321794	0.004184944330	0.997225639467	0.655023334156
0.000000000000	0.000000000000	0.000000000000	1.000000000000
0	13	60
0.971036696614	-0.143074309699	-0.191356932807	-0.081500106542
0.142324936974	0.989661221500	-0.017727915091	-0.419147480153
0.191914945078	-0.010020407293	0.981360405403	0.704633331761
0.000000000000	0.000000000000	0.000000000000	1.000000000000
0	14	60
0.975335285483	-0.211070580241	-0.064577790675	-0.254519389156
0.214188502199	0.975715804449	0.045847077048	-0.554314738292
0.053332601823	-0.058548092241	0.996858944123	0.962031096494
0.000000000000	0.000000000000	0.000000000000	1.000000000000
0	15	60
0.881392707048	-0.422052891260	0.212175052592	-0.047340675636
0.386736791676	0.902626632707	0.188943949075	-0.614607918041
-0.271259193259	-0.084477919642	0.958791912338	1.039591562975
0.000000000000	0.000000000000	0.000000000000	1.000000000000
0	19	60
0.808103481893	-0.366861437934	0.460848617129	0.092578064743
0.404331722594	0.914416558066	0.018926606635	-0.202099903017
-0.428351048390	0.171041058496	0.887276921627	0.293111468250
0.000000000000	0.000000000000	0.000000000000	1.000000000000
0	26	60
0.811992610543	0.130947028660	-0.568788955685	2.371052602556
-0.134611254027	0.990251284718	0.035807867911	-0.314315757900
0.567932928006	0.047489670458	0.821703669510	0.626583846914
0.000000000000	0.000000000000	0.000000000000	1.000000000000
0	27	60
0.282616793380	0.283618292325	-0.916345138230	2.118791541446
-0.262344540472	0.941721529566	0.210560924287	-0.658156216653
0.922660874961	0.180890090970	0.340552029513	1.397306784954
0.000000000000	0.000000000000	0.000000000000	1.000000000000
0	28	60
0.201466586004	0.335080159723	-0.920398012430	1.557517079949
-0.294772634135	0.916845701707	0.269263910369	-0.957913720032
0.934087955649	0.217060465821	0.283486234743	1.668386180762
0.000000000000	0.000000000000	0.000000000000	1.000000000000
0	29	60
0.121744673474	0.270582428790	-0.954967739618	1.027005003173
-0.125204975388	0.958625678786	0.255657040015	-1.024235938795
0.984632900435	0.088441829477	0.150585836584	2.050704061045
0.000000000000	0.000000000000	0.000000000000	1.000000000000
0	31	60
-0.806953048133	0.429388360874	-0.405527327876	-0.748292453594
0.222514258486	-0.414997036165	-0.882193212819	2.101487519467
-0.547096136779	-0.802124114785	0.239338090577	2.223008690435
0.000000000000	0.000000000000	0.000000000000	1.000000000000
0	32	60
-0.652224410446	0.570981015619	-0.498581987461	0.064189722126
-0.402092435791	0.296974709705	0.866099125317	-1.340936757680
0.642592399191	0.765367037178	0.035892992405	1.836537224292
0.000000000000	0.000000000000	0.000000000000	1.000000000000
0	37	60
0.364535487730	-0.667094560795	0.649691253707	-0.270822351359
0.500890294071	0.728639061225	0.467112440171	-1.090389021461
-0.784998593305	0.155144981922	0.599755986293	1.195126133220
0.000000000000	0.000000000000	0.000000000000	1.000000000000
0	38	60
0.639988474585	-0.622484831049	0.450474624716	-0.400249454449
0.426857715995	0.775499071660	0.465181341145	-0.878558828684
-0.638910981823	-0.105422127504	0.762022921137	0.718676846271
0.000000000000	0.000000000000	0.000000000000	1.000000000000
0	39	60
0.694157178020	-0.482354596314	0.534303149549	-0.359830849966
0.321732067093	0.871906208273	0.369145013482	-0.659220748515
-0.643921027152	-0.084342204080	0.760428894377	0.383312587279
0.000000000000	0.000000000000	0.000000000000	1.000000000000
0	41	60
0.961076943356	-0.115582278405	-0.250941917320	-0.481589998178
0.008017867898	0.919571310360	-0.392841340691	-0.204033655171
0.276164484943	0.375538735792	0.884705507599	0.023843412286
0.000000000000	0.000000000000	0.000000000000	1.000000000000
1	2	60
0.970788337604	0.050895076502	-0.234477493077	-0.222172050462
-0.047610559311	0.998672653137	0.019651120006	-0.145565997068
0.235166405368	-0.007913473532	0.971922907808	0.232060833967
0.000000000000	0.000000000000	0.000000000000	1.000000000000
1	3	60
0.951926918342	0.062176032592	-0.299948800809	-0.133003674227
-0.098920479206	0.989118120322	-0.108904007475	-0.466900008694
0.289913574931	0.133339735344	0.947718647094	0.473951968975
0.000000000000	0.000000000000	0.000000000000	1.000000000000
1	4	60
0.965658633019	-0.150004050915	0.212137194253	0.092249968939
0.167878394583	0.983402739272	-0.068817853967	-0.453630130774
-0.198293341059	0.102067806391	0.974813784161	0.373040611392
0.000000000000	0.000000000000	0.000000000000	1.000000000000
1	5	60
0.935061319125	-0.253373265361	0.247915949219	0.342582869857
0.288250547564	0.950535580405	-0.115731293146	-0.159719042614
-0.206329715034	0.179677763745	0.961844036167	0.206757249053
0.000000000000	0.000000000000	0.000000000000	1.000000000000
1	10	60
0.997702645609	-0.067108422175	0.009267719092	0.910369262591
0.067672590782	0.993599462739	-0.090446271907	-0.070917993634
-0.003138694111	0.090865655329	0.995858213442	0.051837364632
0.000000000000	0.000000000000	0.000000000000	1.000000000000
1	11	60
0.954706570187	-0.283120935156	0.091530874121	0.612161053334
0.288797562369	0.955752493419	-0.055974452139	-0.126018346124
-0.071633321931	0.079873070548	0.994227820869	0.230411112753
0.000000000000	0.000000000000	0.000000000000	1.000000000000
1	12	60
0.970143562350	-0.240321511500	-0.032665571188	0.337957076452
0.238724490314	0.969984762315	-0.046262064376	-0.292178902295
0.042802875541	0.037082772102	0.998395103082	0.533845289549
0.000000000000	0.000000000000	0.000000000000	1.000000000000
1	13	60
0.972323657792	-0.182251189457	-0.146188947737	0.066307865707
0.176411704953	0.982938147548	-0.052072146590	-0.380399745064
0.153184904134	0.024841538526	0.987885258069	0.558214812235
0.000000000000	0.000000000000	0.000000000000	1.000000000000
1	14	60
0.957465405010	-0.284835396985	-0.046138864667	-0.048689416681
0.286072126448	0.957938065675	0.022746445884	-0.546106374741
0.037719181828	-0.034977978148	0.998676025730	0.806390412612
0.000000000000	0.000000000000	0.000000000000	1.000000000000
1	26	60
0.905263126597	-0.003526401325	-0.424836717007	2.356217525699
-0.016549206336	0.998913933163	-0.043555457773	0.008124004110
0.424528909962	0.046459860372	0.904221591194	0.164359559023
0.000000000000	0.000000000000	0.000000000000	1.000000000000
1	27	60
0.334596736440	0.271490676770	-0.902406691238	2.345037139437
-0.273626925826	0.944334569787	0.182648640203	-0.581237344051
0.901761237483	0.185809129841	0.390258424433	1.178607738667
0.000000000000	0.000000000000	0.000000000000	1.000000000000
1	28	60
0.231963694401	0.297439083690	-0.926133271173	1.763793066043
-0.300588206988	0.927421716207	0.222566147759	-0.865593628610
0.925115978837	0.226757473531	0.304534848413	1.481119425531
0.000000000000	0.000000000000	0.000000000000	1.000000000000
1	29	60
0.267455268033	0.260620920614	-0.927655332190	1.309215534136
-0.263314117988	0.945851727098	0.189816189017	-1.050362596265
0.926894468033	0.193497405882	0.321598195031	1.725321762823
0.000000000000	0.000000000000	0.000000000000	1.000000000000
1	31	60
-0.370209064718	0.429294788611	-0.823802908997	0.217412707192
-0.399878970238	0.726797792032	0.558445860097	-1.301807421914
0.838476032790	0.536163178490	-0.097401172829	1.994244261949
0.000000000000	0.000000000000	0.000000000000	1.000000000000
1	32	60
-0.603482683007	0.573074529751	-0.554431451724	0.337096948142
-0.447585456196	0.331985780710	0.830332885540	-1.317871489684
0.659905986268	0.749246971804	0.056152155170	1.710260638060
0.000000000000	0.000000000000	0.000000000000	1.000000000000
1	40	60
0.982629382660	-0.097337295510	-0.158002997555	-0.331881021303
0.030561711555	0.924658750650	-0.379568408370	-0.043424474272
0.183045016650	0.368146228758	0.911571651672	-0.377430772868
0.000000000000	0.000000000000	0.000000000000	1.000000000000
1	41	60
0.973737102582	-0.127225840939	-0.188811123751	-0.388450699075
0.035004743171	0.903098391552	-0.428004629803	-0.171199845084
0.224968271119	0.410154703221	0.883833919023	-0.085980239302
0.000000000000	0.000000000000	0.000000000000	1.000000000000
2	3	60
0.997602945095	0.015485497624	-0.067443037458	0.151829498058
-0.025042847243	0.989368041549	-0.143261069948	-0.298431734034
0.064507516928	0.144606630983	0.987384272984	0.191357412953
0.000000000000	0.000000000000	0.000000000000	1.000000000000
2	11	60
0.900032978487	-0.296682455903	0.319249366475	0.799713420865
0.334934113600	0.939554263375	-0.071112064525	0.117569735179
-0.278854401404	0.170930706818	0.944998897504	-0.181261739866
0.000000000000	0.000000000000	0.000000000000	1.000000000000
2	12	60
0.948672253138	-0.250124374119	0.193542640256	0.626279306961
0.265925556237	0.962120019190	-0.060072183367	-0.098632559145
-0.171185731491	0.108456747811	0.979251029710	0.139541080366
0.000000000000	0.000000000000	0.000000000000	1.000000000000
2	13	60
0.972438534434	-0.210325150547	0.100631147242	0.346380116230
0.218122821245	0.973116701828	-0.073934562112	-0.227989974792
-0.082375552199	0.093846766966	0.992172894575	0.231039069581
0.000000000000	0.000000000000	0.000000000000	1.000000000000
2	14	60
0.922872617602	-0.336049238711	0.188087854055	0.313770890611
0.341240183802	0.939962495953	0.005063907665	-0.384963700461
-0.178497251072	0.059509792166	0.982139153072	0.522625025331
0.000000000000	0.000000000000	0.000000000000	1.000000000000
2	26	60
-0.633126527498	0.359369220258	-0.685568788459	1.345078868127
-0.380830527390	0.626460893336	0.680084449556	-1.582966884163
0.673883454008	0.691665029224	-0.259770240333	2.178582705746
0.000000000000	0.000000000000	0.000000000000	1.000000000000
2	27	60
0.521413121989	0.247752797879	-0.816545716639	2.811066993528
-0.303571188790	0.948176134069	0.093843231608	-0.227949889832
0.797479084086	0.198948661531	0.569602089638	0.420323104966
0.000000000000	0.000000000000	0.000000000000	1.000000000000
2	28	60
0.428574885805	0.257837382811	-0.865935015623	2.365068196810
-0.304048172439	0.943675570332	0.130503359323	-0.543097967679
0.850810364355	0.207355496632	0.482830634822	0.872299607341
0.000000000000	0.000000000000	0.000000000000	1.000000000000
2	29	60
0.495751165529	0.238435419841	-0.835092409522	1.895033563965
-0.299495203145	0.949523724929	0.093313016721	-0.755784708224
0.815189183668	0.203846134036	0.542137757834	1.032098079190
0.000000000000	0.000000000000	0.000000000000	1.000000000000
2	30	60
0.345756608156	0.358075886952	-0.867314260865	1.404660024780
-0.392312958423	0.894821839395	0.213036190343	-1.080497514271
0.852374865050	0.266599952975	0.449868374643	1.268163058762
0.000000000000	0.000000000000	0.000000000000	1.000000000000
2	31	60
0.028932949453	0.549164006327	-0.835213612551	0.939774067360
-0.553779439310	0.704420483837	0.443982110618	-1.066918581298
0.832160571665	0.449678414098	0.324496697766	1.329161638974
0.000000000000	0.000000000000	0.000000000000	1.000000000000
2	40	60
0.994615611824	-0.079971172708	0.065912034194	-0.206482500142
0.100837253866	0.893549946774	-0.437493246638	0.231089139411
-0.023908846660	0.441784001698	0.896802800450	-0.546416057330
0.000000000000	0.000000000000	0.000000000000	1.000000000000
2	41	60
0.994423589447	-0.100506364531	0.031940498435	-0.190639506597
0.103994044762	0.884230567421	-0.455325754040	-0.007253294642
0.017520371161	0.456108292325	0.889751798125	-0.294946075716
0.000000000000	0.000000000000	0.000000000000	1.000000000000
2	42	60
0.985982379397	-0.098881580209	0.134391891918	-0.096015104352
0.147744012680	0.891684943318	-0.427866414407	-0.238987213806
-0.077527119352	0.441724342725	0.893794803526	0.141664930226
0.000000000000	0.000000000000	0.000000000000	1.000000000000
3	4	60
0.846653223208	-0.179701789678	0.500884803540	0.159782610103
0.171888570354	0.983152161232	0.062178350304	0.026340485082
-0.503619537958	0.033452872094	0.863277629929	-0.157115316444
0.000000000000	0.000000000000	0.000000000000	1.000000000000
3	5	60
0.779202971934	-0.276499245859	0.562486351452	0.271304338111
0.311162368311	0.949682838723	0.035783884388	0.290889930085
-0.544077852037	0.147141676197	0.826031850505	-0.424990078719
0.000000000000	0.000000000000	0.000000000000	1.000000000000
3	10	60
0.938942673489	-0.140958886842	0.313874573868	0.789484821972
0.136239071293	0.989983268467	0.037041107020	0.415441412771
-0.315951849740	0.007982504391	0.948741644638	-0.766118090496
0.000000000000	0.000000000000	0.000000000000	1.000000000000
3	11	60
0.860238008669	-0.334965954704	0.384432539766	0.595615911294
0.326273190872	0.940998467953	0.089820310778	0.336629193502
-0.391837177103	0.048163186142	0.918773059107	-0.487464972938
0.000000000000	0.000000000000	0.000000000000	1.000000000000
3	12	60
0.924379559508	-0.269851848284	0.269633844206	0.429242054234
0.259644419825	0.962899723947	0.073545202945	0.225349248439
-0.279476663100	0.002025240742	0.960150349259	-0.113311772430
0.000000000000	0.000000000000	0.000000000000	1.000000000000
3	13	60
0.956134094270	-0.235021098919	0.174850441344	0.175317409270
0.230042149431	0.971970737912	0.048512824370	0.148887585642
-0.181351049792	-0.006161794034	0.983399119907	0.015105291786
0.000000000000	0.000000000000	0.000000000000	1.000000000000
3	14	60
0.892334731743	-0.366330982140	0.263705020904	0.133127289370
0.342674503828	0.930068019555	0.132467593873	0.013623227076
-0.293790590305	-0.027840447648	0.955464284274	0.325078022574
0.000000000000	0.000000000000	0.000000000000	1.000000000000
3	26	60
0.964663692848	-0.017403370162	-0.262908886133	2.493313326840
0.039552528539	0.996074542112	0.079190302704	0.476624836024
0.260498670221	-0.086790721066	0.961565293441	-0.910903301352
0.000000000000	0.000000000000	0.000000000000	1.000000000000
3	27	60
0.615613776650	0.227155166250	-0.754599369497	2.564563108996
-0.156157290506	0.973730168933	0.165724043912	0.147679740211
0.772421244284	0.015814188404	0.634913642021	-0.088753672875
0.000000000000	0.000000000000	0.000000000000	1.000000000000
3	28	60
0.510911389893	0.244078292179	-0.824254413979	2.203354818278
-0.165066359818	0.968856329926	0.184581984004	-0.110775373330
0.843636561876	0.041751637682	0.535288849330	0.486556230931
0.000000000000	0.000000000000	0.000000000000	1.000000000000
3	29	60
0.551295976847	0.201437718113	-0.809626822452	1.809799250457
-0.157896022535	0.978068888786	0.135831126244	-0.268773253623
0.819232318686	0.052953701573	0.571011657946	0.805330809569
0.000000000000	0.000000000000	0.000000000000	1.000000000000
3	30	60
0.381992855400	0.333526230082	-0.861882655743	1.308221665478
-0.287707745828	0.929179789096	0.232054244790	-0.521334050230
0.878240121729	0.159327252477	0.450898120648	1.072453165794
0.000000000000	0.000000000000	0.000000000000	1.000000000000
3	40	60
0.983186398353	-0.078396010954	0.164919894371	-0.517344056429
0.123786357656	0.950102331510	-0.286325858625	0.374296851098
-0.134243971005	0.301926522726	0.943832046035	-0.794017381979
0.000000000000	0.000000000000	0.000000000000	1.000000000000
3	41	60
0.989233136809	-0.095485877203	0.110906484452	-0.410657401852
0.126909221243	0.937103703107	-0.325162573473	0.235410450204
-0.072882443717	0.335736648102	0.939132074055	-0.510354766806
0.000000000000	0.000000000000	0.000000000000	1.000000000000
3	42	60
0.977534795219	-0.078609009804	0.195566734681	-0.242642588916
0.130737577748	0.953928563010	-0.270051814360	0.006063993913
-0.165328188464	0.289552966229	0.942775514026	-0.083955529481
0.000000000000	0.000000000000	0.000000000000	1.000000000000
3	43	60
0.986816629374	-0.122192555585	0.106122190664	-0.094621726766
0.148178614174	0.945849092457	-0.288812383045	-0.114119122326
-0.065084854561	0.300729901503	0.951485936863	0.322061507138
0.000000000000	0.000000000000	0.000000000000	1.000000000000
3	44	60
0.915288393138	-0.134910274917	0.379534418872	-0.071348804521
0.216140779203	0.959599310325	-0.180145294662	-0.295053920565
-0.339897515366	0.246917762312	0.907469722747	0.676125809670
0.000000000000	0.000000000000	0.000000000000	1.000000000000
3	45	60
0.842224431498	-0.121162165246	0.525335832303	0.082845995983
0.231450863731	0.961314320302	-0.149349507061	-0.328737603053
-0.486917348907	0.247375235815	0.837685494705	0.905147792495
0.000000000000	0.000000000000	0.000000000000	1.000000000000
4	5	60
0.984935846350	-0.156949239636	0.072583157495	0.233271628475
0.160480563524	0.985982516291	-0.045655955802	0.233847467545
-0.064400056719	0.056616373486	0.996316826591	-0.155907644793
0.000000000000	0.000000000000	0.000000000000	1.000000000000
4	6	60
0.995277181173	-0.069537855057	0.067733443361	0.570011759604
0.070694841597	0.997387682789	-0.014834068611	0.441413251994
-0.066524972808	0.019552415042	0.997593169112	-0.157266845055
0.000000000000	0.000000000000	0.000000000000	1.000000000000
4	7	60
0.998966393878	-0.045330234715	0.003363587801	0.971848707165
0.045231530910	0.998659258232	0.025175276750	0.516104368206
-0.004500279303	-0.024997115204	0.999677393821	-0.305023928449
0.000000000000	0.000000000000	0.000000000000	1.000000000000
4	9	60
0.991389441007	0.103709907174	0.079945177555	1.421474155783
-0.106416313691	0.993858078546	0.030359313072	0.217892410424
-0.076305599013	-0.038605373508	0.996336830944	-0.265325311007
0.000000000000	0.000000000000	0.000000000000	1.000000000000
4	10	60
0.979934009354	0.067584384563	-0.187514501503	0.860202806198
-0.065881696410	0.997710057945	0.015304978062	0.233032755996
0.188119481683	-0.002644095055	0.982142591161	-0.196554315786
0.000000000000	0.000000000000	0.000000000000	1.000000000000
4	11	60
0.984177726004	-0.124760159615	-0.125813775918	0.599761594822
0.132506983925	0.989645032221	0.055177979410	0.202359669048
0.117626964803	-0.070976142285	0.990518189827	-0.045876861686
0.000000000000	0.000000000000	0.000000000000	1.000000000000
4	12	60
0.968347400846	-0.062439056651	-0.241670592915	0.253683471772
0.083084924064	0.993625305225	0.076194804352	0.123947206090
0.235372484943	-0.093862223613	0.967362226010	0.195013394926
0.000000000000	0.000000000000	0.000000000000	1.000000000000
4	13	60
0.938626689764	-0.026113099944	-0.343944825916	-0.042838080190
0.051107372967	0.996652943334	0.063803973017	0.097113195590
0.341127503570	-0.077466228485	0.936819624983	0.167953283174
0.000000000000	0.000000000000	0.000000000000	1.000000000000
4	14	60
0.969098828936	-0.112385549713	-0.219583578553	-0.260602682061
0.144481949883	0.980114802321	0.136014486098	-0.022470357646
0.199931052897	-0.163537342788	0.966065790514	0.395572017561
0.000000000000	0.000000000000	0.000000000000	1.000000000000
4	15	60
0.949154389310	-0.299187214913	0.097943635249	-0.086562564394
0.268470014274	0.931744240763	0.244492374605	-0.078528438941
-0.164407410688	-0.205766081356	0.964691931693	0.534430393087
0.000000000000	0.000000000000	0.000000000000	1.000000000000
4	18	60
0.744281420505	-0.360852482687	0.561988125168	0.038359497189
0.334006848329	0.929793689292	0.154671007699	0.018471503666
-0.578346429366	0.072589125165	0.812555368297	0.147526128366
0.000000000000	0.000000000000	0.000000000000	1.000000000000
4	19	60
0.898359857104	-0.330660669524	0.289159279245	0.257186323903
0.333174638066	0.941928703596	0.042011639960	0.296153314302
-0.286259022029	0.058598967335	0.956358684456	-0.204537325880
0.000000000000	0.000000000000	0.000000000000	1.000000000000
4	20	60
0.925063758997	-0.228439772552	0.303434197326	0.462265539246
0.185796831017	0.968964855524	0.163054120902	0.217705412627
-0.331265119465	-0.094458345716	0.938797657406	-0.893434254234
0.000000000000	0.000000000000	0.000000000000	1.000000000000
4	25	60
0.848228304630	0.066315915060	-0.525462598701	2.623362302971
0.030089409893	0.984493765919	0.172819710334	0.126037512385
0.528775349876	-0.162401429419	0.833080071233	0.263180932984
0.000000000000	0.000000000000	0.000000000000	1.000000000000
4	26	60
0.639253913405	0.202757836524	-0.741784128925	2.421587024469
-0.138040803864	0.979201368896	0.148692352260	-0.014372160516
0.756504574120	0.007344309375	0.653947161822	0.678047968006
0.000000000000	0.000000000000	0.000000000000	1.000000000000
4	27	60
0.117843454645	0.368553234375	-0.922107061913	1.986982776669
-0.233154957033	0.912888563013	0.335071988579	-0.332783977153
0.965272855833	0.175507791711	0.193507955496	1.202274917358
0.000000000000	0.000000000000	0.000000000000	1.000000000000
4	37	60
0.539149376139	-0.619472821378	0.570588620446	-0.345055512171
0.410603938757	0.784856197793	0.464117608224	-0.544982057575
-0.735338259365	-0.015942783965	0.677512709809	0.661184969076
0.000000000000	0.000000000000	0.000000000000	1.000000000000
4	38	60
0.783186383078	-0.511846840995	0.353032435796	-0.402177629940
0.330876808882	0.823781506144	0.460330932569	-0.316267516566
-0.526440525326	-0.243714672310	0.814532707628	0.134085814811
0.000000000000	0.000000000000	0.000000000000	1.000000000000
4	39	60
0.814525667683	-0.397990035409	0.422080405138	-0.263634337474
0.240616314588	0.893801095374	0.378448663708	-0.123745248171
-0.527874725518	-0.206696718947	0.823786829548	-0.190899233283
0.000000000000	0.000000000000	0.000000000000	1.000000000000
4	41	60
0.884277768015	-0.118195076206	-0.451755191398	-0.213018533105
-0.043330131661	0.942493100802	-0.331404970738	0.360918945985
0.464946586916	0.312628659755	0.828304287333	-0.545312635403
0.000000000000	0.000000000000	0.000000000000	1.000000000000
5	6	60
0.997435729470	0.071479264979	0.003560934468	0.350017775722
-0.071555016624	0.996965230241	0.030662832323	0.164289869100
-0.001358371135	-0.030839007250	0.999523441676	0.020365986307
0.000000000000	0.000000000000	0.000000000000	1.000000000000
5	7	60
0.994642735899	0.085032640647	-0.058781612331	0.771773693428
-0.080673930224	0.994069305766	0.072924154540	0.193704845521
0.064633929989	-0.067791336893	0.995603731279	-0.096588954444
0.000000000000	0.000000000000	0.000000000000	1.000000000000
5	8	60
0.991627155719	0.104150920740	0.076342450514	1.088042513550
-0.116101290281	0.977881362065	0.173978539254	0.177657502177
-0.056533834440	-0.181385301044	0.981785769977	-0.096584634038
0.000000000000	0.000000000000	0.000000000000	1.000000000000
5	9	60
0.962415874057	0.267739718725	0.045509651502	1.098862570513
-0.270037025742	0.961253700986	0.055419554942	-0.175978767467
-0.028908304885	-0.065625950344	0.997425458142	-0.042694028799
0.000000000000	0.000000000000	0.000000000000	1.000000000000
5	10	60
0.948937539272	0.209330645010	-0.236004719488	0.599954405531
-0.189066207268	0.976257585262	0.105712328927	-0.120164743967
0.252530227558	-0.055693880072	0.965984821771	-0.000560201718
0.000000000000	0.000000000000	0.000000000000	1.000000000000
5	11	60
0.982762035027	0.022385283500	-0.183514799382	0.351064802160
-0.000665508546	0.993064275401	0.117570838307	-0.077171534626
0.184873847820	-0.115422025648	0.975960765803	0.137014775904
0.000000000000	0.000000000000	0.000000000000	1.000000000000
5	12	60
0.954562657669	0.092452478477	-0.283306674484	-0.047388763889
-0.054343710118	0.988722718827	0.139549799158	-0.062053857395
0.293013470261	-0.117813091369	0.948821996872	0.343560060603
0.000000000000	0.000000000000	0.000000000000	1.000000000000
5	15	60
0.987459016953	-0.140623270700	0.071762006486	-0.423456705921
0.114773121427	0.951537691250	0.285312377453	-0.219270435540
-0.108405813660	-0.273497930280	0.955744244920	0.677403372583
0.000000000000	0.000000000000	0.000000000000	1.000000000000
5	16	60
0.847317944386	-0.312892396783	0.429127777190	-0.368195144424
0.209739647991	0.939485870982	0.270879268837	-0.198813306933
-0.487915547181	-0.139515756317	0.861669178141	0.616830100340
0.000000000000	0.000000000000	0.000000000000	1.000000000000
5	17	60
0.628169380386	-0.310163917354	0.713583613823	-0.345902265659
0.242610169237	0.949468540006	0.199122568589	-0.233086453028
-0.739285827896	0.048039940783	0.671675984952	0.510716292475
0.000000000000	0.000000000000	0.000000000000	1.000000000000
5	18	60
0.810571454726	-0.228386217035	0.539271409081	-0.289555741796
0.195294643060	0.973528465569	0.118753227824	-0.167226451346
-0.552117667871	0.009058840718	0.833716989289	0.293255861691
0.000000000000	0.000000000000	0.000000000000	1.000000000000
5	19	60
0.956782816395	-0.173415194452	0.233439098232	0.030529831452
0.164414872386	0.984706169644	0.057632535983	0.052091226060
-0.239863277699	-0.016760960548	0.970661979379	-0.051543110204
0.000000000000	0.000000000000	0.000000000000	1.000000000000
5	20	60
0.962981157412	-0.066370760320	0.261270382255	0.291557187313
0.019019955084	0.983529555938	0.179743856377	-0.111779224055
-0.268896879450	-0.168120595916	0.948382799006	-0.717188508675
0.000000000000	0.000000000000	0.000000000000	1.000000000000
5	21	60
0.857051979670	-0.233619072443	0.459221115733	0.393479359570
0.136348787283	0.962357849434	0.235109289137	-0.085868075134
-0.496861059402	-0.138886639469	0.856644377222	-0.585533449583
0.000000000000	0.000000000000	0.000000000000	1.000000000000
5	25	60
0.820926871803	0.274225859674	-0.500878477315	2.237062604778
-0.064353076015	0.915984461245	0.396019126261	-0.738640963727
0.567395587539	-0.292869671771	0.769603535984	0.566526895118
0.000000000000	0.000000000000	0.000000000000	1.000000000000
5	26	60
0.576359726432	0.371880115330	-0.727677569786	2.039788519022
-0.205552417327	0.927800052539	0.311344288914	-0.558217849452
0.790922037547	-0.029870425681	0.611187441127	0.938944327859
0.000000000000	0.000000000000	0.000000000000	1.000000000000
5	36	60
0.472370883165	-0.516405871257	0.714276364490	-0.486778987020
0.398815362415	0.847911731206	0.349273535764	-0.755542137820
-0.786010213318	0.119877738614	0.606479408014	1.272094863030
0.000000000000	0.000000000000	0.000000000000	1.000000000000
5	37	60
0.643203674507	-0.489277627423	0.588979147682	-0.752921720209
0.280351998499	0.866280155160	0.413474847740	-0.635740115622
-0.712524939941	-0.100827060256	0.694364539620	0.814728162589
0.000000000000	0.000000000000	0.000000000000	1.000000000000
5	38	60
0.840667890811	-0.376353684877	0.389403905013	-0.771097168776
0.180616845376	0.872732711519	0.453558341793	-0.435603655347
-0.510543879139	-0.310959029654	0.801654183143	0.283699090276
0.000000000000	0.000000000000	0.000000000000	1.000000000000
5	39	60
0.871861452915	-0.226555542047	0.434200637135	-0.574647597774
0.060545610899	0.929630403776	0.363485269819	-0.310745393113
-0.485995715950	-0.290619852629	0.824225858206	-0.046946499023
0.000000000000	0.000000000000	0.000000000000	1.000000000000
6	7	60
0.996334497567	0.020017827278	-0.083167635226	0.453451248979
-0.017858330135	0.999485857974	0.026628927023	0.079685624428
0.083657928511	-0.025046083540	0.996179725098	-0.111650641330
0.000000000000	0.000000000000	0.000000000000	1.000000000000
6	8	60
0.996594682997	0.056050038801	0.060476697766	0.780008839974
-0.065108696619	0.984957173306	0.160063188703	0.044817530439
-0.050595409345	-0.163455681773	0.985252426868	-0.101027625271
0.000000000000	0.000000000000	0.000000000000	1.000000000000
6	9	60
0.982675282625	0.181443917592	0.037780864019	0.775032289545
-0.182384893240	0.982955092708	0.023130854647	-0.253184022696
-0.032939939810	-0.029620777978	0.999018303074	-0.073846058062
0.000000000000	0.000000000000	0.000000000000	1.000000000000
6	10	60
0.956531124927	0.133238990036	-0.259413913620	0.306197291650
-0.128216840154	0.991082910666	0.036264391452	-0.216162352842
0.261932527469	-0.001426786854	0.965085133723	-0.014150612964
0.000000000000	0.000000000000	0.000000000000	1.000000000000
6	11	60
0.980945804523	-0.045808163460	-0.188803974400	0.014479096555
0.059787694335	0.995821938064	0.069022454878	-0.215448841648
0.184853347805	-0.078995441841	0.979586116670	0.112411701420
0.000000000000	0.000000000000	0.000000000000	1.000000000000
6	12	60
0.950279626972	-0.003350175580	-0.311379843415	-0.348595005082
0.036819939463	0.994136325665	0.101672307203	-0.281170267186
0.309213393338	-0.108082109146	0.944830849974	0.312765162152
0.000000000000	0.000000000000	0.000000000000	1.000000000000
6	15	60
0.973310134416	-0.227649645616	0.029034825551	-0.717510039674
0.213235624726	0.943862059244	0.252299388560	-0.455228705496
-0.084840736629	-0.239374292628	0.967213522154	0.628519755453
0.000000000000	0.000000000000	0.000000000000	1.000000000000
6	16	60
0.836405859791	-0.382460668182	0.392618230602	-0.655198671671
0.288848476205	0.916338877253	0.277289775918	-0.425613611529
-0.465823781596	-0.118519615798	0.876904387702	0.577869352671
0.000000000000	0.000000000000	0.000000000000	1.000000000000
6	17	60
0.614554902037	-0.385937186559	0.688022354588	-0.625980953838
0.322984236489	0.918803466962	0.226895068429	-0.451524779530
-0.719724569097	0.082780898333	0.689306802164	0.466775029113
0.000000000000	0.000000000000	0.000000000000	1.000000000000
6	18	60
0.798893100031	-0.286797030028	0.528693936309	-0.588705331174
0.260720370988	0.957247865524	0.125305275630	-0.369065978403
-0.542028322945	0.037735759115	0.839512542854	0.255705711491
0.000000000000	0.000000000000	0.000000000000	1.000000000000
6	19	60
0.938499029060	-0.250836014777	0.237278035527	-0.338973247837
0.246856911116	0.967919265667	0.046839732982	-0.140230821819
-0.241415073860	0.014614679001	0.970311894841	-0.083847092872
0.000000000000	0.000000000000	0.000000000000	1.000000000000
6	20	60
0.958008954673	-0.138981549787	0.250804648252	-0.029791954309
0.102790311012	0.983006488083	0.152093380357	-0.212267501916
-0.267680770188	-0.119926532531	0.956014974813	-0.744244468254
0.000000000000	0.000000000000	0.000000000000	1.000000000000
6	21	60
0.862942126766	-0.230469386272	0.449682941465	0.101133788350
0.147673618218	0.966101414574	0.211755895411	-0.202330866815
-0.483242577113	-0.116326775724	0.867723857523	-0.619669859669
0.000000000000	0.000000000000	0.000000000000	1.000000000000
6	24	60
0.998823659376	-0.044586650312	0.019061166913	1.573907856304
0.041977300615	0.991838408737	0.120393011370	-0.267911467345
-0.024273518558	-0.119451251846	0.992543296148	-0.072701637790
0.000000000000	0.000000000000	0.000000000000	1.000000000000
6	25	60
0.837490969932	0.173261954436	-0.518255892805	1.915390036747
-0.058613873966	0.971414020385	0.230041767464	-0.494027597400
0.543298526651	-0.162280917375	0.823706024499	0.468873879365
0.000000000000	0.000000000000	0.000000000000	1.000000000000
6	26	60
0.586368320082	0.290221553796	-0.756269557047	1.762288937993
-0.177092172517	0.956959064037	0.229929798396	-0.593118862130
0.790449590826	-0.000894130756	0.612526444240	0.909344266671
0.000000000000	0.000000000000	0.000000000000	1.000000000000
6	35	60
-0.189122192850	-0.660779422094	0.726363098945	-0.709947179228
0.610684017362	0.500115113519	0.613962461531	-1.029650102983
-0.768958924202	0.559692262380	0.308944565128	1.352238178709
0.000000000000	0.000000000000	0.000000000000	1.000000000000
6	36	60
0.459136236582	-0.567451662689	0.683514832882	-0.750935008221
0.449781286167	0.811989796093	0.371980329661	-0.993510535403
-0.766087926332	0.136642532005	0.628043077803	1.210722578989
0.000000000000	0.000000000000	0.000000000000	1.000000000000
6	37	60
0.617381912820	-0.550757465105	0.561699019364	-1.041820438292
0.364287598207	0.833015685263	0.416388537184	-0.872528521458
-0.697233188765	-0.052450764883	0.714922931334	0.744100522877
0.000000000000	0.000000000000	0.000000000000	1.000000000000
6	38	60
0.818716382473	-0.454059508929	0.351473252783	-1.026617431189
0.272598201916	0.846092158055	0.458059254235	-0.697326102710
-0.505364922984	-0.279209638855	0.816485316578	0.256486094563
0.000000000000	0.000000000000	0.000000000000	1.000000000000
6	39	60
0.861535163901	-0.300746002971	0.409034232137	-0.879229205567
0.141701560878	0.916089297103	0.375101409460	-0.543018025648
-0.487522131813	-0.265202265132	0.831859320775	-0.070511907721
0.000000000000	0.000000000000	0.000000000000	1.000000000000
6	53	60
0.730350238468	-0.324528460822	0.601057241273	-0.814659549874
0.241184585793	0.945773093317	0.217585044371	-0.864343411540
-0.639076305886	-0.013947547269	0.769016866642	1.559752826759
0.000000000000	0.000000000000	0.000000000000	1.000000000000
6	54	60
0.469157399891	-0.318073138167	0.823845138909	-0.759360601124
0.278423042951	0.938583545724	0.203817410566	-0.721643032719
-0.838076334997	0.133755024102	0.528902306902	1.382709829464
0.000000000000	0.000000000000	0.000000000000	1.000000000000
6	59	60
0.411803783517	-0.522880831190	0.746333223336	-1.015098715901
0.284979091046	0.851816696083	0.439539797903	-0.436374571737
-0.865566035348	0.031685211821	0.499791442308	0.931883767201
0.000000000000	0.000000000000	0.000000000000	1.000000000000
7	8	60
0.987854740428	0.057130797947	0.144495964439	0.323703769133
-0.075797357168	0.988980582361	0.127169840601	-0.010223728011
-0.135638388592	-0.136577742103	0.981299519975	-0.012603144877
0.000000000000	0.000000000000	0.000000000000	1.000000000000
7	9	60
0.976736446199	0.176446626727	0.121870843863	0.313269451013
-0.176977252383	0.984193191155	-0.006543288385	-0.329701507136
-0.121098995893	-0.015177298849	0.992524399092	0.009610124549
0.000000000000	0.000000000000	0.000000000000	1.000000000000
7	10	60
0.973120305845	0.149831241502	-0.174892736903	-0.137184087589
-0.149044917019	0.988672028144	0.017698403236	-0.313550775093
0.175563330631	0.008844197889	0.984428411364	0.099825713327
0.000000000000	0.000000000000	0.000000000000	1.000000000000
7	11	60
0.989408907837	-0.025014356331	-0.142983548252	-0.311827845628
0.030886237781	0.998761924551	0.038995620040	-0.290273278698
0.141831073497	-0.042998837705	0.988956544317	0.243775310806
0.000000000000	0.000000000000	0.000000000000	1.000000000000
7	15	60
0.964036036927	-0.239339125325	0.115547836826	-1.123023448262
0.208963076127	0.951233202908	0.226913698353	-0.555660968497
-0.164222265002	-0.194607751062	0.967036126990	0.813184792452
0.000000000000	0.000000000000	0.000000000000	1.000000000000
7	16	60
0.782401287794	-0.425194500362	0.455036110348	-1.040681678555
0.339412216271	0.903738363510	0.260876058246	-0.556321419488
-0.522156654946	-0.049664949230	0.851402267153	0.747044530283
0.000000000000	0.000000000000	0.000000000000	1.000000000000
7	17	60
0.544447706331	-0.388244073214	0.743534286153	-1.021307068387
0.354424566247	0.909893496292	0.215585371133	-0.561481687842
-0.760236753855	0.146151856027	0.632992664308	0.646497931110
0.000000000000	0.000000000000	0.000000000000	1.000000000000
7	18	60
0.755707057882	-0.307582806584	0.578186526790	-0.985708476396
0.293807819082	0.948247426133	0.120431658122	-0.478547879908
-0.585306593260	0.078864668423	0.806967506137	0.429075102022
0.000000000000	0.000000000000	0.000000000000	1.000000000000
7	19	60
0.913949769412	-0.260835192517	0.310903234681	-0.767897057676
0.269713133804	0.962825333138	0.014906485893	-0.221590808504
-0.303233646623	0.070230906391	0.950324668386	0.103275055424
0.000000000000	0.000000000000	0.000000000000	1.000000000000
7	20	60
0.936570458684	-0.155816472036	0.313937896667	-0.509891075936
0.123600290802	0.985029939968	0.120162329704	-0.267057043049
-0.327961497793	-0.073737672926	0.941808903948	-0.598373763037
0.000000000000	0.000000000000	0.000000000000	1.000000000000
7	21	60
0.818702168214	-0.286931237425	0.497390414816	-0.396295305525
0.206676124836	0.955396763934	0.210954978342	-0.297736083169
-0.535734765704	-0.069910574699	0.841487238383	-0.484290523727
0.000000000000	0.000000000000	0.000000000000	1.000000000000
7	24	60
0.993456234162	-0.056152753277	0.099456418110	1.114488161794
0.046318796948	0.994051932863	0.098566342227	-0.363492517566
-0.104399616154	-0.093314645528	0.990148017761	-0.065018592531
0.000000000000	0.000000000000	0.000000000000	1.000000000000
7	25	60
0.881777223609	0.140992128635	-0.450100152840	1.478455188486
-0.058964803962	0.979742397573	0.191384394065	-0.533433016632
0.467965895998	-0.142218332366	0.872228104409	0.439559424444
0.000000000000	0.000000000000	0.000000000000	1.000000000000
7	26	60
0.637194664091	0.302027500603	-0.709057366461	1.360848443939
-0.210520019675	0.953234662897	0.216852481582	-0.728636829071
0.741393472705	0.011093526579	0.670978876194	0.922261616890
0.000000000000	0.000000000000	0.000000000000	1.000000000000
7	35	60
-0.259549922418	-0.620969825961	0.739614976200	-1.032125338539
0.632366073717	0.469553286957	0.616143538082	-1.165738759497
-0.729895188767	0.627627426069	0.270807731538	1.507773195837
0.000000000000	0.000000000000	0.000000000000	1.000000000000
7	36	60
0.346210806701	-0.590532892750	0.728978038012	-1.091514244781
0.497094712987	0.774458975722	0.391292909779	-1.155996493713
-0.795634918567	0.226901294629	0.561676845573	1.390289303162
0.000000000000	0.000000000000	0.000000000000	1.000000000000
7	37	60
0.558695889892	-0.600909224721	0.571635378771	-1.369648171964
0.405824327057	0.799161698330	0.443449202830	-1.062695690198
-0.723301816800	-0.015769704085	0.690351937961	0.929585470626
0.000000000000	0.000000000000	0.000000000000	1.000000000000
7	38	60
0.788152575739	-0.467860338380	0.399902764590	-1.465526465149
0.285791247528	0.853642358148	0.435451589974	-0.794514657694
-0.545104467229	-0.228913582266	0.806510813109	0.433401390096
0.000000000000	0.000000000000	0.000000000000	1.000000000000
7	39	60
0.825246123178	-0.327228618534	0.460315399908	-1.291179857528
0.174932621639	0.923062655464	0.342569572458	-0.610274833101
-0.536998523337	-0.202180031903	0.818996837987	0.104102822595
0.000000000000	0.000000000000	0.000000000000	1.000000000000
7	53	60
0.697707859417	-0.284677565165	0.657390619647	-1.144335248467
0.236296756653	0.957748475102	0.163956400410	-0.984177310861
-0.676289572375	0.040945602109	0.735497023763	1.719917074026
0.000000000000	0.000000000000	0.000000000000	1.000000000000
7	54	60
0.384412803227	-0.346851179694	0.855523848797	-1.058222236241
0.305899311515	0.922235333618	0.236447881448	-0.892444023955
-0.871006548730	0.170810563407	0.460620606897	1.562487386506
0.000000000000	0.000000000000	0.000000000000	1.000000000000
7	58	60
0.063111562801	-0.564326751099	0.823135619831	-1.480383743238
0.332223103801	0.789619646471	0.515876558111	-0.637139700088
-0.941086999136	0.240906894674	0.237316514715	1.253542215103
0.000000000000	0.000000000000	0.000000000000	1.000000000000
7	59	60
0.337866172777	-0.508542848114	0.791978927071	-1.380165985554
0.380906947307	0.843353073299	0.379032308979	-0.506814600410
