0	1	60
0.998270221664	0.035200631551	-0.047090127178	-0.107162076418
-0.033918859046	0.999039334958	0.027747400028	-0.058883012302
0.048021615344	-0.026102159791	0.998505183619	0.122944085920
0.000000000000	0.000000000000	0.000000000000	1.000000000000
0	2	60
0.962336701811	0.137743527677	-0.234381724823	-0.420133678780
-0.128028088537	0.990174105211	0.056249888142	-0.166766123582
0.239826772678	-0.024123887614	0.970515923184	0.356331999318
0.000000000000	0.000000000000	0.000000000000	1.000000000000
0	3	60
0.937146959387	0.094911011080	-0.335778910130	-0.302538018530
-0.123434597616	0.990247893003	-0.064598842988	-0.516462649565
0.326373216768	0.101985343946	0.939723104428	0.601613050192
0.000000000000	0.000000000000	0.000000000000	1.000000000000
0	4	60
0.980886984260	-0.065631979883	0.183175236660	-0.102089073537
0.080011821147	0.994172584727	-0.072242510020	-0.459601382459
-0.177366379524	0.085517922063	0.980422282703	0.504828567020
0.000000000000	0.000000000000	0.000000000000	1.000000000000
0	5	60
0.949453010957	-0.203537205659	0.238980304415	0.137373619554
0.230027599216	0.969154946742	-0.088464641555	-0.243450660338
-0.213603098256	0.138965085972	0.966986257036	0.320544619064
0.000000000000	0.000000000000	0.000000000000	1.000000000000
0	6	60
0.963871906558	-0.172795622244	0.202713148762	0.507566730724
0.192466084285	0.977907886758	-0.081565749038	0.042134648690
-0.184140582565	0.117634340010	0.975835236043	0.293739957504
0.000000000000	0.000000000000	0.000000000000	1.000000000000
0	10	60
0.999210100270	-0.035695397112	-0.017464654129	0.730308778136
0.034535547761	0.997433033945	-0.062726698749	-0.182402863904
0.019658877376	0.062073999550	0.997877921952	0.197560110737
0.000000000000	0.000000000000	0.000000000000	1.000000000000
0	11	60
0.975598892274	-0.212072399081	0.056851551804	0.466243408592
0.213712474434	0.976590721615	-0.024444646194	-0.238990311175
-0.050336663239	0.035998055560	0.998083343379	0.381743995258
0.000000000000	0.000000000000	0.000000000000	1.000000000000
0	12	60
0.989270213459	-0.128276357554	-0.069925823948	0.177856721664
0.127807039362	0.991736224052	-0.011163448930	-0.363863514637
0.070779979172	0.002106654972	0.997489727543	0.671402936278
0.000000000000	0.000000000000	0.000000000000	1.000000000000
0	13	60
0.978105487798	-0.118698278568	-0.170939677676	-0.108506596822
0.119847496442	0.992785720875	-0.003618013642	-0.454653068790
0.170135923119	-0.016947893413	0.985274853314	0.689515604088
0.000000000000	0.000000000000	0.000000000000	1.000000000000
0	14	60
0.980210450187	-0.197584271543	-0.012162605946	-0.329452117349
0.197951740818	0.978825060040	0.052121110363	-0.578431556921
0.001606751872	-0.053497266073	0.998566703266	0.959842791815
0.000000000000	0.000000000000	0.000000000000	1.000000000000
0	15	60
0.874419008571	-0.432256592629	0.220330741339	-0.063669809846
0.398440612151	0.898906053112	0.182244303797	-0.620897690586
-0.276832938862	-0.071569167989	0.958249121134	1.044499772379
0.000000000000	0.000000000000	0.000000000000	1.000000000000
0	19	60
0.815577985606	-0.371832273067	0.443365887390	0.141270494322
0.415863903230	0.909423971550	-0.002292151897	-0.147808568703
-0.402355270110	0.186249297116	0.896337791203	0.282077141835
0.000000000000	0.000000000000	0.000000000000	1.000000000000
0	26	60
0.796287872074	0.118825463250	-0.593132475987	2.367996950510
-0.130717522402	0.991151136887	0.023072780178	-0.296747999191
0.590625561692	0.059160232687	0.804774199850	0.692104354033
0.000000000000	0.000000000000	0.000000000000	1.000000000000
0	27	60
0.295643595772	0.320561551966	-0.899908415162	2.116794688913
-0.264093866535	0.932731559719	0.245491888181	-0.731421801467
0.918068240349	0.165082188333	0.360414451927	1.350517651929
0.000000000000	0.000000000000	0.000000000000	1.000000000000
0	28	60
0.191095941686	0.343393356338	-0.919545183172	1.554676012573
-0.298011247612	0.912886647835	0.278975383326	-0.980199624031
0.935238813014	0.220723743688	0.276784016164	1.675010553799
0.000000000000	0.000000000000	0.000000000000	1.000000000000
0	29	60
0.159983357653	0.232562580027	-0.959333086913	1.104574920108
-0.237644562987	0.952341100892	0.191236736100	-0.922383108051
0.958086836856	0.197385597050	0.207625959650	1.963658323092
0.000000000000	0.000000000000	0.000000000000	1.000000000000
0	31	60
-0.804394946855	0.491240361609	-0.334113269117	-0.880509241703
0.131635156702	-0.401036615881	-0.906554917389	2.126109673090
-0.579328020204	-0.773209247131	0.257927325340	2.109219776938
0.000000000000	0.000000000000	0.000000000000	1.000000000000
0	32	60
-0.688303486893	0.539337548240	-0.485132269582	0.009320787164
-0.354901789610	0.332897974793	0.873626726990	-1.320746024156
0.632679247062	0.773494633102	-0.037722975755	1.900821915805
0.000000000000	0.000000000000	0.000000000000	1.000000000000
0	37	60
0.344741681228	-0.683527658012	0.643384110743	-0.267393816915
0.513896594118	0.710994260291	0.479997346230	-1.118222622699
-0.785533871821	0.165157811096	0.596371892073	1.194384924518
0.000000000000	0.000000000000	0.000000000000	1.000000000000
0	38	60
0.639550210149	-0.618924185626	0.455969715162	-0.408018450474
0.427093040759	0.779236978687	0.458673375706	-0.875080631777
-0.639192508743	-0.098603161680	0.762699385914	0.715650213935
0.000000000000	0.000000000000	0.000000000000	1.000000000000
0	39	60
0.704648361589	-0.470669533578	0.530981051142	-0.348240512017
0.315240195881	0.878080295698	0.359998073894	-0.643749214392
-0.635684123925	-0.086285482373	0.767111797668	0.360246893635
0.000000000000	0.000000000000	0.000000000000	1.000000000000
0	41	60
0.962907951855	-0.122977213831	-0.240176770595	-0.491224440707
0.012949383444	0.910139081089	-0.414100430504	-0.167392535227
0.269519182478	0.395630456302	0.877972637571	0.044868673772
0.000000000000	0.000000000000	0.000000000000	1.000000000000
1	2	60
0.967706271970	0.048292526535	-0.247411404487	-0.197208656346
-0.046219843217	0.998830612850	0.014182134049	-0.137678439724
0.247806975855	-0.002288823744	0.968806721696	0.231194131183
0.000000000000	0.000000000000	0.000000000000	1.000000000000
1	3	60
0.948971615970	0.075699681124	-0.306141193506	-0.132547319882
-0.115388424084	0.986794675246	-0.113674009753	-0.454856516526
0.293493413334	0.143198558595	0.945175004507	0.469407788544
0.000000000000	0.000000000000	0.000000000000	1.000000000000
1	4	60
0.970349048201	-0.138433461622	0.198138591293	0.117311679377
0.158040514595	0.983614210526	-0.086754138797	-0.427578378392
-0.182882258306	0.115495720938	0.976327208492	0.376532404986
0.000000000000	0.000000000000	0.000000000000	1.000000000000
1	5	60
0.915850628331	-0.303677223809	0.262674266582	0.302876841881
0.338288457077	0.935988835778	-0.097395169838	-0.175804561941
-0.216283486178	0.178059099848	0.959956462850	0.187242157283
0.000000000000	0.000000000000	0.000000000000	1.000000000000
1	10	60
0.998286476060	-0.056461007065	0.015370959504	0.897456076908
0.057801572100	0.992390172326	-0.108723153621	-0.052557327310
-0.009115370406	0.109425319519	0.993953222979	0.056768866062
0.000000000000	0.000000000000	0.000000000000	1.000000000000
1	11	60
0.957557929660	-0.278703796740	0.073532340017	0.636851245470
0.283619882873	0.956528367713	-0.067920864236	-0.110413223791
-0.051405966430	0.085893395802	0.994977261636	0.236373085774
0.000000000000	0.000000000000	0.000000000000	1.000000000000
1	12	60
0.977824101297	-0.207810086761	-0.025980661332	0.324005360401
0.207234964288	0.978016444152	-0.023184144274	-0.327955283303
0.030227413046	0.017285913616	0.999393566465	0.516993569954
0.000000000000	0.000000000000	0.000000000000	1.000000000000
1	13	60
0.957675333746	-0.213208813584	-0.193390684743	0.163389039576
0.208026950416	0.976995144486	-0.046960361493	-0.373212917955
0.198954122942	0.004742305479	0.979997330355	0.571091456177
0.000000000000	0.000000000000	0.000000000000	1.000000000000
1	14	60
0.958079456652	-0.284594179007	-0.033013754967	-0.067402647142
0.285238712246	0.958310829543	0.016710206936	-0.538560836454
0.026881811285	-0.025426506935	0.999315196005	0.812747868076
0.000000000000	0.000000000000	0.000000000000	1.000000000000
1	26	60
0.287814320007	0.371098004551	-0.882864195795	1.631424115786
-0.496301229346	0.846219641264	0.193900511831	-0.822514396903
0.819053116073	0.382359241757	0.427730526494	1.116890185628
0.000000000000	0.000000000000	0.000000000000	1.000000000000
1	27	60
0.322507580430	0.256258253193	-0.911219275606	2.334236872178
-0.286833770700	0.943852605123	0.163916587900	-0.545117071796
0.902061665603	0.208504118601	0.377903140997	1.210043610366
0.000000000000	0.000000000000	0.000000000000	1.000000000000
1	28	60
0.313744065665	0.280259530203	-0.907204087838	1.789368548307
-0.293598560283	0.937258356966	0.188007068213	-0.807797207950
0.902975385412	0.207367712117	0.376343042066	1.375399610169
0.000000000000	0.000000000000	0.000000000000	1.000000000000
1	29	60
0.288268575695	0.215466956998	-0.932992614499	1.344012691767
-0.264526576072	0.954356570699	0.138669486608	-0.934652588864
0.920286324368	0.206827286417	0.332107745732	1.679914763493
0.000000000000	0.000000000000	0.000000000000	1.000000000000
1	31	60
-0.306061729593	0.458827448470	-0.834148422170	0.264247467509
-0.449498592868	0.702732310957	0.551469232275	-1.295599616754
0.839212269147	0.543732169056	-0.008837174076	1.868698179729
0.000000000000	0.000000000000	0.000000000000	1.000000000000
1	32	60
-0.549642134740	0.579318030491	-0.601900442986	0.469513958423
-0.473363448646	0.377691804204	0.795786369902	-1.289537128585
0.688346256766	0.722315388584	0.066632651239	1.703626947351
0.000000000000	0.000000000000	0.000000000000	1.000000000000
1	40	60
0.984271036388	-0.094870520951	-0.149030571298	-0.363751882976
0.026529991316	0.913385693660	-0.406229903107	0.047655644599
0.174661634275	0.395886547981	0.901535997418	-0.370450828407
0.000000000000	0.000000000000	0.000000000000	1.000000000000
1	41	60
0.968945343958	-0.162253243094	-0.186597978361	-0.364994603814
0.064854509220	0.894952675233	-0.441422248791	-0.156341668241
0.238618551368	0.415612312377	0.877683082179	-0.079458106256
0.000000000000	0.000000000000	0.000000000000	1.000000000000
2	3	60
0.997869496384	0.015688614914	-0.063327210174	0.137785578855
-0.023782998682	0.991337972252	-0.129164212324	-0.319605948347
0.060752260535	0.130395138459	0.989599045425	0.179152489823
0.000000000000	0.000000000000	0.000000000000	1.000000000000
2	11	60
0.876682040722	-0.317035170419	0.361824957948	0.663182174942
0.368075325488	0.926333969472	-0.080161909714	0.177206330568
-0.309756604842	0.203455345763	0.928793178290	-0.168360051365
0.000000000000	0.000000000000	0.000000000000	1.000000000000
2	12	60
0.949476934008	-0.248848823791	0.191227128529	0.628484577737
0.268971399086	0.959185548632	-0.087278117359	-0.044961153293
-0.161703241344	0.134303187580	0.977657770155	0.166486571256
0.000000000000	0.000000000000	0.000000000000	1.000000000000
2	13	60
0.975510591294	-0.195683431177	0.100434461396	0.349730400187
0.205895899011	0.973028778774	-0.104028238706	-0.161175083386
-0.077369018630	0.122159692372	0.989490295312	0.249618613840
0.000000000000	0.000000000000	0.000000000000	1.000000000000
2	14	60
0.925425723088	-0.329769717959	0.186652522522	0.334462121875
0.337438272631	0.941294708851	-0.009984150055	-0.354437253993
-0.172402561496	0.072223294066	0.982375260572	0.535365442334
0.000000000000	0.000000000000	0.000000000000	1.000000000000
2	26	60
-0.567224197407	0.401841835268	-0.718874014904	1.426310007672
-0.456201995638	0.573415034868	0.680496096215	-1.578654199106
0.685664968518	0.713945612225	-0.141933835754	1.887353365289
0.000000000000	0.000000000000	0.000000000000	1.000000000000
2	27	60
0.533208764489	0.186657168602	-0.825134846483	2.802529429205
-0.254393001622	0.965589951757	0.054039298578	-0.091785330564
0.806828739075	0.181094302712	0.562345302575	0.428038650603
0.000000000000	0.000000000000	0.000000000000	1.000000000000
2	28	60
0.416721743570	0.259886659045	-0.871092367598	2.371898481655
-0.309259131448	0.941633448332	0.132985858640	-0.550604604790
0.854810960419	0.213975170132	0.472771454844	0.878574486416
0.000000000000	0.000000000000	0.000000000000	1.000000000000
2	29	60
0.501604743841	0.224162721860	-0.835549971626	1.884405019087
-0.276036059194	0.956830874500	0.090987755378	-0.726019224183
0.819876072941	0.185002031699	0.541827900063	1.028271315842
0.000000000000	0.000000000000	0.000000000000	1.000000000000
2	30	60
0.329185087315	0.391281191333	-0.859381293489	1.373297626695
-0.458822372636	0.861723880028	0.216596364139	-1.107679336667
0.825299466047	0.323003071036	0.463195215264	1.212273480567
0.000000000000	0.000000000000	0.000000000000	1.000000000000
2	31	60
0.046005909129	0.534597642780	-0.843853551666	0.943414815604
-0.525611120431	0.731311857953	0.434644586411	-1.053644953492
0.849480080052	0.423542591424	0.314635132883	1.342697102898
0.000000000000	0.000000000000	0.000000000000	1.000000000000
2	40	60
0.992538680589	-0.080524247209	0.091557703911	-0.264817929256
0.112437650974	0.894931715900	-0.431804352132	0.196429638192
-0.047167172667	0.438877055095	0.897308301719	-0.541106424673
0.000000000000	0.000000000000	0.000000000000	1.000000000000
2	41	60
0.993282101033	-0.110319041337	0.034933893096	-0.196968888304
0.113786358179	0.876201579831	-0.468319822551	0.026823882848
0.021055461543	0.469148697771	0.882868148094	-0.291156458383
0.000000000000	0.000000000000	0.000000000000	1.000000000000
2	42	60
0.985195565919	-0.106784179144	0.134115010263	-0.094615024917
0.154901396529	0.889672553816	-0.429521017345	-0.234067480491
-0.073452394423	0.443936804142	0.893042473616	0.123303413386
0.000000000000	0.000000000000	0.000000000000	1.000000000000
3	4	60
0.841100657834	-0.195894205356	0.504157855933	0.146718058075
0.187502254158	0.979911991965	0.067936681467	0.019277229021
-0.507338731103	0.037389146966	0.860935226142	-0.152633595315
0.000000000000	0.000000000000	0.000000000000	1.000000000000
3	5	60
0.782073192969	-0.228851673100	0.579645091896	0.235644579080
0.276402135873	0.961020126709	0.006494254824	0.304430638815
-0.558536820742	0.155136158842	0.814843170245	-0.383219859899
0.000000000000	0.000000000000	0.000000000000	1.000000000000
3	10	60
0.933442451835	-0.103449730249	0.343487033851	0.729175294613
0.096314466877	0.994632207363	0.037819248355	0.392639467129
-0.345555657720	-0.002219321367	0.938395631933	-0.749896706829
0.000000000000	0.000000000000	0.000000000000	1.000000000000
3	11	60
0.865846432009	-0.300129417779	0.400290255642	0.552035758777
0.296672257528	0.952241935486	0.072255573594	0.349394914137
-0.402859191022	0.056192783218	0.913535354172	-0.469159516992
0.000000000000	0.000000000000	0.000000000000	1.000000000000
3	12	60
0.914124335448	-0.299101690747	0.273705823711	0.415256513875
0.284987165476	0.954207453934	0.090942016527	0.194136205369
-0.288373048074	-0.005129663549	0.957504397743	-0.107126989015
0.000000000000	0.000000000000	0.000000000000	1.000000000000
3	13	60
0.955679232887	-0.241980019709	0.167698759360	0.185422853747
0.233488097451	0.969913203575	0.068932473329	0.102240007519
-0.179333522181	-0.026721668964	0.983425360782	0.025336615487
0.000000000000	0.000000000000	0.000000000000	1.000000000000
3	14	60
0.904050862158	-0.339340393542	0.259884851314	0.149260753742
0.317536617589	0.940224246840	0.123080713941	0.033189666636
-0.286116296498	-0.028748268904	0.957763541754	0.308677596836
0.000000000000	0.000000000000	0.000000000000	1.000000000000
3	26	60
0.987520464539	-0.036021322068	-0.153316002013	2.282000899707
0.049210381823	0.995323904504	0.083118370068	0.457011413133
0.149605048169	-0.089625830420	0.984675347556	-1.039138342396
0.000000000000	0.000000000000	0.000000000000	1.000000000000
3	27	60
0.643875073825	0.249248462172	-0.723394839221	2.481616870528
-0.182766320280	0.968185928920	0.170916585540	0.132964093175
0.742981400493	0.022163283741	0.668945010727	-0.166494017352
0.000000000000	0.000000000000	0.000000000000	1.000000000000
3	28	60
0.496107500437	0.253604645755	-0.830398718485	2.209953744883
-0.169325501245	0.966288881640	0.193945022743	-0.128349479912
0.851590407789	0.044390098786	0.522324895531	0.496934730756
0.000000000000	0.000000000000	0.000000000000	1.000000000000
3	29	60
0.558301409842	0.216189019124	-0.800975557541	1.805707260050
-0.162777201706	0.975230754288	0.149761672322	-0.287977334752
0.813512826188	0.046768407093	0.579663348613	0.779006919023
0.000000000000	0.000000000000	0.000000000000	1.000000000000
3	30	60
0.444036300174	0.387380826284	-0.807940504960	1.256869420640
-0.341701001311	0.906776850912	0.246974023643	-0.572674630643
0.828294748161	0.166408647847	0.535010254192	0.941612290403
0.000000000000	0.000000000000	0.000000000000	1.000000000000
3	40	60
0.983161952495	-0.080825816003	0.163889482986	-0.508175818692
0.124934403326	0.951817342583	-0.280062745155	0.359000674529
-0.133356552264	0.295822470116	0.945888522048	-0.782606697637
0.000000000000	0.000000000000	0.000000000000	1.000000000000
3	41	60
0.989592667551	-0.081671326816	0.118474244903	-0.439763550938
0.116749366531	0.936993995161	-0.329259530533	0.245571111074
-0.084118593330	0.339664610179	0.936777462820	-0.504344041601
0.000000000000	0.000000000000	0.000000000000	1.000000000000
3	42	60
0.976182519838	-0.089898073934	0.197448788969	-0.251089524424
0.145196450806	0.946952939235	-0.286702147789	0.050679821205
-0.161200740184	0.308542488446	0.937451787660	-0.081615805672
0.000000000000	0.000000000000	0.000000000000	1.000000000000
3	43	60
0.986913174287	-0.121115290183	0.106458784995	-0.088363235777
0.147478000028	0.944932245460	-0.292152855535	-0.112112696774
-0.065212160878	0.304029830730	0.950427922622	0.311170932351
0.000000000000	0.000000000000	0.000000000000	1.000000000000
3	44	60
0.918642445652	-0.114948446709	0.377998560374	-0.074402756422
0.197396934214	0.962304393943	-0.187095440246	-0.284117041396
-0.342243345310	0.246489569753	0.906704132887	0.669647262415
0.000000000000	0.000000000000	0.000000000000	1.000000000000
3	45	60
0.841496786955	-0.117077122210	0.527424027703	0.075783037297
0.236426271697	0.957597911949	-0.164647675606	-0.313401855747
-0.485783671602	0.263247386475	0.833495673605	0.936503626386
0.000000000000	0.000000000000	0.000000000000	1.000000000000
4	5	60
0.984821833015	-0.160284029248	0.066595699444	0.244889667913
0.163521401973	0.985449746710	-0.046363216093	0.236515729538
-0.058195432065	0.056549329595	0.996702295076	-0.155771208754
0.000000000000	0.000000000000	0.000000000000	1.000000000000
4	6	60
0.995129534570	-0.059055942632	0.078927847223	0.543948577200
0.059680543919	0.998201953050	-0.005576163969	0.430133491853
-0.078456625629	0.010259462308	0.996864735723	-0.155402305582
0.000000000000	0.000000000000	0.000000000000	1.000000000000
4	7	60
0.997898388975	-0.062149507791	-0.018336956219	0.993827935504
0.062500038055	0.997860158399	0.019205455536	0.528081884676
0.017104108429	-0.020311153601	0.999647391091	-0.297646011704
0.000000000000	0.000000000000	0.000000000000	1.000000000000
4	9	60
0.989359350590	0.116476219157	0.087185811751	1.385314407837
-0.118785106012	0.992681468165	0.021762383881	0.222767352947
-0.084012939418	-0.031887193875	0.995954332727	-0.255805546151
0.000000000000	0.000000000000	0.000000000000	1.000000000000
4	10	60
0.978514454465	0.068185481518	-0.194576983514	0.870621238229
-0.066915110860	0.997672641867	0.013102198616	0.235046553820
0.195017512911	0.000199449691	0.980799739946	-0.186057560089
0.000000000000	0.000000000000	0.000000000000	1.000000000000
4	11	60
0.983558736787	-0.122900575903	-0.132316513450	0.618665835928
0.131648040996	0.989509487960	0.059495937166	0.189782842838
0.123616360531	-0.075936958590	0.989420322072	-0.046199270168
0.000000000000	0.000000000000	0.000000000000	1.000000000000
4	12	60
0.963704506446	-0.069486309800	-0.257769813994	0.276317806200
0.090105097797	0.993536087979	0.069044284583	0.123676287878
0.251305980046	-0.089764662496	0.963736276042	0.199205758096
0.000000000000	0.000000000000	0.000000000000	1.000000000000
4	13	60
0.930831756450	-0.030526491469	-0.364170804023	-0.002759866208
0.046840242403	0.998251775008	0.036046988584	0.156974591749
0.362433763432	-0.050611530434	0.930634321370	0.199710673012
0.000000000000	0.000000000000	0.000000000000	1.000000000000
4	14	60
0.972043336738	-0.108551268663	-0.208202722304	-0.294952510852
0.137227049253	0.982155196394	0.128607570344	-0.025942147532
0.190526870694	-0.153583177036	0.969593584588	0.400277907810
0.000000000000	0.000000000000	0.000000000000	1.000000000000
4	15	60
0.952325382452	-0.299119443534	0.060032694730	-0.042636257486
0.277191372179	0.930538243855	0.239297973063	-0.069098197539
-0.127441394870	-0.211248988690	0.969088517965	0.518560904183
0.000000000000	0.000000000000	0.000000000000	1.000000000000
4	18	60
0.733084115631	-0.357099845222	0.578850049625	0.010440381886
0.327489167370	0.931251826947	0.159752558863	0.004218945991
-0.596102780286	0.072455057449	0.799632252967	0.159800151238
0.000000000000	0.000000000000	0.000000000000	1.000000000000
4	19	60
0.906081740268	-0.313732399869	0.283880012021	0.282869953689
0.316685524980	0.947820259513	0.036701960787	0.297195469014
-0.280581820902	0.056645714137	0.958157139956	-0.208402450730
0.000000000000	0.000000000000	0.000000000000	1.000000000000
4	20	60
0.924458792808	-0.228089360769	0.305534259787	0.435451095049
0.178151745378	0.966880827878	0.182766026112	0.180093385258
-0.337102204114	-0.114528198212	0.934476000653	-0.885673874726
0.000000000000	0.000000000000	0.000000000000	1.000000000000
4	25	60
0.873103490410	0.106095074257	-0.475850953821	2.548636817231
-0.016130331500	0.981786525352	0.189301429059	0.057607144123
0.487268003710	-0.157604104821	0.858912590840	0.190228933852
0.000000000000	0.000000000000	0.000000000000	1.000000000000
4	26	60
0.678389005868	0.238730939162	-0.694835157001	2.393120317399
-0.167777612164	0.971084798094	0.169838122242	-0.069094150260
0.715289472574	0.001361468583	0.698826957715	0.551924767876
0.000000000000	0.000000000000	0.000000000000	1.000000000000
4	27	60
0.091947279628	0.370788675928	-0.924154454392	1.983618875609
-0.276796760398	0.901025991206	0.333969634254	-0.359438646929
0.956519341781	0.225095359735	0.185479993055	1.218946453731
0.000000000000	0.000000000000	0.000000000000	1.000000000000
4	37	60
0.539072718444	-0.607603941259	0.583282139960	-0.368740674926
0.411518374236	0.794239603071	0.447030290450	-0.520795040648
-0.734883141659	-0.000950515943	0.678193088010	0.649550639724
0.000000000000	0.000000000000	0.000000000000	1.000000000000
4	38	60
0.788398692604	-0.488743758255	0.373573339878	-0.438854766973
0.293059252706	0.832335997769	0.470460477853	-0.336508076896
-0.540873160643	-0.261431301846	0.799443493007	0.166817856582
0.000000000000	0.000000000000	0.000000000000	1.000000000000
4	39	60
0.816225904212	-0.388532097683	0.427572312438	-0.275005937788
0.217717748050	0.892383789556	0.395284902724	-0.166767207975
-0.535139472921	-0.229551696155	0.812977098887	-0.182448527877
0.000000000000	0.000000000000	0.000000000000	1.000000000000
4	41	60
0.900612998343	-0.084832985426	-0.426262350906	-0.317581990245
-0.059874334048	0.947197613052	-0.315010707676	0.325689839222
0.430477980085	0.309224912341	0.847979163806	-0.563210010267
0.000000000000	0.000000000000	0.000000000000	1.000000000000
5	6	60
0.998504950368	0.052532499620	0.015106309098	0.298300899713
-0.052948342894	0.998187926684	0.028589088943	0.156872072712
-0.013577079055	-0.029346200870	0.999477094995	0.017785641952
0.000000000000	0.000000000000	0.000000000000	1.000000000000
5	7	60
0.994966939994	0.073711646930	-0.067877694614	0.775974105161
-0.068428780770	0.994671097895	0.077116204359	0.185038427077
0.073200343453	-0.072083285991	0.994708856701	-0.099337279330
0.000000000000	0.000000000000	0.000000000000	1.000000000000
5	8	60
0.989842476901	0.103463042072	0.097505229852	1.039618640943
-0.120253789159	0.975155724616	0.186038541549	0.129686975290
-0.075834669619	-0.195874224119	0.977692380665	-0.111653695971
0.000000000000	0.000000000000	0.000000000000	1.000000000000
5	9	60
0.961172894483	0.272585138495	0.042941928036	1.106824404810
-0.275009486152	0.959053941096	0.067714995339	-0.205818631623
-0.022725523939	-0.076895255634	0.996780151399	-0.034726929009
0.000000000000	0.000000000000	0.000000000000	1.000000000000
5	10	60
0.945628576818	0.210282864868	-0.248128417253	0.623892414537
-0.191380467854	0.976583928475	0.098271802506	-0.106495786067
0.262983100654	-0.045441692164	0.963729703487	0.010018663156
0.000000000000	0.000000000000	0.000000000000	1.000000000000
5	11	60
0.981448073201	0.014677369585	-0.191165515801	0.383944564115
0.007266322382	0.993501725237	0.113584869192	-0.070335637617
0.191590396858	-0.112866721279	0.974963703457	0.146073189754
0.000000000000	0.000000000000	0.000000000000	1.000000000000
5	12	60
0.954429302813	0.123955292000	-0.271477055232	-0.057622256830
-0.085928081777	0.985280612478	0.147778480967	-0.045676881310
0.285799004012	-0.117716609958	0.951031928510	0.341731337351
0.000000000000	0.000000000000	0.000000000000	1.000000000000
5	15	60
0.987682309033	-0.136857341263	0.075853309526	-0.423876720387
0.108905656445	0.949339493411	0.294778025377	-0.219084033785
-0.112353079255	-0.282886186289	0.952550361497	0.677496783292
0.000000000000	0.000000000000	0.000000000000	1.000000000000
5	16	60
0.847209122192	-0.325481540292	0.419879113798	-0.356232776703
0.222601442390	0.935107275079	0.275722654022	-0.211906904093
-0.482374648091	-0.140129051321	0.864684074015	0.610826019972
0.000000000000	0.000000000000	0.000000000000	1.000000000000
5	17	60
0.618971261067	-0.320031330045	0.717254854123	-0.355476974344
0.252378480190	0.945831700708	0.204224133423	-0.246310581647
-0.743760499563	0.054610820587	0.666211661234	0.519518293346
0.000000000000	0.000000000000	0.000000000000	1.000000000000
5	18	60
0.813967814607	-0.222445801599	0.536632334224	-0.288747965358
0.186414978803	0.974944273064	0.121380064667	-0.164784609661
-0.550187106775	0.001236839236	0.835040488699	0.294727445951
0.000000000000	0.000000000000	0.000000000000	1.000000000000
5	19	60
0.955108904865	-0.169666753197	0.242858338762	0.002453091221
0.160298625053	0.985364237170	0.057979918183	0.040298357247
-0.249141186183	-0.016447278374	0.968327504712	-0.050762796639
0.000000000000	0.000000000000	0.000000000000	1.000000000000
5	20	60
0.957253803751	-0.059864607283	0.282986543847	0.207764400994
0.009537959826	0.984349141708	0.175971004832	-0.111466357086
-0.289091996649	-0.165749799439	0.942842946338	-0.716315869407
0.000000000000	0.000000000000	0.000000000000	1.000000000000
5	21	60
0.867553322490	-0.231477804467	0.440192297384	0.431803079154
0.144472485209	0.964213975770	0.222304093410	-0.048353439132
-0.475898028631	-0.129264979668	0.869949211952	-0.598170656063
0.000000000000	0.000000000000	0.000000000000	1.000000000000
5	25	60
0.826012024945	0.238817001864	-0.510559080095	2.259271346216
-0.105530192869	0.955312066035	0.276119964655	-0.420111296962
0.553685391752	-0.174199012939	0.814301658387	0.525222186353
0.000000000000	0.000000000000	0.000000000000	1.000000000000
5	26	60
0.570766968728	0.363385123530	-0.736326231644	2.053003604466
-0.185799912086	0.930640169075	0.315257463626	-0.550203022403
0.799814641075	-0.043129197777	0.598695592285	0.970751983271
0.000000000000	0.000000000000	0.000000000000	1.000000000000
5	36	60
0.478078290743	-0.509986791050	0.715090638223	-0.498316471330
0.382610879934	0.853775004668	0.353096524991	-0.744389724640
-0.790601076698	0.104793675188	0.603297789789	1.272204402919
0.000000000000	0.000000000000	0.000000000000	1.000000000000
5	37	60
0.651162396297	-0.461243946001	0.602695242993	-0.771465014331
0.273034727514	0.883330734540	0.381023425773	-0.589023754936
-0.708123980119	-0.083551395527	0.701127372940	0.792148108581
0.000000000000	0.000000000000	0.000000000000	1.000000000000
5	38	60
0.841107738893	-0.366298409648	0.397948799048	-0.774831024062
0.170149757921	0.877603813886	0.448174749102	-0.430481082533
-0.513407081616	-0.309252358024	0.800484945270	0.310536217377
0.000000000000	0.000000000000	0.000000000000	1.000000000000
5	39	60
0.875519453921	-0.228740557821	0.425609495916	-0.560637906798
0.063840136375	0.927885413823	0.367359627344	-0.317694612544
-0.478946889324	-0.294459532063	0.826984559217	-0.048464014522
0.000000000000	0.000000000000	0.000000000000	1.000000000000
6	7	60
0.997009107091	0.026182331579	-0.072714000650	0.472326461868
-0.024767076774	0.999487172707	0.020297376724	0.092103207298
0.073208143573	-0.018435756207	0.997146273426	-0.107805219021
0.000000000000	0.000000000000	0.000000000000	1.000000000000
6	8	60
0.996002854122	0.055629743138	0.069883089936	0.762958514506
-0.065535915017	0.986727909111	0.148570108784	0.068237777921
-0.060690678225	-0.152556104629	0.986429559835	-0.103710339626
0.000000000000	0.000000000000	0.000000000000	1.000000000000
6	9	60
0.979870766046	0.194540456364	0.044802820078	0.773614973681
-0.196091972374	0.980020514491	0.033282571217	-0.285543152197
-0.037432876190	-0.041398091912	0.998441274070	-0.070230411966
0.000000000000	0.000000000000	0.000000000000	1.000000000000
6	10	60
0.957929384465	0.152566426479	-0.243094179053	0.267177877139
-0.145454955933	0.988245506546	0.047049703361	-0.243299721420
0.247414935225	-0.009711040279	0.968860952627	-0.024639640453
0.000000000000	0.000000000000	0.000000000000	1.000000000000
6	11	60
0.981870733205	-0.055919629432	-0.181115593808	0.005799186116
0.071575677561	0.994133539898	0.081089008079	-0.240716991225
0.175518619121	-0.092582395162	0.980113113089	0.111642509016
0.000000000000	0.000000000000	0.000000000000	1.000000000000
6	12	60
0.950866974916	0.022195855263	-0.308803076447	-0.344891231769
0.013715118907	0.993427748708	0.113636277702	-0.289383200956
0.309295799402	-0.112288254532	0.944313219418	0.298947225391
0.000000000000	0.000000000000	0.000000000000	1.000000000000
6	15	60
0.968635973505	-0.243472154379	0.049655421394	-0.756544515412
0.223372799491	0.940725034605	0.255227352991	-0.460816323431
-0.108852851499	-0.236130725043	0.965605166417	0.657199638390
0.000000000000	0.000000000000	0.000000000000	1.000000000000
6	16	60
0.839969211055	-0.391464062528	0.375776013375	-0.613702609308
0.298663384442	0.911694964537	0.282156825952	-0.434178918301
-0.453047356545	-0.124772510542	0.882711681887	0.557045774359
0.000000000000	0.000000000000	0.000000000000	1.000000000000
6	17	60
0.627827961687	-0.355210461858	0.692573157371	-0.611128443264
0.295148834146	0.931987061116	0.210445440945	-0.429661151049
-0.720221643820	0.072288627724	0.689967490593	0.466591618181
0.000000000000	0.000000000000	0.000000000000	1.000000000000
6	18	60
0.799262954972	-0.279121826698	0.532230903529	-0.586255309001
0.254383843543	0.959481953535	0.121174423805	-0.357674134054
-0.544488373571	0.038540714855	0.837882464517	0.265499554968
0.000000000000	0.000000000000	0.000000000000	1.000000000000
6	19	60
0.940131019377	-0.244600281766	0.237327555428	-0.326296463532
0.239992032958	0.969558368474	0.048583888666	-0.143423446719
-0.241986550292	0.011281501727	0.970214016182	-0.078729654705
0.000000000000	0.000000000000	0.000000000000	1.000000000000
6	20	60
0.963236031487	-0.122140967786	0.239286296376	0.002007068515
0.085042612320	0.983498781455	0.159680621763	-0.239661465680
-0.254841326584	-0.133460596676	0.957728650193	-0.749745058967
0.000000000000	0.000000000000	0.000000000000	1.000000000000
6	21	60
0.864212385509	-0.236242841919	0.444214219014	0.125626409836
0.141187137971	0.961303004211	0.236564422868	-0.247695927662
-0.482911114807	-0.141724569985	0.864124413183	-0.612543655236
0.000000000000	0.000000000000	0.000000000000	1.000000000000
6	24	60
0.998651623728	-0.039509386257	-0.033674067530	1.692594235976
0.043136696882	0.992445259736	0.114854829283	-0.257318285053
0.028881824882	-0.116152549800	0.992811374515	-0.041838631812
0.000000000000	0.000000000000	0.000000000000	1.000000000000
6	25	60
0.834719804238	0.144432559206	-0.531396353256	1.926140310799
-0.032646359973	0.976273030654	0.214068177920	-0.428418659901
0.549706343054	-0.161338790930	0.819629630350	0.486150004452
0.000000000000	0.000000000000	0.000000000000	1.000000000000
6	26	60
0.579222866697	0.297287372797	-0.759026408414	1.772330202865
-0.202186016520	0.954425520455	0.219528450611	-0.599192656780
0.789697211226	0.026308627466	0.612932435675	0.911403893220
0.000000000000	0.000000000000	0.000000000000	1.000000000000
6	35	60
-0.200712289756	-0.664986710227	0.719379768941	-0.713576029923
0.604262991581	0.493954605903	0.625200035439	-1.066085010766
-0.771090665063	0.560179901931	0.302684098897	1.379700987357
0.000000000000	0.000000000000	0.000000000000	1.000000000000
6	36	60
0.450003333828	-0.566606931863	0.690256172959	-0.775013884708
0.459046961295	0.809770243776	0.365442252103	-0.988854201641
-0.766011022682	0.152409766944	0.624498499654	1.206240017636
0.000000000000	0.000000000000	0.000000000000	1.000000000000
6	37	60
0.608006876293	-0.552497634229	0.570152613387	-1.043893337383
0.358574028942	0.831817646151	0.423679205672	-0.887789405227
-0.708344763621	-0.053157950697	0.703862151368	0.766201700511
0.000000000000	0.000000000000	0.000000000000	1.000000000000
6	38	60
0.831696342252	-0.433041008867	0.347500617157	-1.038443846188
0.253290004807	0.852861993506	0.456585800806	-0.678726598883
-0.494090444908	-0.291722307464	0.819007159662	0.237149073603
0.000000000000	0.000000000000	0.000000000000	1.000000000000
6	39	60
0.861318534693	-0.306326934719	0.405332198154	-0.879797862310
0.142438742282	0.911393066014	0.386100872724	-0.561954249449
-0.487690051664	-0.274820829427	0.828632563457	-0.078567968405
0.000000000000	0.000000000000	0.000000000000	1.000000000000
6	53	60
0.765190842999	-0.173681838426	0.619933539012	-0.857724214762
0.167214832746	0.983493032337	0.069142281240	-0.699142120507
-0.621709074649	0.050755042571	0.781602042061	1.533803735287
0.000000000000	0.000000000000	0.000000000000	1.000000000000
6	54	60
0.480868289263	-0.337521972971	0.809224694471	-0.737779977107
0.279931075468	0.933734747480	0.223109870550	-0.743544377130
-0.830905699444	0.119240677249	0.543486319534	1.364217877225
0.000000000000	0.000000000000	0.000000000000	1.000000000000
6	59	60
0.437328529701	-0.519936208155	0.733764333120	-1.013261367163
0.281024559726	0.854077061004	0.437695751291	-0.439841859677
-0.854265154352	0.014788959289	0.519627109322	0.913552536804
0.000000000000	0.000000000000	0.000000000000	1.000000000000
7	8	60
0.987688580862	0.050872521284	0.147929894924	0.314433894112
-0.070937749814	0.988479979783	0.133698037457	-0.027804147946
-0.139424183288	-0.142545838756	0.979919170630	-0.025076663641
0.000000000000	0.000000000000	0.000000000000	1.000000000000
7	9	60
0.977434569940	0.179434183887	0.111467641670	0.338435506861
-0.178949914205	0.983752552618	-0.014416775752	-0.315301722747
-0.112243439418	-0.005855669907	0.993663485008	0.008922585279
0.000000000000	0.000000000000	0.000000000000	1.000000000000
7	10	60
0.973476105004	0.145467226967	-0.176588671395	-0.139753644259
-0.145224441651	0.989294392856	0.014368918194	-0.318258050658
0.176788389137	0.011657192689	0.984179849075	0.104586553824
0.000000000000	0.000000000000	0.000000000000	1.000000000000
7	11	60
0.990783894539	-0.029716365204	-0.132152230251	-0.343716805371
0.036606426739	0.998077297397	0.050016776606	-0.326191208886
0.130411824014	-0.054393437653	0.989966721712	0.244661125302
0.000000000000	0.000000000000	0.000000000000	1.000000000000
7	15	60
0.957288978067	-0.278080098903	0.079178728612	-1.067513776852
0.252443754676	0.937373687264	0.240005668995	-0.607476488260
-0.140960856963	-0.209766606061	0.967537083416	0.811346019624
0.000000000000	0.000000000000	0.000000000000	1.000000000000
7	16	60
0.781870296122	-0.420376850767	0.460393465832	-1.046106991162
0.330072149609	0.905602519826	0.266338979754	-0.557774721672
-0.528896224314	-0.056279476036	0.846818401125	0.766408616076
0.000000000000	0.000000000000	0.000000000000	1.000000000000
7	17	60
0.561102246080	-0.385136467790	0.732689682351	-1.011824613568
0.356739153811	0.911253164342	0.205802931502	-0.546128325003
-0.746928005622	0.145902610172	0.648699454880	0.627253084644
0.000000000000	0.000000000000	0.000000000000	1.000000000000
7	18	60
0.754237915502	-0.306760229193	0.580537103556	-0.985561918270
0.297315548187	0.947877777744	0.114591375175	-0.479376249145
-0.585430296129	0.086173547240	0.806129944941	0.431831906468
0.000000000000	0.000000000000	0.000000000000	1.000000000000
7	19	60
0.928618855589	-0.236549786273	0.285851744194	-0.714332498439
0.244054581318	0.969713711797	0.009626966856	-0.198852980008
-0.279471612839	0.060823644803	0.958225496347	0.073100618929
0.000000000000	0.000000000000	0.000000000000	1.000000000000
7	20	60
0.933737815676	-0.159944973380	0.320236314412	-0.534109341907
0.125401696029	0.984089134753	0.125868937767	-0.277389538600
-0.335273181466	-0.077370410055	0.938938610047	-0.600997044413
0.000000000000	0.000000000000	0.000000000000	1.000000000000
7	21	60
0.815476985903	-0.277866135655	0.507727974528	-0.419028590079
0.194583586356	0.957781245517	0.211641946826	-0.297141001841
-0.545100461734	-0.073793606712	0.835116752452	-0.472818497574
0.000000000000	0.000000000000	0.000000000000	1.000000000000
7	24	60
0.991555783730	-0.081945776043	0.100508793348	1.115339049038
0.071047764350	0.991653222808	0.107592290040	-0.338326734227
-0.108486602548	-0.099542832409	0.989101552715	-0.069377123948
0.000000000000	0.000000000000	0.000000000000	1.000000000000
7	25	60
0.887678707413	0.126326109608	-0.442795919625	1.449890169077
-0.050419413018	0.982514893676	0.179227136603	-0.499291999326
0.457694652794	-0.136770602599	0.878526839128	0.419600121947
0.000000000000	0.000000000000	0.000000000000	1.000000000000
7	26	60
0.635567780694	0.270582057789	-0.723076030682	1.394846161497
-0.191570261492	0.962553594851	0.191810875479	-0.667856843862
0.747900014077	0.016611051836	0.663603527644	0.931781393000
0.000000000000	0.000000000000	0.000000000000	1.000000000000
7	35	60
-0.249189768480	-0.581901178035	0.774141768855	-1.067767908397
0.632228596077	0.507777426489	0.585191496393	-1.095388424656
-0.733615336254	0.635258297191	0.241361625498	1.563848637329
0.000000000000	0.000000000000	0.000000000000	1.000000000000
7	36	60
0.370555964383	-0.588290969936	0.718750312662	-1.083233517454
0.505607451257	0.776899831018	0.375216947642	-1.142483752854
-0.779133738516	0.224366635789	0.585329164019	1.377935038655
0.000000000000	0.000000000000	0.000000000000	1.000000000000
7	37	60
0.531595768792	-0.564106478091	0.631814703832	-1.473209695970
0.389289130558	0.825213207830	0.409239702928	-0.996049628802
-0.752236606017	0.028408502230	0.658280370032	0.981001354627
0.000000000000	0.000000000000	0.000000000000	1.000000000000
7	38	60
0.779642502120	-0.482071626141	0.399705536811	-1.468004124342
0.310913830630	0.852032286304	0.421157420709	-0.792311253056
-0.543590065040	-0.204078245694	0.814163319503	0.404798954354
0.000000000000	0.000000000000	0.000000000000	1.000000000000
7	39	60
0.813702418816	-0.330793889644	0.477978844915	-1.306781448152
0.173107532082	0.922875615926	0.343997645144	-0.609830082658
-0.554907339967	-0.197169977690	0.808209034810	0.129878616316
0.000000000000	0.000000000000	0.000000000000	1.000000000000
7	53	60
0.811414747278	-0.157734809847	0.562784006225	-1.085552211431
0.121801613651	0.987389088909	0.101129392443	-0.882679278690
-0.571638412646	-0.013509880316	0.820394422410	1.609131606786
0.000000000000	0.000000000000	0.000000000000	1.000000000000
7	54	60
0.366861220869	-0.347787875533	0.862818890762	-1.038502576989
0.298457258736	0.922460670535	0.244927695503	-0.901862959936
-0.881099375400	0.167660087525	0.442214863749	1.606598059360
0.000000000000	0.000000000000	0.000000000000	1.000000000000
7	58	60
0.095221420254	-0.550885197274	0.829131099736	-1.474318385134
0.316551818775	0.806437615445	0.499453019237	-0.591598082286
-0.943783781994	0.214904331782	0.251173846222	1.217881619212
0.000000000000	0.000000000000	0.000000000000	1.000000000000
7	59	60
0.329014012647	-0.527393194501	0.783330197220	-1.373137742349
0.349524813652	0.838612377017	0.417805799093	-0.547476364839
