1	2	60
0.863751965282	-0.116179083591	0.490341679859	-0.212343129173
0.094200227578	0.993133386919	0.069371412779	-0.005277303093
-0.495034200430	-0.013729396288	0.868765010853	0.285967900274
0.000000000000	0.000000000000	0.000000000000	1.000000000000
2	3	60
0.846231322119	-0.143918726299	0.513010672097	-0.537751597969
0.134414440001	0.989351287069	0.055828210563	-0.018330371534
-0.515582493675	0.021712461768	0.856564802697	0.120375703510
0.000000000000	0.000000000000	0.000000000000	1.000000000000
2	5	60
0.707950794194	-0.141696893064	0.691901483953	-1.048484267609
0.086033206354	0.989673533888	0.114649830898	-0.102436878906
-0.701002111555	-0.021639935693	0.712830802350	0.237884784683
0.000000000000	0.000000000000	0.000000000000	1.000000000000
2	7	60
0.843325486798	-0.090742725722	0.529686587564	-0.922734786107
0.106263122935	0.994337368753	0.001160088371	-0.109704477163
-0.526792437323	0.055307818881	0.848192650964	0.344139110862
0.000000000000	0.000000000000	0.000000000000	1.000000000000
3	4	60
0.956952165335	-0.028920559000	0.288801237060	-0.380289913664
-0.000390704197	0.994894130477	0.100923319869	0.041671189656
-0.290245414452	-0.096691625337	0.952054793055	-0.359268258459
0.000000000000	0.000000000000	0.000000000000	1.000000000000
3	5	60
0.977254323193	0.009143050464	0.211873529327	-0.456526260122
-0.017824675146	0.999076238426	0.039101800054	-0.030779120764
-0.211320298971	-0.041988979980	0.976514545106	-0.171074602572
0.000000000000	0.000000000000	0.000000000000	1.000000000000
3	6	60
0.988259928349	0.045739661061	0.145774474535	-0.436829306265
-0.011952008301	0.974355517951	-0.224696404370	-0.090373437309
-0.152313701017	0.220316154753	0.963463195165	-0.014297845917
0.000000000000	0.000000000000	0.000000000000	1.000000000000
3	7	60
0.999243918835	0.020579311106	-0.032986097462	-0.329921568864
-0.021694050554	0.999193126480	-0.033800357481	-0.068178440334
0.032263893782	0.034490403734	0.998884103992	-0.018111551210
0.000000000000	0.000000000000	0.000000000000	1.000000000000
3	38	60
0.408438831356	-0.498753089492	0.764475687490	-2.200387380162
0.353519453538	0.858589784680	0.371278302104	-0.527499890220
-0.841547216151	0.118612551465	0.527000327917	1.446274154383
0.000000000000	0.000000000000	0.000000000000	1.000000000000
3	39	60
0.102535042908	-0.305285294770	0.946724592357	-2.187289613451
0.257875610430	0.927361016451	0.271111996622	-0.591577713148
-0.960721986072	0.216338701957	0.173812633357	1.516869555230
0.000000000000	0.000000000000	0.000000000000	1.000000000000
3	40	60
0.040061444645	-0.444506005933	0.894879596003	-1.928281019811
0.260386236853	0.869298222084	0.420142367228	-0.620184137117
-0.964673047364	0.216182820252	0.150568588747	1.772130991704
0.000000000000	0.000000000000	0.000000000000	1.000000000000
3	41	60
-0.141061989418	-0.494049523583	0.857914088583	-1.666311561519
0.208156739603	0.832406129482	0.513586221932	-0.752498915001
-0.967869974170	0.251028093742	-0.014581126597	1.780960563983
0.000000000000	0.000000000000	0.000000000000	1.000000000000
3	45	60
-0.144784653315	0.045497726282	0.988416592874	-2.086640115378
0.234221738325	0.972127156906	-0.010438778738	-0.605527814927
-0.961341552967	0.229997277611	-0.151405649930	1.726593200155
0.000000000000	0.000000000000	0.000000000000	1.000000000000
3	46	60
0.078610490676	-0.206690030486	0.975243365552	-2.434480145224
0.249547090605	0.951205078981	0.181480432255	-0.665784450095
-0.965166638631	0.229102878678	0.126353593757	1.567890166090
0.000000000000	0.000000000000	0.000000000000	1.000000000000
3	47	60
-0.117364888871	-0.483160744401	0.867629631773	-1.718806849345
0.198341829895	0.844661235951	0.497200075418	-0.705511468912
-0.973080675676	0.230441080435	-0.003302585913	1.738663670259
0.000000000000	0.000000000000	0.000000000000	1.000000000000
4	5	60
0.995422004046	0.020929216401	-0.093257716899	-0.099927847955
-0.026214169318	0.998097186893	-0.055810597940	-0.096321771979
0.091912192811	0.057999770830	0.994076544033	0.159300452576
0.000000000000	0.000000000000	0.000000000000	1.000000000000
4	6	60
0.988232954508	-0.021397071764	-0.151452279427	-0.124866609391
-0.028284187180	0.947527154944	-0.318421568679	-0.174845049076
0.150318436591	0.318958392215	0.935772361024	0.301731168121
0.000000000000	0.000000000000	0.000000000000	1.000000000000
4	7	60
0.948589679222	0.011585803353	-0.316296363613	-0.080759494918
-0.057406538081	0.989052935457	-0.135936677349	-0.127549200288
0.311258911293	0.147105608403	0.938870507640	0.318000721482
0.000000000000	0.000000000000	0.000000000000	1.000000000000
4	38	60
0.665112826152	-0.494486299392	0.559560745765	-2.241987826923
0.381608665327	0.869174512848	0.314500385949	-0.708052403378
-0.641872070615	0.004354988837	0.766799373394	1.095249329273
0.000000000000	0.000000000000	0.000000000000	1.000000000000
4	39	60
0.360544372332	-0.320440223834	0.875971357140	-2.329640108972
0.316377277779	0.925474965896	0.208330280094	-0.715414072684
-0.877446963460	0.202025123310	0.435054796395	1.294584387416
0.000000000000	0.000000000000	0.000000000000	1.000000000000
4	40	60
0.337366615460	-0.497349882207	0.799266452093	-2.057370777201
0.333944708656	0.857053620451	0.392351912488	-0.848298855700
-0.880150383931	0.134544365697	0.455228640713	1.479330014451
0.000000000000	0.000000000000	0.000000000000	1.000000000000
4	41	60
0.160028980907	-0.543165412323	0.824234226495	-1.864142742493
0.301753554666	0.821942649347	0.483068394155	-0.938872018156
-0.939859307299	0.171410664897	0.295436738480	1.574115347464
0.000000000000	0.000000000000	0.000000000000	1.000000000000
4	46	60
0.367017350534	-0.285001426701	0.885478656539	-2.501582032676
0.325186824302	0.931158035587	0.164918895407	-0.898463110133
-0.871522686858	0.227417896262	0.434429864020	1.138560728645
0.000000000000	0.000000000000	0.000000000000	1.000000000000
4	47	60
0.185426490994	-0.524370065964	0.831055383449	-1.898403045720
0.285022692935	0.838064905080	0.465198107676	-0.899256394536
-0.940414313454	0.150609590645	0.304856802869	1.523189257744
0.000000000000	0.000000000000	0.000000000000	1.000000000000
5	6	60
0.998373593553	-0.030113539236	-0.048408082502	-0.041766634594
0.016640423066	0.966062691168	-0.257771164121	-0.084119602483
0.054527644521	0.256546392465	0.964992582612	0.147333667757
0.000000000000	0.000000000000	0.000000000000	1.000000000000
5	7	60
0.971476266780	0.003590340995	-0.237109621344	0.063406228318
-0.017549874407	0.998231924641	-0.056789317084	-0.089432786505
0.236486500652	0.059330717829	0.969821633565	0.162760903370
0.000000000000	0.000000000000	0.000000000000	1.000000000000
5	38	60
0.571381846968	-0.524454481116	0.631245025479	-2.043178678626
0.367701137269	0.851244344045	0.374404781462	-0.615952359796
-0.733702023035	0.018181418218	0.679228074674	1.206198782296
0.000000000000	0.000000000000	0.000000000000	1.000000000000
5	39	60
0.266920675425	-0.364997867586	0.891924834102	-2.068599678152
0.299804457030	0.911029272530	0.283095305750	-0.661551865654
-0.915898815686	0.191839050378	0.352600536265	1.317051590660
0.000000000000	0.000000000000	0.000000000000	1.000000000000
5	40	60
0.268820929660	-0.498764534862	0.823995902017	-1.813472495283
0.272484364855	0.859919684036	0.431613725357	-0.692736142431
-0.923843914677	0.108499197099	0.367069946390	1.513497117496
0.000000000000	0.000000000000	0.000000000000	1.000000000000
5	45	60
0.040453908291	-0.049869152561	0.997936144714	-1.957880807283
0.268483129025	0.962565132998	0.037217928006	-0.740600745161
-0.962434564390	0.266423408053	0.052328547736	1.481728686542
0.000000000000	0.000000000000	0.000000000000	1.000000000000
5	46	60
0.315287942056	-0.277940595043	0.907382245375	-2.265188795626
0.289145814099	0.938822496168	0.187101627136	-0.734309178740
-0.903874002161	0.203374891063	0.376364772398	1.142876242324
0.000000000000	0.000000000000	0.000000000000	1.000000000000
6	7	60
0.980962419384	0.036124688952	-0.190808119862	0.120479928011
0.001574923276	0.981033722537	0.193830737662	0.023253111020
0.194191275226	-0.190441177517	0.962300320343	0.014786872834
0.000000000000	0.000000000000	0.000000000000	1.000000000000
6	46	60
0.238438902991	-0.252305789200	0.937810576970	-2.220190904786
0.034865576876	0.967264122367	0.251365290225	-0.305347752252
-0.970531442607	-0.027237957285	0.239430183130	1.342750360247
0.000000000000	0.000000000000	0.000000000000	1.000000000000
7	38	60
0.372234322268	-0.526845487136	0.764117426846	-1.783298036688
0.308646022494	0.846689158463	0.433422544106	-0.508394457247
-0.875316652489	0.074507057554	0.477775529146	1.565489992771
0.000000000000	0.000000000000	0.000000000000	1.000000000000
7	46	60
0.074182033613	-0.246198447424	0.966376402017	-1.985674901214
0.206711662078	0.951795914633	0.226616031316	-0.641732297848
-0.975585626509	0.182950434201	0.121498246800	1.608541887592
0.000000000000	0.000000000000	0.000000000000	1.000000000000
8	9	60
-0.496364727223	-0.246671602289	0.832331170985	-2.006248707277
-0.237892002511	-0.883429266128	-0.403683201149	1.501739147884
0.834882897603	-0.398379031041	0.379821925271	1.868449597389
0.000000000000	0.000000000000	0.000000000000	1.000000000000
8	35	60
0.994855868473	-0.016372261708	-0.099968745176	-0.595794608710
0.025040540579	0.995973425564	0.086080816081	-0.100983158718
0.098156875933	-0.088141276461	0.991259977549	-0.287028646697
0.000000000000	0.000000000000	0.000000000000	1.000000000000
8	36	60
0.887097147440	-0.365167211636	0.282332354771	-1.607737301546
0.354949973288	0.930688530897	0.088483755119	-0.593385547825
-0.295074850618	0.021720175024	0.955227232929	0.445031831203
0.000000000000	0.000000000000	0.000000000000	1.000000000000
8	37	60
0.794300657212	-0.439638354233	0.419290571608	-1.435528538300
0.315667763222	0.888346365296	0.333458540943	-0.641045142125
-0.519076419436	-0.132509821344	0.844393757694	1.021861726244
0.000000000000	0.000000000000	0.000000000000	1.000000000000
8	38	60
-0.105162316385	-0.583154046951	0.805526067075	-0.990223291575
0.441432338190	0.698466153223	0.563278371325	-0.813444125716
-0.891110755189	0.414820913559	0.183970735881	1.399037545441
0.000000000000	0.000000000000	0.000000000000	1.000000000000
9	10	60
0.815414132223	0.168116019111	-0.553928512617	0.348366442499
-0.243574444364	0.967711230764	-0.064857257930	-0.206417295108
0.525139298686	0.187808354371	0.830034179419	0.468216830730
0.000000000000	0.000000000000	0.000000000000	1.000000000000
9	11	60
0.799548384153	-0.072605327879	-0.596196987381	0.409223497190
-0.262943215647	0.850163171517	-0.456161645847	-0.146438573009
0.539984487503	0.521489259871	0.660655511667	0.484027331599
0.000000000000	0.000000000000	0.000000000000	1.000000000000
9	32	60
0.617925153915	-0.127426957231	0.775842042384	-2.077648781705
0.369621756608	0.918017441401	-0.143609659586	-0.272744375201
-0.693936784730	0.375508119559	0.614365844545	-0.370975596761
0.000000000000	0.000000000000	0.000000000000	1.000000000000
9	33	60
-0.226632109727	-0.612675762155	-0.757143511700	1.983223087775
-0.792024829010	-0.336506704494	0.509372072323	-0.997698116915
-0.566863790582	0.715116527777	-0.408991191382	3.282612542287
0.000000000000	0.000000000000	0.000000000000	1.000000000000
9	35	60
0.852028316859	-0.291765743053	0.434649857301	-1.706545725281
0.232406505629	0.954795691021	0.185344016759	-0.407097912273
-0.469078845624	-0.056902896131	0.881321222370	0.041399140032
0.000000000000	0.000000000000	0.000000000000	1.000000000000
9	36	60
0.567307537404	-0.402575960946	0.718397350826	-1.457541104477
0.399146887757	0.897464444540	0.187721423338	-0.547720898517
-0.720308211808	0.180250288364	0.669825285837	0.487170511806
0.000000000000	0.000000000000	0.000000000000	1.000000000000
9	37	60
0.377644937374	-0.585998318699	0.716931148548	-0.958130453094
0.373480353318	0.804887611836	0.461159796597	-0.582413155358
-0.847287865463	0.093605036159	0.522820590877	0.879683214981
0.000000000000	0.000000000000	0.000000000000	1.000000000000
10	11	60
0.998087450718	-0.052826763669	-0.032105665525	0.086907927575
0.036924462785	0.925990827028	-0.375736040737	0.017727100102
0.049578470798	0.373831942590	0.926170423806	-0.021064203263
0.000000000000	0.000000000000	0.000000000000	1.000000000000
10	12	60
0.935998437639	-0.064987805294	-0.345953045802	0.190522905571
-0.046672286656	0.951219882158	-0.304963003405	-0.052139741356
0.348896291747	0.301591314448	0.887307194073	0.377491588779
0.000000000000	0.000000000000	0.000000000000	1.000000000000
10	32	60
0.146622444909	-0.141698244811	0.978991044937	-2.292637738316
0.289910318243	0.952384078143	0.094427618181	-0.609385140117
-0.945755711601	0.269974397150	0.180720665277	0.412978971501
0.000000000000	0.000000000000	0.000000000000	1.000000000000
10	33	60
0.610593243303	-0.264165094751	0.746587365248	-2.101090923418
0.423368596980	0.905589355354	-0.025825385986	-0.471671449152
-0.669279405274	0.331850451537	0.664785947122	0.281404048079
0.000000000000	0.000000000000	0.000000000000	1.000000000000
10	35	60
0.431479406352	-0.497046232209	0.752841659940	-1.796563156001
0.333848707293	0.863252717346	0.378602412345	-0.546563807064
-0.838075511236	0.087976070845	0.538414012099	0.632612871721
0.000000000000	0.000000000000	0.000000000000	1.000000000000
10	36	60
-0.003206001789	-0.467724181425	0.883868661998	-1.341366560750
0.330489958518	0.833711825588	0.442381033944	-0.659718091851
-0.943804062754	0.293527991826	0.151905263712	1.009971770347
0.000000000000	0.000000000000	0.000000000000	1.000000000000
11	12	60
0.947357316596	-0.024857851276	-0.319211844897	0.128884252218
0.050307303764	0.996154673843	0.071728940938	0.077462270688
0.316201343894	-0.084011624255	0.944964950202	0.384389780928
0.000000000000	0.000000000000	0.000000000000	1.000000000000
11	32	60
-0.030589436378	-0.176922646870	-0.983749288898	3.085990320377
-0.835793568478	0.544315136507	-0.071903706862	-0.102406508293
0.548191022613	0.820011834789	-0.164521103610	1.938149950451
0.000000000000	0.000000000000	0.000000000000	1.000000000000
11	33	60
-0.412276957114	-0.062320679483	-0.908924553272	3.019002863852
-0.842231567985	0.406472062839	0.354155965672	0.100670189695
0.347381197710	0.911535295553	-0.220067508819	1.607138913531
0.000000000000	0.000000000000	0.000000000000	1.000000000000
13	14	60
0.906015509313	0.070472443071	-0.417336233332	0.045030542322
-0.044755087733	0.996464317775	0.071104469081	-0.134050614881
0.420871570679	-0.045743832032	0.905966126754	0.457970800632
0.000000000000	0.000000000000	0.000000000000	1.000000000000
13	15	60
0.891478294383	0.173946565345	-0.418340821638	0.014840494273
-0.064316877726	0.962597513550	0.263190740999	-0.087233618966
0.448474960153	-0.207722457410	0.869322489531	0.589183860170
0.000000000000	0.000000000000	0.000000000000	1.000000000000
13	16	60
0.887362032122	0.165684117991	-0.430275954468	-0.260744706240
-0.058472856959	0.966108797492	0.251425369458	-0.195019781258
0.457350575541	-0.197945862431	0.866976289525	0.942615685536
0.000000000000	0.000000000000	0.000000000000	1.000000000000
14	15	60
0.999134508597	0.039489151354	-0.013070602737	0.011398490044
-0.036316776660	0.981349763505	0.188768994810	0.039598016422
0.020281160312	-0.188130934707	0.981934532412	0.130660556918
0.000000000000	0.000000000000	0.000000000000	1.000000000000
14	16	60
0.999315852931	0.005292942853	-0.036603426581	-0.076787174940
-0.000468885792	0.991439845490	0.130563444046	-0.034028969025
0.036981160442	-0.130456956622	0.990764036611	0.552659906140
0.000000000000	0.000000000000	0.000000000000	1.000000000000
15	16	60
0.999698321155	-0.024501734730	-0.001712213760	-0.096546470250
0.024367341527	0.998131105946	-0.056040414079	-0.152568284318
0.003082101174	0.055981785774	0.998427033044	0.413303856089
0.000000000000	0.000000000000	0.000000000000	1.000000000000
15	57	60
0.828586342962	-0.050311861803	0.557596080348	-2.235860253249
0.216605458054	0.947202620849	-0.236409116995	-0.450234497341
-0.516262285857	0.316663720087	0.795736979524	0.196994709416
0.000000000000	0.000000000000	0.000000000000	1.000000000000
16	24	60
0.983032165088	0.102272529283	-0.152276367687	-0.219919729893
-0.015607667756	0.873770049839	0.486088778632	-0.471041307031
0.182768058230	-0.475464225529	0.860540299540	1.358717053477
0.000000000000	0.000000000000	0.000000000000	1.000000000000
16	55	60
0.686231066101	-0.200466930253	0.699213796912	-1.814054299955
0.231066930517	0.971559393796	0.051772752945	-0.276021808695
-0.689706457516	0.126037114379	0.713035516829	0.185238647324
0.000000000000	0.000000000000	0.000000000000	1.000000000000
16	56	60
0.770662365257	-0.045617137530	0.635608838469	-1.723358684317
0.217413340014	0.956409311692	-0.194968377163	-0.348256560386
-0.599008312430	0.288444631209	0.746986436535	0.031801637809
0.000000000000	0.000000000000	0.000000000000	1.000000000000
16	57	60
0.789656846874	-0.014583496237	0.613375403667	-2.285907261240
0.189377000634	0.956697553875	-0.221056875127	-0.214499822648
-0.583590966188	0.290718269202	0.758224552580	-0.010978296147
0.000000000000	0.000000000000	0.000000000000	1.000000000000
16	58	60
0.642066004807	-0.660598872485	0.389050607431	-0.761069995372
0.192750648361	0.630265605911	0.752072106624	-3.060035305379
-0.742023202486	-0.407890176000	0.532002980533	0.230051058108
0.000000000000	0.000000000000	0.000000000000	1.000000000000
17	18	60
0.997528770329	0.010374551351	-0.069488999493	-0.302964180770
-0.010366571769	0.999946152615	0.000475458262	-0.163431712029
0.069490190359	0.000246079405	0.997582604544	0.297362041216
0.000000000000	0.000000000000	0.000000000000	1.000000000000
17	19	60
0.999957953084	-0.008804423818	-0.002564017252	-0.591507597786
0.008709760797	0.999354711426	-0.034846819335	-0.248174047031
0.002869168887	0.034823022156	0.999389376068	0.499337899736
0.000000000000	0.000000000000	0.000000000000	1.000000000000
17	20	60
0.853733170221	-0.208517855357	0.477137273813	-0.571918354375
0.148451092382	0.975758398112	0.160803674350	-0.189219760544
-0.499101139284	-0.066451881172	0.863992013999	0.475106505259
0.000000000000	0.000000000000	0.000000000000	1.000000000000
17	21	60
0.798122604153	-0.382377204875	0.465604963389	-0.518823049615
0.231602266391	0.908130651434	0.348796660146	-0.249638972504
-0.556202030689	-0.170547333952	0.813359027699	0.501990183968
0.000000000000	0.000000000000	0.000000000000	1.000000000000
17	22	60
0.763437375442	-0.402150612538	0.505409001318	-0.627369802230
0.189187038764	0.887423106967	0.420343304436	-0.309184393467
-0.617552943594	-0.225288956799	0.753573651213	0.653590219820
0.000000000000	0.000000000000	0.000000000000	1.000000000000
17	54	60
0.958044396859	-0.168970522311	0.231516513962	-1.470578947028
0.125663934679	0.973599115902	0.190560586260	0.444756697301
-0.257603395102	-0.153472225841	0.953984678455	-0.941438661853
0.000000000000	0.000000000000	0.000000000000	1.000000000000
17	55	60
0.948455166671	-0.082882395560	0.305881194781	-1.448414340412
0.120842013399	0.986855854377	-0.107297392701	0.301402612138
-0.292967582869	0.138730065916	0.946004209398	-1.078150499043
0.000000000000	0.000000000000	0.000000000000	1.000000000000
17	56	60
0.972270814736	0.040560767385	0.230313453716	-1.407825561890
0.043939075402	0.935620409090	-0.350262484069	0.261994279574
-0.229692882924	0.350669750966	0.907894214813	-1.148643832299
0.000000000000	0.000000000000	0.000000000000	1.000000000000
17	57	60
0.984489135876	-0.050922733099	0.167892872380	-1.747718179936
0.101585951415	0.945669157397	-0.308852941096	0.268458150384
-0.143043475270	0.321117922269	0.936174045880	-1.492014702152
0.000000000000	0.000000000000	0.000000000000	1.000000000000
17	58	60
0.765683599725	0.005381585007	0.643194887771	-2.571626824367
0.185089451226	0.955826910171	-0.228334869956	0.229301137822
-0.616011785729	0.293880853980	0.730864914678	-1.230843632364
0.000000000000	0.000000000000	0.000000000000	1.000000000000
18	19	60
0.994221670005	-0.064586285728	0.085743119778	-0.274284620240
0.064420200404	0.997911768156	0.004705396342	-0.129047390021
-0.085867972337	0.000845381950	0.996306166124	0.228312141374
0.000000000000	0.000000000000	0.000000000000	1.000000000000
18	20	60
0.831396196206	-0.277376505718	0.481500403956	-0.220604968646
0.182028539794	0.954642601091	0.235633433289	-0.078567828056
-0.525019976415	-0.108257924694	0.844176667592	0.203058143727
0.000000000000	0.000000000000	0.000000000000	1.000000000000
18	21	60
0.775799616467	-0.408120272256	0.481220114358	-0.171751792995
0.238858305592	0.895852839514	0.374692406895	-0.104860393497
-0.584021972993	-0.175742804430	0.792485206015	0.206317236896
0.000000000000	0.000000000000	0.000000000000	1.000000000000
18	22	60
0.739832507418	-0.402981385860	0.538752135604	-0.280950025623
0.163715387663	0.884533856920	0.436803305624	-0.175730118564
-0.652568105878	-0.234959270114	0.720381155069	0.380638063362
0.000000000000	0.000000000000	0.000000000000	1.000000000000
18	23	60
0.953767835633	-0.214632237295	0.210380413596	-0.398545084796
0.120459785857	0.914312236477	0.386681489369	-0.250503737007
-0.275347699650	-0.343461987624	0.897896156220	0.501462923544
0.000000000000	0.000000000000	0.000000000000	1.000000000000
18	54	60
0.927603468829	-0.211116438444	0.308190937625	-1.301203798279
0.134718503717	0.958532090511	0.251131750715	0.419485106612
-0.348428944509	-0.191431661121	0.917578982840	-1.164937187251
0.000000000000	0.000000000000	0.000000000000	1.000000000000
18	55	60
0.903518912156	-0.063331071017	0.423842837406	-1.362706499910
0.094125249457	0.994196392950	-0.052095773906	0.327849848532
-0.418083738970	0.086963829769	0.904236296286	-1.252759767237
0.000000000000	0.000000000000	0.000000000000	1.000000000000
18	56	60
0.954324547542	-0.041981123973	0.295807780811	-1.174011770344
0.139458244727	0.938195353145	-0.316766281846	0.312561581516
-0.264227280833	0.343550672488	0.901197469757	-1.413761359758
0.000000000000	0.000000000000	0.000000000000	1.000000000000
18	57	60
0.958110168268	-0.052465058797	0.281553410681	-1.702458111377
0.119088916572	0.967041368973	-0.225052928538	0.154843036679
-0.260466380576	0.249155389866	0.932780175760	-1.652639870543
0.000000000000	0.000000000000	0.000000000000	1.000000000000
18	58	60
0.751277922468	-0.038881504622	0.658839670793	-2.208610106989
0.182383238806	0.971620455666	-0.150632149072	0.126584946830
-0.634285296547	0.233327921024	0.737048332102	-1.539418768544
0.000000000000	0.000000000000	0.000000000000	1.000000000000
19	20	60
0.873468280327	-0.226023214347	0.431238530096	0.058018974942
0.144894828517	0.966257929941	0.212957980588	0.035009816076
-0.464821096694	-0.123527808218	0.876745247301	-0.014486238061
0.000000000000	0.000000000000	0.000000000000	1.000000000000
19	22	60
0.812822495441	-0.335602970793	0.476119981622	-0.004004179359
0.155044281675	0.912516234264	0.378517361458	-0.024184860683
-0.561498763690	-0.233847745766	0.793747044199	0.140730782312
0.000000000000	0.000000000000	0.000000000000	1.000000000000
19	23	60
0.990353826595	-0.091795991365	0.103792071556	-0.103892906535
0.053108095956	0.943335126431	0.327564298093	-0.088402102811
-0.127979796423	-0.318892356776	0.939110662540	0.244142604789
0.000000000000	0.000000000000	0.000000000000	1.000000000000
19	54	60
0.954862516955	-0.167628039472	0.245231348114	-0.922440852365
0.088411108492	0.948523647598	0.304115711273	0.423355184001
-0.283586053272	-0.268707518188	0.920529858320	-1.496650402831
0.000000000000	0.000000000000	0.000000000000	1.000000000000
19	55	60
0.936323089862	-0.090995512755	0.339144346922	-0.951035208128
0.112960981393	0.992554528747	-0.045555725731	0.421132515313
-0.332473890814	0.080964956139	0.939630665636	-1.566519181196
0.000000000000	0.000000000000	0.000000000000	1.000000000000
19	56	60
0.972672215521	-0.017758622077	0.231502467580	-0.806271476236
0.078899102092	0.963018013317	-0.257626158833	0.279256629760
-0.218365960816	0.268851143513	0.938102003936	-1.704682485470
0.000000000000	0.000000000000	0.000000000000	1.000000000000
19	57	60
0.982537540895	-0.032730568810	0.183163016457	-1.216285401169
0.076219430083	0.968823323419	-0.235737070645	0.329362193312
-0.169736793920	0.245581102416	0.954399991055	-2.016852192527
0.000000000000	0.000000000000	0.000000000000	1.000000000000
19	58	60
0.862939661286	-0.051802259192	0.502644672628	-1.480414994435
0.163465204885	0.969862170415	-0.180683417032	0.340546432679
-0.478136243942	0.238083801089	0.845400399744	-2.089237772087
0.000000000000	0.000000000000	0.000000000000	1.000000000000
20	21	60
0.988885349045	-0.036496792851	0.144131018716	-0.025660747934
0.010749402932	0.984416862547	0.175521768082	-0.077372545463
-0.148290986851	-0.172021582499	0.973867731457	0.033486835513
0.000000000000	0.000000000000	0.000000000000	1.000000000000
20	22	60
0.992056113877	-0.032814131866	0.121440930784	-0.127371074397
0.001548864668	0.968491935986	0.249040099078	-0.118440023079
-0.125786596814	-0.246873657324	0.960849170984	0.098640698075
0.000000000000	0.000000000000	0.000000000000	1.000000000000
20	23	60
0.899552931482	0.240260775210	-0.364800333550	-0.207071408382
-0.130028828374	0.944568947257	0.301466428760	-0.186378273121
0.417009624894	-0.223750449772	0.880930592597	0.169960120570
0.000000000000	0.000000000000	0.000000000000	1.000000000000
20	54	60
0.950498668385	0.209015694115	-0.229923293756	0.184118784319
-0.202888387678	0.977911651535	0.050250412307	0.992686962560
0.235347792731	-0.001114183624	0.971910579761	-1.530673774365
0.000000000000	0.000000000000	0.000000000000	1.000000000000
20	55	60
0.953804995823	-0.040452956732	-0.297690423485	0.292007285035
0.045062516310	0.998946850300	0.008634807389	0.128684328351
0.297027607415	-0.021650601989	0.954623408401	-1.808472606622
0.000000000000	0.000000000000	0.000000000000	1.000000000000
20	56	60
0.951942422288	0.111860045800	-0.285119194025	0.036327701661
-0.226035878929	0.884760315140	-0.407562223704	0.654795887573
0.206672218948	0.452422938087	0.867525261308	-1.781705284757
0.000000000000	0.000000000000	0.000000000000	1.000000000000
20	57	60
0.917525522744	0.020920904566	-0.397126215283	0.049082698263
-0.174399475588	0.918632583688	-0.354540546485	0.755245316524
0.357395772258	0.394558603935	0.846517436343	-2.211366315747
0.000000000000	0.000000000000	0.000000000000	1.000000000000
20	58	60
0.992576349755	0.073631638419	-0.096801713468	-0.020774491592
-0.110959785550	0.874130040475	-0.472847330890	1.200434082024
0.049800762016	0.480078175053	0.875810955595	-2.357987073372
0.000000000000	0.000000000000	0.000000000000	1.000000000000
21	22	60
0.999916261758	0.010660813829	-0.007335974407	-0.123267739676
-0.010349496541	0.999095626870	0.041240954040	-0.029977981179
0.007769002082	-0.041161576953	0.999122298415	0.046992235886
0.000000000000	0.000000000000	0.000000000000	1.000000000000
21	54	60
0.892119342962	0.379740257862	-0.244786467094	0.384849453104
-0.355937134536	0.924431522142	0.136876284028	0.818807438193
0.278265761767	-0.034981386904	0.959866901397	-1.602711816548
0.000000000000	0.000000000000	0.000000000000	1.000000000000
21	55	60
-0.214413789713	0.957082288786	0.194987741342	-0.193425156670
-0.926234865255	-0.135869399747	-0.351608419408	-0.059016608126
-0.310025323429	-0.255994138028	0.915615257697	-0.689690812963
0.000000000000	0.000000000000	0.000000000000	1.000000000000
21	56	60
0.994735894917	0.032723887752	-0.097106367111	0.145072058787
-0.053528900603	0.974005768887	-0.220107744016	-0.026550334976
0.087379380654	0.224147070794	0.970630173903	-0.796817239909
0.000000000000	0.000000000000	0.000000000000	1.000000000000
21	57	60
0.825103215522	0.014485321183	-0.564796298859	0.613906249914
-0.325802116218	0.828915107210	-0.454700699479	1.225267220442
0.461581698946	0.559186838641	0.688659868650	-1.985769190031
0.000000000000	0.000000000000	0.000000000000	1.000000000000
21	58	60
0.991623718190	-0.126305847560	-0.027004340310	-0.171556124780
0.089882086652	0.824961898058	-0.557995588917	1.425755351613
0.092755657631	0.550894454160	0.829404417853	-2.260888383382
0.000000000000	0.000000000000	0.000000000000	1.000000000000
22	23	60
0.891926515363	0.282882266781	-0.352767224006	-0.192799159469
-0.288552354377	0.956724561975	0.037625141832	-0.029734153194
0.348144553276	0.068232951390	0.934954348816	0.009472793970
0.000000000000	0.000000000000	0.000000000000	1.000000000000
22	54	60
0.934102554576	0.135353558293	-0.330351073544	0.353121140966
-0.153916517024	0.987611002636	-0.030564902420	1.106948678778
0.322121286663	0.079397240065	0.943363108749	-1.519318530328
0.000000000000	0.000000000000	0.000000000000	1.000000000000
22	55	60
0.946985758691	-0.003009497390	-0.321261444562	0.432328709778
-0.125832319411	0.916593250360	-0.379503676908	1.137241617868
0.295608187012	0.399809650109	0.867622062566	-1.602613635798
0.000000000000	0.000000000000	0.000000000000	1.000000000000
22	56	60
0.905433290079	0.005771183928	-0.424449349926	0.552993773564
-0.267051076856	0.784986740307	-0.558998693999	1.089651219780
0.329961027345	0.619485682626	0.712294327828	-1.616486340659
0.000000000000	0.000000000000	0.000000000000	1.000000000000
22	57	60
0.888942277290	0.016779327395	-0.457711789032	0.359997729604
-0.254009193646	0.849631059969	-0.462175714940	1.131268971454
0.381131154840	0.527110535001	0.759535072726	-2.160790946466
0.000000000000	0.000000000000	0.000000000000	1.000000000000
22	58	60
0.984977214848	-0.050613468526	0.165100463458	-0.833406801770
0.149407806464	0.729174093688	-0.667819173475	1.858763306575
-0.086586336091	0.682453967603	0.725781915251	-2.042237773724
0.000000000000	0.000000000000	0.000000000000	1.000000000000
23	24	60
0.693836164087	0.549748106464	-0.465154164600	0.077450119688
-0.475109202851	0.834857316179	0.278000911848	0.134172545863
0.541167832351	0.028111938057	0.840444582449	-0.057087061456
0.000000000000	0.000000000000	0.000000000000	1.000000000000
23	54	60
0.990534082779	0.033628826997	0.133083931595	-0.403966689814
-0.006476250713	0.979895475947	-0.199406405100	1.482100965871
-0.137114145990	0.196656955669	0.970837655201	-1.342615281000
0.000000000000	0.000000000000	0.000000000000	1.000000000000
23	55	60
0.996795471067	-0.060907779644	0.051855869858	-0.156006113781
0.078549229350	0.867870415273	-0.490541497595	1.434799987023
-0.015126381867	0.493042781788	0.869873558570	-1.522533869830
0.000000000000	0.000000000000	0.000000000000	1.000000000000
23	56	60
0.996856197112	-0.078524865810	0.010562562588	-0.145275016838
0.067448012176	0.771068829449	-0.633169508035	1.241174767738
0.041575087883	0.631891371757	0.773941087142	-1.708412024276
0.000000000000	0.000000000000	0.000000000000	1.000000000000
23	57	60
0.967790289470	-0.019947255258	-0.250966257920	0.157468979895
-0.122289945309	0.834105976452	-0.537877671338	1.314685024311
0.220061638827	0.551243437199	0.804800315645	-2.161758528976
0.000000000000	0.000000000000	0.000000000000	1.000000000000
23	58	60
0.901267707591	-0.015074224331	0.433000331426	-1.189524401847
0.264106602237	0.811362137392	-0.521477885113	1.424417679519
-0.343459199773	0.584349424375	0.735235695763	-2.055248893420
0.000000000000	0.000000000000	0.000000000000	1.000000000000
24	25	60
0.917245424741	0.168736397855	-0.360816932571	-0.149807904285
-0.261881618992	0.938004719944	-0.227079640208	-0.024316285171
0.300131385273	0.302779083494	0.904569498807	-0.100028377187
0.000000000000	0.000000000000	0.000000000000	1.000000000000
25	26	60
0.927895483880	0.212381432833	-0.306437755480	-0.076486445653
-0.213018745233	0.976531195733	0.031777947390	0.037793030842
0.305995073776	0.035790372294	0.951360112721	-0.138786997847
0.000000000000	0.000000000000	0.000000000000	1.000000000000
26	27	60
0.975038574631	0.091666535274	-0.202230127063	-0.122280435519
-0.099460428553	0.994627579727	-0.028698445932	0.061199789006
0.198512974722	0.048095986919	0.978917450508	-0.103497201168
0.000000000000	0.000000000000	0.000000000000	1.000000000000
26	28	60
0.911371155553	0.076905814044	-0.404336632759	-0.223245636548
-0.141548965771	0.981029732901	-0.132455854732	0.145398824100
0.386479633505	0.177949877577	0.904968139746	-0.244677470693
0.000000000000	0.000000000000	0.000000000000	1.000000000000
26	50	60
0.988610888443	-0.149337542204	0.018622828481	-1.979077420381
0.148287824753	0.987741694946	0.048755154558	0.181759321821
-0.025675519120	-0.045438337937	0.998637133880	-0.409782004732
0.000000000000	0.000000000000	0.000000000000	1.000000000000
26	51	60
0.825676894141	-0.211528858920	0.522984902579	-1.972973418467
0.257682655149	0.966095925916	-0.016072061583	0.257067448938
-0.501853878851	0.148034468189	0.852190401560	-0.321264830324
0.000000000000	0.000000000000	0.000000000000	1.000000000000
27	28	60
0.977208248352	0.035183987662	-0.209346904360	-0.099799700729
-0.063099858208	0.989738644425	-0.128202276211	0.066656119580
0.202688054032	0.138490081752	0.969400871678	-0.086913183491
0.000000000000	0.000000000000	0.000000000000	1.000000000000
27	50	60
0.941398408816	-0.236634229964	0.240360722850	-1.965496462127
0.221874826039	0.971175230138	0.087121948655	-0.014953604977
-0.254048415562	-0.028686470268	0.966765994941	0.135223826195
0.000000000000	0.000000000000	0.000000000000	1.000000000000
27	51	60
0.682388550630	-0.227828175349	0.694579144869	-1.890055667684
0.280013320038	0.959182248662	0.039521569464	0.069142389182
-0.675232113107	0.167522345879	0.718329908232	0.211754730375
0.000000000000	0.000000000000	0.000000000000	1.000000000000
28	50	60
0.860701953481	-0.283583949232	0.422814724214	-1.739441486236
0.224560348204	0.956812728148	0.184613253229	0.010155934961
-0.456907865207	-0.063949565997	0.887212294617	0.627612105389
0.000000000000	0.000000000000	0.000000000000	1.000000000000
28	51	60
0.477313689151	-0.310863580822	0.821909652132	-1.762355550186
0.243447866975	0.945503895461	0.216230247037	-0.131473371414
-0.844336886684	0.096882494739	0.526981028120	0.684557186142
0.000000000000	0.000000000000	0.000000000000	1.000000000000
29	41	60
-0.873915738128	-0.091881101608	0.477314514570	0.443816733543
0.240869759232	0.771068492898	0.589436288624	-0.979679148025
-0.422200238915	0.630088281455	-0.651717512296	4.910295386965
0.000000000000	0.000000000000	0.000000000000	1.000000000000
29	42	60
0.884735275759	-0.040033115314	0.464371447772	-0.908183904502
0.019281242251	0.998595275110	0.049352915065	0.520388596721
-0.465694884581	-0.034710606541	0.884264354290	0.030962138914
0.000000000000	0.000000000000	0.000000000000	1.000000000000
29	43	60
0.409818552160	0.128631290306	0.903051906293	-2.207796112977
-0.108522741009	0.989851263712	-0.091745792339	0.099552100987
-0.905688450290	-0.060402540361	0.419618831952	2.451997288603
0.000000000000	0.000000000000	0.000000000000	1.000000000000
29	45	60
0.193189577689	-0.497555574988	0.845645455773	0.209292344772
0.201426380563	0.863636562959	0.462124767063	-1.442418474975
-0.960263089099	0.081057614808	0.267066401474	2.806575557763
0.000000000000	0.000000000000	0.000000000000	1.000000000000
29	47	60
-0.983698808483	0.143254611317	0.108695770505	1.297024419644
0.179823008299	0.785607470163	0.592017388689	-0.973684301266
-0.000582988374	0.601912800296	-0.798561607494	5.174324123090
0.000000000000	0.000000000000	0.000000000000	1.000000000000
29	48	60
-0.200922548092	-0.782990834477	0.588689631973	-1.282420156874
-0.246601589465	-0.541164345094	-0.803945774087	2.991882191241
0.948060011677	-0.306702632404	-0.084354665165	2.112489009194
0.000000000000	0.000000000000	0.000000000000	1.000000000000
29	49	60
0.996830255481	0.077818436869	-0.016544867509	-0.941164586011
-0.043230939806	0.704404252018	0.708481288096	-0.111156405989
0.066787181413	-0.705520333245	0.705535634661	1.051322514912
0.000000000000	0.000000000000	0.000000000000	1.000000000000
29	50	60
0.777596954599	-0.169253314741	0.605554532348	-1.005306996953
0.066747680106	0.979867049738	0.188162993273	0.381722475406
-0.625210143391	-0.105895610325	0.773238899898	0.555957304639
0.000000000000	0.000000000000	0.000000000000	1.000000000000
31	32	60
0.914516406040	0.202725250960	-0.350088868298	-0.099149586515
-0.124418837341	0.964380811062	0.233430084117	-0.056836940656
0.384941159138	-0.169917991629	0.907164913410	-0.121325961496
0.000000000000	0.000000000000	0.000000000000	1.000000000000
32	33	60
0.862987785944	0.146810360817	-0.483424036709	-0.109763667592
-0.080621658592	0.984604965778	0.155090971791	-0.046032441596
0.498750668648	-0.094867166723	0.861538154234	0.135228677878
0.000000000000	0.000000000000	0.000000000000	1.000000000000
32	35	60
0.945771735372	0.207006433858	-0.250328106518	-0.184846085482
-0.083013885385	0.899077658786	0.429846552045	-0.002818428101
0.314045409781	-0.385756010728	0.867506645959	0.537796081772
0.000000000000	0.000000000000	0.000000000000	1.000000000000
32	36	60
0.994242841211	-0.025941807989	0.103962470625	-0.419083415146
-0.009443550409	0.945259070182	0.326184165149	-0.018279933116
-0.106733275298	-0.325288045948	0.939572080847	1.048782128753
0.000000000000	0.000000000000	0.000000000000	1.000000000000
33	34	60
0.932697494147	0.248782325368	-0.261118247152	-0.042053710843
-0.144925309573	0.921506656216	0.360308391791	0.074428640377
0.330260562369	-0.298216091340	0.895541804613	0.120569906145
0.000000000000	0.000000000000	0.000000000000	1.000000000000
33	35	60
0.967655169222	-0.024455738604	0.251088411376	-0.023449950031
-0.057307394055	0.947961798979	0.313184115600	0.000107564490
-0.245681371017	-0.317443450912	0.915898640357	0.444719706650
0.000000000000	0.000000000000	0.000000000000	1.000000000000
33	36	60
0.811937165407	-0.237582456757	0.533209729537	0.154981918783
0.122292993390	0.962389404160	0.242592371124	-0.133753970071
-0.570791085423	-0.131761948230	0.810454394645	0.940295590079
0.000000000000	0.000000000000	0.000000000000	1.000000000000
34	35	60
0.782822564214	-0.381499486109	0.491576011473	0.191882811318
0.408562390113	0.910988096914	0.056368969005	-0.078211021582
-0.469324627888	0.156712569310	0.869008379866	0.179311301497
0.000000000000	0.000000000000	0.000000000000	1.000000000000
35	36	60
0.915335158570	-0.222457838590	0.335669565995	0.001581736290
0.250477815486	0.967209617235	-0.042028802940	-0.291968429660
-0.315313195783	0.122548220619	0.941041721810	0.463413838764
0.000000000000	0.000000000000	0.000000000000	1.000000000000
35	37	60
-0.814884132307	0.536354107561	-0.219745585207	1.328084086296
-0.579613688376	-0.756287584887	0.303442022788	0.107009142972
-0.003438482597	0.374637638591	0.927164934943	0.739564301000
0.000000000000	0.000000000000	0.000000000000	1.000000000000
36	37	60
0.967365161471	-0.071953013731	0.242955568340	-0.091804110961
0.022383834333	0.979352407552	0.200917460124	-0.114127845411
-0.252395737549	-0.188922274063	0.949001984208	0.607295718601
0.000000000000	0.000000000000	0.000000000000	1.000000000000
37	38	60
0.507686677220	-0.455176041182	0.731484114186	0.084761242051
0.571311495957	0.813380020394	0.109618050570	-0.375291608238
-0.644870074015	0.362253659688	0.672989504883	0.460679070347
0.000000000000	0.000000000000	0.000000000000	1.000000000000
38	39	60
0.924951839025	-0.013002708298	0.379861849969	-0.188003048554
0.091740938505	0.977502731217	-0.189926329573	-0.122831473692
-0.368846439169	0.210521590436	0.905335829553	0.071781364043
0.000000000000	0.000000000000	0.000000000000	1.000000000000
38	40	60
0.920119306267	-0.056706777505	0.387511036772	-0.197693738844
0.082641713165	0.995294942026	-0.050579893468	-0.218308075272
-0.382819552113	0.078564112438	0.920476436829	0.352059290638
0.000000000000	0.000000000000	0.000000000000	1.000000000000
38	41	60
0.834761923207	-0.119286690033	0.537534386942	-0.144001608528
0.126048292289	0.991725655369	0.024332128844	-0.442060481009
-0.535989141284	0.047443756851	0.842890698941	0.500884704063
0.000000000000	0.000000000000	0.000000000000	1.000000000000
38	46	60
0.929791419623	0.036681355056	0.366254548349	-0.269687715404
0.071773927033	0.957855100729	-0.278140449066	-0.093610565470
-0.361021355869	0.284900130220	0.887972688998	-0.152811228310
0.000000000000	0.000000000000	0.000000000000	1.000000000000
38	47	60
0.847696942991	-0.102930736058	0.520399035759	-0.101980597013
0.123232956038	0.992367764446	-0.004456302789	-0.348975948111
-0.515968537210	0.067907905747	0.853911579115	0.452827417864
