0	2	38
0.824965028791	-0.071648679146	-0.560623909630	0.383138515287
0.055149898974	0.997403284209	-0.046316058679	0.288429439626
0.562486613099	0.007290776703	0.826774246490	0.999949786493
0.000000000000	0.000000000000	0.000000000000	1.000000000000
0	6	38
-0.741885367083	0.280152908416	-0.609196561065	-0.859269115392
-0.105098673730	-0.945889107633	-0.306998476937	1.572965445365
-0.662238907712	-0.163731927147	0.731184986953	0.837150449920
0.000000000000	0.000000000000	0.000000000000	1.000000000000
0	7	38
-0.790659909532	-0.023494114624	-0.611804653494	-0.128219005982
0.021972059453	-0.999708624209	0.009994762926	1.466640271693
-0.611861206535	-0.005540149869	0.790945744459	0.429173434053
0.000000000000	0.000000000000	0.000000000000	1.000000000000
0	11	38
-0.974996769032	0.043647836970	-0.217890262986	0.318946858968
-0.017351642389	-0.992480073347	-0.121170229494	2.275940221677
-0.221540562612	-0.114359828336	0.968422226501	0.186940166309
0.000000000000	0.000000000000	0.000000000000	1.000000000000
0	24	38
0.875774071295	-0.146485723967	0.459958377162	-4.058871602185
0.153103992553	0.987939574559	0.023120650591	0.721158970012
-0.457797928689	0.050172997652	0.887639412597	1.039852966171
0.000000000000	0.000000000000	0.000000000000	1.000000000000
0	26	38
0.998023024636	0.047766002445	-0.040846680478	1.081499629257
-0.037702899932	0.975005367495	0.218958956641	0.019147536205
0.050284526768	-0.216986041871	0.974878722714	0.141887095877
0.000000000000	0.000000000000	0.000000000000	1.000000000000
1	5	38
0.822271314856	0.124560834423	-0.555296752460	0.907946446518
-0.042307723302	0.986432478902	0.158622259206	-0.171475000190
0.567520873020	-0.106937192289	0.816385016761	2.617524573135
0.000000000000	0.000000000000	0.000000000000	1.000000000000
1	7	38
0.265180475870	0.076303030276	-0.961174886682	1.736337841184
0.013979870717	0.996454761383	0.082960663767	-0.239312228368
0.964097442395	-0.035436648949	0.263173641308	2.700057973866
0.000000000000	0.000000000000	0.000000000000	1.000000000000
1	26	38
0.998163001472	-0.040379685947	0.045167504411	1.013570295174
0.030785105343	0.980137156625	0.195916899453	-0.001362518326
-0.052181412217	-0.194166514016	0.979579738997	-0.414935159632
0.000000000000	0.000000000000	0.000000000000	1.000000000000
2	6	38
0.604535060138	0.134298808276	-0.785175898229	1.362832354672
-0.057642408984	0.990476690725	0.125033106887	-0.210205106280
0.794490222565	-0.030327466541	0.606519192625	1.664710804643
0.000000000000	0.000000000000	0.000000000000	1.000000000000
2	7	38
0.314163031752	0.045544600547	-0.948275950787	1.785845533940
-0.014176382277	0.998962294313	0.043282383558	-0.269861084743
0.949263198310	-0.000154602458	0.314482680656	1.739460708317
0.000000000000	0.000000000000	0.000000000000	1.000000000000
2	9	38
-0.138335400227	0.089644074480	-0.986320058072	2.383591512512
0.010119327211	0.995971104303	0.089101956262	-0.330572337610
0.990333739838	0.002345059378	-0.138685199050	1.536780340978
0.000000000000	0.000000000000	0.000000000000	1.000000000000
2	28	38
0.964695910424	0.095459982403	-0.245457108618	1.498768220174
-0.060245404674	0.987273159832	0.147180838057	-0.138499881144
0.256383095439	-0.127197089728	0.958169405031	-0.398086302222
0.000000000000	0.000000000000	0.000000000000	1.000000000000
2	30	38
0.026789065084	0.336137633409	0.941431801778	-2.614942944041
-0.214982431284	0.921670517532	-0.322964411897	2.371335423999
-0.976250429056	-0.193739382984	0.096954377156	2.923419606209
0.000000000000	0.000000000000	0.000000000000	1.000000000000
3	5	38
0.828757923925	0.039682164123	-0.558198557310	0.801608123078
-0.003327349021	0.997814458506	0.065994205392	-0.108198268006
0.559597384090	-0.052835899229	0.827078675503	1.031316148906
0.000000000000	0.000000000000	0.000000000000	1.000000000000
3	6	38
0.562728242038	0.102464346321	-0.820267019541	1.222274845301
-0.037427796867	0.994428670803	0.098543283415	-0.160431573465
0.825794215065	-0.024752301257	0.563428112493	1.062911998836
0.000000000000	0.000000000000	0.000000000000	1.000000000000
3	7	38
0.246329835144	0.034973347666	-0.968554839578	1.633570620750
-0.019059104173	0.999330264588	0.031237362668	-0.234542477129
0.968998639249	0.010765093188	0.246831420007	1.168806909967
0.000000000000	0.000000000000	0.000000000000	1.000000000000
3	8	38
0.183004772596	0.037750062283	-0.982386983833	1.838356509180
-0.062876858652	0.997666104814	0.026624123493	-0.319874824348
0.981099257901	0.056897065858	0.184951263969	0.848239337992
0.000000000000	0.000000000000	0.000000000000	1.000000000000
3	30	38
-0.940313234364	0.295874294568	-0.168135133431	0.316094413279
0.278936514827	0.953122631168	0.117267517458	-0.319694042799
0.194949844772	0.063369170487	-0.978763968613	5.929368286488
0.000000000000	0.000000000000	0.000000000000	1.000000000000
4	7	38
0.514243001934	0.097059436231	-0.852134731601	1.146414581855
-0.125520185372	0.991394401751	0.037172883129	-0.214829316407
0.848409581527	0.087844214462	0.522000551685	0.239060041353
0.000000000000	0.000000000000	0.000000000000	1.000000000000
4	8	38
0.397234205417	0.053340011290	-0.916165830646	1.371660006987
-0.144856796614	0.989438958910	-0.005201448366	-0.203643379776
0.906212720349	0.134779040603	0.400765661818	0.000349622553
0.000000000000	0.000000000000	0.000000000000	1.000000000000
5	9	38
0.438372587166	0.098665967317	-0.893361350023	1.045376014301
-0.098324232719	0.993255321430	0.061450888605	-0.117694265099
0.893399026237	0.060900684260	0.445117160504	-0.947467074671
0.000000000000	0.000000000000	0.000000000000	1.000000000000
6	9	38
0.656315398516	0.030025688486	-0.753888954490	0.676909741434
-0.046544157318	0.998915962639	-0.000735529600	-0.090529116141
0.753049625915	0.035571865500	0.657001448472	-0.824315492074
0.000000000000	0.000000000000	0.000000000000	1.000000000000
6	10	38
0.607333280291	0.026940784833	-0.793990227121	0.671419999697
-0.048431661570	0.998821515315	-0.003155107299	-0.019614394491
0.792969520731	0.040370467636	0.607922334295	-0.843664729416
0.000000000000	0.000000000000	0.000000000000	1.000000000000
8	9	38
0.935417412021	-0.012769292494	-0.353314605497	0.119747500164
0.047646608474	0.994783836784	0.090193784562	-0.089401892199
0.350319948032	-0.101203079212	0.931146535605	-0.329145908123
0.000000000000	0.000000000000	0.000000000000	1.000000000000
8	10	38
0.878739573449	-0.004466594016	-0.477280642382	0.284112434298
0.041471732987	0.996888974207	0.067025879089	0.015590820071
0.475496432603	-0.078691947761	0.876191029365	-0.339999151408
0.000000000000	0.000000000000	0.000000000000	1.000000000000
9	11	38
0.999878936974	0.000506744602	0.015551675361	-0.062126604431
-0.001359883515	0.998491101661	0.054896909032	0.090990038077
-0.015500390751	-0.054911411513	0.998370910420	0.264623067676
0.000000000000	0.000000000000	0.000000000000	1.000000000000
9	27	38
0.265715074997	-0.170623100220	0.948832575638	-2.522981343262
0.024231808701	0.985084572582	0.170356110274	0.103342863089
-0.963747019900	-0.022274257155	0.265886327406	1.705381251897
0.000000000000	0.000000000000	0.000000000000	1.000000000000
9	28	38
-0.014655941877	-0.135520309020	0.990666164362	-1.912963452823
0.129383710918	0.982185908837	0.136274340322	0.172993514137
-0.991486287710	0.130173293437	0.003139260893	1.538191566288
0.000000000000	0.000000000000	0.000000000000	1.000000000000
10	27	38
0.177659863587	-0.168273107931	0.969598439571	-2.187429579336
0.003685483074	0.985379055858	0.170336530113	0.027016948384
-0.984085052262	-0.026688526066	0.175682476336	1.690264859426
0.000000000000	0.000000000000	0.000000000000	1.000000000000
10	28	38
-0.047586359802	-0.117564869993	0.991924412294	-1.779685477969
0.048040256263	0.991630861961	0.119834750324	0.107550302549
-0.997711216805	0.053354802506	-0.041540256506	1.574779940460
0.000000000000	0.000000000000	0.000000000000	1.000000000000
13	16	38
-0.845580344092	-0.102930220655	0.523831319569	-1.423257299878
0.057386503231	-0.993076309824	-0.102499912746	0.839743039717
0.530754812444	-0.056611063777	0.845632613210	0.868830824182
0.000000000000	0.000000000000	0.000000000000	1.000000000000
13	17	38
-0.932918658836	-0.037025493124	0.358178571182	-1.413564346529
-0.045865194991	-0.974379374595	-0.220184509564	-0.190844823497
0.357154252227	-0.221842167368	0.907318517883	0.790656352782
0.000000000000	0.000000000000	0.000000000000	1.000000000000
13	18	38
-0.818496501433	-0.214935187092	0.532791087098	-1.446749950208
0.011867424042	-0.933508504265	-0.358358810011	0.117542250140
0.574388928678	-0.286992574495	0.766624171806	1.353357026236
0.000000000000	0.000000000000	0.000000000000	1.000000000000
14	18	38
0.793250332212	0.239597555958	-0.559773991558	0.204301399860
-0.151332189895	0.968058669059	0.199902430104	-0.264597212881
0.589790198924	-0.073860845101	0.804171683668	1.367719502181
0.000000000000	0.000000000000	0.000000000000	1.000000000000
15	18	38
0.821668663948	0.137018293803	-0.553250932081	0.327745731879
-0.096338289759	0.990095240704	0.102129076470	-0.144333865091
0.561764666575	-0.030617013209	0.826730341702	1.287333255218
0.000000000000	0.000000000000	0.000000000000	1.000000000000
17	20	38
0.509860714023	0.063872109023	-0.857882512927	0.438746201817
-0.057201876091	0.997549961120	0.040274314914	-0.032694976848
0.858353072848	0.028538198246	0.512265139916	1.269468356884
0.000000000000	0.000000000000	0.000000000000	1.000000000000
19	21	38
-0.660083991881	0.012279300393	0.751091434143	-2.849265056814
0.233161234013	0.953831903073	0.189315978286	-0.566620443600
-0.714090304244	0.300089852315	-0.632472226997	5.060546347644
0.000000000000	0.000000000000	0.000000000000	1.000000000000
20	22	38
0.754012702105	0.123982184992	-0.645052914782	0.238477366960
-0.028751606651	0.987313529376	0.156158060393	-0.077025620916
0.656230287460	-0.099198853397	0.748011629124	-0.298785098903
0.000000000000	0.000000000000	0.000000000000	1.000000000000
21	23	38
0.915582001359	0.109031608582	-0.387068091060	-0.069609118918
-0.059950198351	0.988793838224	0.136721319507	0.118374801175
0.397637488807	-0.101974770508	0.911858307894	-0.201800098195
0.000000000000	0.000000000000	0.000000000000	1.000000000000
21	24	38
0.754767525777	0.169570961871	-0.633696828872	0.054850988894
-0.058836135936	0.979618113625	0.192059002826	0.015673498204
0.653348521955	-0.107675625600	0.749360839990	0.407778937121
0.000000000000	0.000000000000	0.000000000000	1.000000000000
21	25	38
0.577561013352	0.202657406767	-0.790792799245	0.197088897045
-0.075914278525	0.977831892925	0.195145616132	-0.039387862167
0.812810124305	-0.052676034987	0.580142169788	0.974432481076
0.000000000000	0.000000000000	0.000000000000	1.000000000000
22	25	38
0.868357609691	0.134835937196	-0.477257091861	0.433153173760
-0.065064310313	0.984986906192	0.159898186835	-0.112352366781
0.491652008248	-0.107796403791	0.864093882697	0.888207249854
0.000000000000	0.000000000000	0.000000000000	1.000000000000
22	26	38
0.435725192266	0.227972730511	-0.870730722421	0.606488905600
-0.083803640556	0.973465963877	0.212934184675	-0.191557579921
0.896169909479	-0.019810384075	0.443268589038	1.744642995534
0.000000000000	0.000000000000	0.000000000000	1.000000000000
23	26	38
0.612363257649	0.193682109332	-0.766484495085	0.772805549601
-0.195601838432	0.976500557898	0.090479728264	-0.370889734697
0.765996841693	0.094519315217	0.635857639387	1.480124550979
0.000000000000	0.000000000000	0.000000000000	1.000000000000
23	27	38
0.313671640040	0.221908454650	-0.923237098469	0.641305414063
-0.166594904730	0.970087485735	0.176568422257	-0.506096589206
0.934802781314	0.098422089874	0.341257750494	1.979756689860
0.000000000000	0.000000000000	0.000000000000	1.000000000000
24	26	38
0.807034319163	0.195078701658	-0.557350794250	0.716481843712
-0.191132668306	0.979341238356	0.066023041148	-0.287427820758
0.558716306186	0.053245084426	0.827647902303	0.857549405092
0.000000000000	0.000000000000	0.000000000000	1.000000000000
24	27	38
0.749765288407	0.201257032531	-0.630355153192	0.616201097943
-0.230447652942	0.972405059529	0.036363160691	-0.312354299202
0.620278882079	0.118000029910	0.775454770692	1.080279029152
0.000000000000	0.000000000000	0.000000000000	1.000000000000
24	33	38
0.719523929637	-0.130071221976	0.682177976699	-0.720753032115
0.164578796772	0.986257918379	0.014461607346	-0.819637538360
-0.674684470203	0.101866558043	0.731043138276	2.670568293662
0.000000000000	0.000000000000	0.000000000000	1.000000000000
24	34	38
0.517394389058	0.003979503064	0.855737815996	-1.140864587112
0.022935390166	0.999565477609	-0.018515502958	-0.917944082118
-0.855439661256	0.029206498031	0.517078298156	2.814850599186
0.000000000000	0.000000000000	0.000000000000	1.000000000000
24	35	38
0.543432188274	0.018755430300	0.839243522812	-1.122081784004
0.035089475866	0.998369052114	-0.045032926438	-1.006475034477
-0.838719372276	0.053920957098	0.541887760477	2.693241984193
0.000000000000	0.000000000000	0.000000000000	1.000000000000
24	36	38
0.634079098890	0.057512996437	0.771126417387	-1.134277135544
0.234028044726	0.936189480660	-0.262259662515	-0.891268419095
-0.737003779253	0.346758578181	0.580158528185	2.672061325595
0.000000000000	0.000000000000	0.000000000000	1.000000000000
24	37	38
0.537198718686	-0.013759535553	0.843343472035	-1.175243858583
0.051531717400	0.998534489223	-0.016533479201	-0.686957888865
-0.841880050093	0.052340701314	0.537120500672	2.858105319757
0.000000000000	0.000000000000	0.000000000000	1.000000000000
25	27	38
0.698071594782	0.157683217234	-0.698449748773	0.536000994900
-0.161469488848	0.984991204241	0.060991243133	-0.244892782588
0.697584154586	0.070202069559	0.713055409277	0.971354366218
0.000000000000	0.000000000000	0.000000000000	1.000000000000
25	30	38
-0.501127112686	-0.112140113374	0.858077043105	-1.434983185277
-0.056964474865	-0.985142892327	-0.162013981806	-0.639614078509
0.863496766372	-0.130069507071	0.487293810545	1.248544041944
0.000000000000	0.000000000000	0.000000000000	1.000000000000
25	31	38
0.043492135475	0.111741884718	-0.992785065033	3.751656997072
-0.229829676165	0.968192148396	0.098905428251	-0.792289370710
0.972258583971	0.223869861713	0.067790345262	3.450822460496
0.000000000000	0.000000000000	0.000000000000	1.000000000000
25	32	38
0.720918285131	-0.128243574217	0.681050961262	-0.086050851720
0.209621915549	0.977047238522	-0.037912349156	-0.783314721543
-0.660556945831	0.170094912825	0.731253883371	2.626191818365
0.000000000000	0.000000000000	0.000000000000	1.000000000000
25	33	38
0.535508835604	-0.153336828950	0.830492687432	-0.637849396750
0.258264269098	0.966001929697	0.011825359555	-0.747631019441
-0.804070801794	0.208154002385	0.556903992617	2.558427974515
0.000000000000	0.000000000000	0.000000000000	1.000000000000
25	34	38
0.304795821127	-0.050003009837	0.951104203771	-0.995440912322
0.225516118985	0.974011725498	-0.021062731815	-0.779102518087
-0.925333446657	0.220909161423	0.308151188377	2.754965671680
0.000000000000	0.000000000000	0.000000000000	1.000000000000
25	35	38
0.343676477124	0.093086723659	0.934463129797	-0.998701448247
0.037671171457	0.992907502045	-0.112763359406	-0.755950107346
-0.938332223636	0.073956434893	0.337732266485	2.666750348475
0.000000000000	0.000000000000	0.000000000000	1.000000000000
25	36	38
0.429402331382	0.076558023594	0.899862493288	-1.024798775311
0.233238170732	0.953197047112	-0.192393724145	-0.810655136879
-0.872475554682	0.292496595536	0.391448780919	2.746572667390
0.000000000000	0.000000000000	0.000000000000	1.000000000000
25	37	38
0.417664103172	-0.093643192489	0.903763049378	-0.999778113623
0.203975873608	0.978949670024	0.007168440968	-0.775388740989
-0.885409814666	0.181351857063	0.427973087977	2.626594350603
0.000000000000	0.000000000000	0.000000000000	1.000000000000
28	29	38
-0.978841057638	0.042166262065	-0.200230342921	0.535248229902
0.061623429212	0.993854423322	-0.091956175517	-0.052949294225
0.195122363800	-0.102349360462	-0.975423944528	6.373724014387
0.000000000000	0.000000000000	0.000000000000	1.000000000000
28	30	38
0.982294363174	-0.172217946994	0.073747968176	1.562610463031
0.185905470519	0.944739865060	-0.270010635711	0.353515385071
-0.023171968154	0.278940076179	0.960028902582	0.450545415129
0.000000000000	0.000000000000	0.000000000000	1.000000000000
29	31	38
0.854159757765	-0.016681435779	0.519743049896	0.255048869500
-0.057038752247	0.990449037337	0.125528025481	0.192641119027
-0.516872991127	-0.136866482893	0.845050221528	1.053896052555
0.000000000000	0.000000000000	0.000000000000	1.000000000000
30	32	38
0.637776610277	-0.066302168811	0.767362377104	-0.370368589816
0.060851858713	0.997511323335	0.035611951781	-0.061839448533
-0.767813809901	0.023982957061	0.640224000718	1.024415664243
0.000000000000	0.000000000000	0.000000000000	1.000000000000
30	33	38
0.389926969426	-0.101973285649	0.915182171771	-0.975097816964
0.109213716068	0.991956110343	0.063995619967	-0.000189444842
-0.914346391001	0.074996827708	0.397927321376	1.109040878386
0.000000000000	0.000000000000	0.000000000000	1.000000000000
30	34	38
0.154687356316	-0.029350194874	0.987527411193	-1.284954222234
0.141679004586	0.989886267292	0.007227550449	-0.057542749218
-0.977751952929	0.138793889947	0.157281196135	1.384869612135
0.000000000000	0.000000000000	0.000000000000	1.000000000000
30	35	38
0.165537885037	0.125323096032	0.978208224367	-1.309813184725
0.109045563945	0.983484907491	-0.144452420267	-0.002506174021
-0.980156249585	0.130581615622	0.149138083870	1.347333321557
0.000000000000	0.000000000000	0.000000000000	1.000000000000
30	36	38
0.288245894049	0.148864678790	0.945914167339	-1.317512403758
0.113049809205	0.975642619546	-0.187992605078	-0.036549293922
-0.950859634858	0.161123512667	0.264395855608	1.302586787374
0.000000000000	0.000000000000	0.000000000000	1.000000000000
30	37	38
0.202824829690	-0.055008439372	0.977668737385	-1.348481417745
0.058109857776	0.997337446189	0.044059764610	-0.075657739963
-0.977489300653	0.047875777029	0.205481330255	1.330876838843
0.000000000000	0.000000000000	0.000000000000	1.000000000000
31	35	38
0.425468397675	0.126972038257	0.896021620320	-1.427208415962
0.072125073234	0.982201218946	-0.173432232621	0.089332842547
-0.902094571756	0.138415559103	0.408737711262	0.340294217470
0.000000000000	0.000000000000	0.000000000000	1.000000000000
