0	1	37
0.953982478082	0.041290215751	0.297005975692	-0.172368690109
0.027159118844	0.974505833841	-0.222712285410	0.001639783500
-0.298629894312	0.220530038526	0.928540084396	-0.096727520486
0.000000000000	0.000000000000	0.000000000000	1.000000000000
0	12	37
0.995826431708	-0.033798696201	-0.084778334771	-0.954781573553
0.041291506247	0.995242591818	0.088245084527	-0.120475423820
0.081392440825	-0.091377412780	0.992484477969	0.628782730784
0.000000000000	0.000000000000	0.000000000000	1.000000000000
2	3	37
0.671411267539	-0.316646093438	0.670031462942	-0.189618180632
0.304083148670	0.942217699911	0.140567580432	-0.010166477628
-0.675825679090	0.109366619607	0.728902321302	0.014775587071
0.000000000000	0.000000000000	0.000000000000	1.000000000000
3	4	37
0.882037364263	0.122909592433	0.454866266206	-0.202137955853
0.109395989286	0.885578411707	-0.451423741342	0.089514536094
-0.458304053628	0.447933152163	0.767667431653	-0.222159559200
0.000000000000	0.000000000000	0.000000000000	1.000000000000
4	5	37
0.980824748907	-0.129909781644	0.145279938619	-0.039472493517
0.044489469136	0.875002659190	0.482069531859	0.066026768320
-0.189745880239	-0.466362300196	0.864003880714	-0.018675234315
0.000000000000	0.000000000000	0.000000000000	1.000000000000
5	6	37
0.786252591307	-0.342769332245	0.514116764495	0.031124464691
0.322400497789	0.937368557758	0.131901880018	-0.002651873822
-0.527128809390	0.062043305833	0.847517460890	0.066476440466
0.000000000000	0.000000000000	0.000000000000	1.000000000000
6	7	37
0.807463009414	-0.359246492650	0.467916067202	0.035671264137
0.370382829212	0.926095148301	0.071863315525	0.161839600570
-0.459151443701	0.115281107784	0.880846307783	-0.316490747722
0.000000000000	0.000000000000	0.000000000000	1.000000000000
7	8	37
0.810801161217	-0.135321408683	0.569464303816	-0.047606323397
0.303321200233	0.929220620814	-0.211057545098	0.161480596542
-0.500597369608	0.343856298772	0.794459010482	-0.226457504041
0.000000000000	0.000000000000	0.000000000000	1.000000000000
8	9	37
0.945132665525	0.131249547405	0.299161830559	-0.172071209391
0.041618197273	0.859909897605	-0.508746394244	-0.137514222099
-0.324024953072	0.493283411749	0.807266564079	-0.021848964530
0.000000000000	0.000000000000	0.000000000000	1.000000000000
8	10	37
0.748141760791	-0.335449363936	0.572501205235	-0.126691740266
0.313156997008	0.939167027319	0.141060235436	-0.047799216759
-0.584992821311	0.073749705298	0.807678388954	0.112669942598
0.000000000000	0.000000000000	0.000000000000	1.000000000000
8	15	37
0.905564624392	-0.304684659223	0.295160921337	0.110828226946
0.236705081643	0.940327447948	0.244448348244	-0.307878914000
-0.352027577577	-0.151497686677	0.923647679343	0.764025657139
0.000000000000	0.000000000000	0.000000000000	1.000000000000
8	16	37
0.942551152622	-0.187803963256	0.276273408197	0.637395503757
0.171512808611	0.981744760423	0.082222757576	-0.593524289278
-0.286671730685	-0.030114726741	0.957555440724	1.051640597275
0.000000000000	0.000000000000	0.000000000000	1.000000000000
10	14	37
0.747185933081	-0.298038455519	0.594042305260	-0.461659671379
0.342564241586	0.938640342144	0.040050574109	-0.185194485198
-0.569528683907	0.173572426185	0.803436177350	0.323762059245
0.000000000000	0.000000000000	0.000000000000	1.000000000000
10	15	37
0.927925342506	0.201226139803	-0.313787506753	-0.142449092849
-0.137345106292	0.967120495335	0.214042680978	-0.325693159791
0.346541311407	-0.155518449589	0.925053042439	0.709460931880
0.000000000000	0.000000000000	0.000000000000	1.000000000000
10	16	37
0.918744483493	0.125108020987	-0.374508420647	-0.054852825888
-0.122435864976	0.991991411682	0.031024153751	-0.641700334139
0.375390507363	0.017349992309	0.926704345921	1.181471927032
0.000000000000	0.000000000000	0.000000000000	1.000000000000
11	12	37
0.852580204658	0.024488760849	0.522022312950	-0.362356869914
0.174321959450	0.928363419658	-0.328257849097	0.131537731453
-0.492665047552	0.370866096633	0.787235345553	-0.181416847899
0.000000000000	0.000000000000	0.000000000000	1.000000000000
11	13	37
0.792194518913	-0.089029369698	0.603739691867	-0.386057223555
0.317601062870	0.904915615186	-0.283297183637	0.228996116705
-0.521111704981	0.416174843934	0.745145012872	-0.415515506384
0.000000000000	0.000000000000	0.000000000000	1.000000000000
12	13	37
0.992118340706	-0.094174341097	0.082658281585	0.138293636516
0.095243911974	0.995412511430	-0.009084564936	0.081441899371
-0.081423554746	0.016885661586	0.996536541811	-0.227467791926
0.000000000000	0.000000000000	0.000000000000	1.000000000000
14	15	37
0.480044211674	0.570254339426	-0.666608988241	-0.054169937927
-0.351204575279	0.821265053079	0.449643257365	-0.144722793708
0.803873684817	0.018267483576	0.594519468060	0.411739214727
0.000000000000	0.000000000000	0.000000000000	1.000000000000
15	16	37
0.998805185603	0.027021065928	-0.040719322302	0.276598868418
-0.034351170510	0.980849145202	-0.191715809056	-0.385480527005
0.034759146958	0.192885500630	0.980605417765	0.344778910997
0.000000000000	0.000000000000	0.000000000000	1.000000000000
16	17	37
0.692571767859	-0.414215534110	0.590567386220	-0.114709585810
0.387093276324	0.904245956865	0.180272141272	-0.151645435558
-0.608689692527	0.103753268845	0.786595269128	0.414946832507
0.000000000000	0.000000000000	0.000000000000	1.000000000000
17	18	37
0.946003290869	0.242487968038	-0.215121730706	-0.042359280498
-0.311404807509	0.864133636807	-0.395348079037	-0.338680915948
0.090026771157	0.440990524949	0.892985183180	0.401680104425
0.000000000000	0.000000000000	0.000000000000	1.000000000000
17	19	37
0.925742657691	0.201299924204	-0.320123214165	-0.037011909142
-0.290507638040	0.920515088207	-0.261260951201	-0.722869739121
0.242086439050	0.334858646145	0.910639249720	0.841839799569
0.000000000000	0.000000000000	0.000000000000	1.000000000000
18	19	37
0.987887417827	0.004684153541	-0.155101606710	0.154391573500
0.007163861594	0.997101733600	0.075741745017	-0.115045464668
0.155006866898	-0.075935443350	0.984990700290	0.526122737946
0.000000000000	0.000000000000	0.000000000000	1.000000000000
19	20	37
0.776463358514	-0.486975543103	0.399949338423	0.092506782340
0.341700341772	0.858632889669	0.382086949805	-0.103970174204
-0.529476656065	-0.160013690659	0.833096686756	0.473096895178
0.000000000000	0.000000000000	0.000000000000	1.000000000000
20	21	37
0.405882865144	-0.500786665307	0.764507564144	-0.121908144491
0.731428951359	0.679546931651	0.056812470447	-0.066684993580
-0.547969697061	0.536123757666	0.642106321078	0.234535973645
0.000000000000	0.000000000000	0.000000000000	1.000000000000
21	22	37
0.940396517498	-0.045951042497	0.336961261233	-0.226130771996
0.179434508187	0.908730089717	-0.376845964971	-0.087842921270
-0.288890372200	0.414847111279	0.862811814426	0.037140085037
0.000000000000	0.000000000000	0.000000000000	1.000000000000
21	28	37
0.598595226112	-0.449469961965	0.663069007394	0.052066326733
0.558755613251	0.827409261703	0.056445356840	-0.507203195135
-0.573999930258	0.336705608713	0.746427098332	0.585984660659
0.000000000000	0.000000000000	0.000000000000	1.000000000000
22	23	37
0.988420270326	0.124622078126	-0.086571974986	-0.076028395241
-0.151614343883	0.834409503832	-0.529880996681	-0.130179030114
0.006201607728	0.536870671166	0.843641761948	0.247969801429
0.000000000000	0.000000000000	0.000000000000	1.000000000000
22	29	37
0.966445109734	0.172519083578	-0.190318195854	0.043445798688
-0.148280583423	0.979676814184	0.135078526531	-0.350317808259
0.209753947404	-0.102325488278	0.972385096552	0.956865311252
0.000000000000	0.000000000000	0.000000000000	1.000000000000
23	28	37
0.764826550296	-0.525628902330	0.372497791937	0.093116029909
0.029667470511	0.606323601124	0.794664414652	0.223279290269
-0.643552786612	-0.596729375643	0.479326468170	0.416100446951
0.000000000000	0.000000000000	0.000000000000	1.000000000000
23	29	37
0.976801906576	0.013301705183	-0.213731373339	0.166765780203
0.125959830905	0.771465832940	0.623678274117	0.183609067719
0.173182436489	-0.636131694892	0.751893815938	0.712669032177
0.000000000000	0.000000000000	0.000000000000	1.000000000000
23	30	37
0.847073748216	-0.109718475506	-0.520026846629	0.290598458935
0.186510809101	0.977598081098	0.097548500354	0.127705753787
0.497674374638	-0.179621401747	0.848561352445	0.670562663906
0.000000000000	0.000000000000	0.000000000000	1.000000000000
24	27	37
0.859633611464	0.177335452085	0.479147358832	-0.060541106459
0.198928803743	0.747644905696	-0.633604313454	0.018971553707
-0.470592589278	0.639983775123	0.607423561032	-0.180285197191
0.000000000000	0.000000000000	0.000000000000	1.000000000000
24	28	37
0.948348513414	-0.200938186586	0.245476968934	0.025793285903
0.146011396283	0.963457741966	0.224565918165	0.034800292852
-0.281630554559	-0.177124319666	0.943032982521	0.021824387826
0.000000000000	0.000000000000	0.000000000000	1.000000000000
25	27	37
0.940117082597	0.002973066538	-0.340838718290	0.096052713541
-0.254390877333	0.671660852972	-0.695813897615	0.003136909907
0.226859323237	0.740852792031	0.632196162595	-0.210980068149
0.000000000000	0.000000000000	0.000000000000	1.000000000000
26	27	37
0.772226421458	-0.153253738014	-0.616587095054	0.148404790784
-0.069987722862	0.944047318606	-0.322298586533	0.014243608035
0.631480856915	0.292041010849	0.718292402390	-0.031926681729
0.000000000000	0.000000000000	0.000000000000	1.000000000000
28	29	37
0.644997950877	0.439055046606	-0.625466473454	-0.140939284722
-0.551914994348	0.833744763447	0.016109265624	-0.220345712593
0.528552251323	0.334813881843	0.780084727543	0.135956097328
0.000000000000	0.000000000000	0.000000000000	1.000000000000
28	30	37
0.374120243993	0.087925684320	-0.923202641391	-0.073861639375
-0.641216796643	0.743716226636	-0.189016385376	-0.272877304127
0.669981389844	0.662687896581	0.334618721813	0.056019143204
0.000000000000	0.000000000000	0.000000000000	1.000000000000
29	30	37
0.947752953077	-0.031579210957	-0.317438330026	0.079588425386
-0.131051184413	0.868699174243	-0.477689576749	-0.012051862050
0.290843475082	0.494332376145	0.819173714725	-0.116595133182
0.000000000000	0.000000000000	0.000000000000	1.000000000000
30	31	37
0.952817544346	0.218592028889	-0.210609240282	-0.086046157575
0.060800890064	0.542334254254	0.837959908606	0.225450256677
0.297391961817	-0.811228131643	0.503455002436	0.536482849302
0.000000000000	0.000000000000	0.000000000000	1.000000000000
31	32	37
0.775922588791	0.364203294253	-0.515072904217	0.007165905075
-0.529293758861	0.820096371061	-0.217462776133	-0.400997022261
0.343208760136	0.441359153783	0.829101829897	0.093261421449
0.000000000000	0.000000000000	0.000000000000	1.000000000000
31	33	37
0.431731920809	0.319951710760	-0.843349542797	0.200186983736
-0.727768101524	0.675919487975	-0.116131116329	-0.507629698722
0.532880041809	0.663900405601	0.524666667975	0.140129517759
0.000000000000	0.000000000000	0.000000000000	1.000000000000
31	34	37
-0.025274061328	-0.591153719227	0.806162826027	-2.374141326815
0.855863554728	0.403921319201	0.323024989101	-0.815708088471
-0.516583775890	0.698129535358	0.495738191335	0.965347962832
0.000000000000	0.000000000000	0.000000000000	1.000000000000
32	33	37
0.906840913456	0.103975263040	-0.408446694635	0.227182439331
-0.186990772811	0.967749162966	-0.168807607832	-0.027485688937
0.377722131422	0.229457408366	0.897036949730	-0.041151479728
0.000000000000	0.000000000000	0.000000000000	1.000000000000
32	34	37
-0.649643946302	-0.444502272671	0.616749927137	-1.319911726852
0.455959342793	0.421342253767	0.783946288282	-0.837909643162
-0.608328711104	0.790498851853	-0.071047480363	2.035544057840
0.000000000000	0.000000000000	0.000000000000	1.000000000000
32	35	37
-0.508170084102	-0.071534196694	0.858280853991	-1.464220279991
0.429398508537	0.842809574582	0.324482575587	-0.997505647339
-0.746578921809	0.533436856335	-0.397573935027	2.047821686540
0.000000000000	0.000000000000	0.000000000000	1.000000000000
32	36	37
-0.509857943978	-0.155965761436	0.846002102966	-1.424059030376
0.494322032045	0.751740395925	0.436499834787	-0.966992963784
-0.704052984936	0.640750386963	-0.306183500549	2.072194312775
0.000000000000	0.000000000000	0.000000000000	1.000000000000
33	34	37
0.917116101313	0.226600828008	-0.327948351814	0.078194407816
-0.011559322600	0.837481033310	0.546344123156	0.071157848072
0.398452555234	-0.497270131410	0.770686692265	0.259072115631
0.000000000000	0.000000000000	0.000000000000	1.000000000000
33	35	37
0.813927485196	0.156539077446	-0.559479728029	0.174812183754
-0.161283274317	0.986045469617	0.041255754424	-0.110229289122
0.558130588903	0.056655530002	0.827816644343	0.136362680124
0.000000000000	0.000000000000	0.000000000000	1.000000000000
33	36	37
0.837558440831	0.135338038870	-0.529319821495	0.134112659839
-0.073970583937	0.988002655535	0.135569559148	0.016096484675
0.541317107530	-0.074393332299	0.837520997471	0.116324423329
0.000000000000	0.000000000000	0.000000000000	1.000000000000
34	35	37
0.981595269845	0.087266523490	-0.169868419950	0.019755730299
-0.168556469659	0.814035095085	-0.555819737420	-0.032967515727
0.089774399214	0.574222446311	0.813762335942	-0.218192650765
0.000000000000	0.000000000000	0.000000000000	1.000000000000
34	36	37
0.982417281428	0.120290400942	-0.142781317377	-0.045853015983
-0.168218110286	0.902067419247	-0.397463254283	-0.004039588498
0.080987360266	0.414493173134	0.906441645613	-0.163188094757
0.000000000000	0.000000000000	0.000000000000	1.000000000000
35	36	37
0.999978578408	-0.006525412541	0.000511582437	-0.052907693689
0.006305260404	0.981317173529	0.192293652076	0.050480941815
-0.001756820040	-0.192286307179	0.981337296578	0.044907228238
0.000000000000	0.000000000000	0.000000000000	1.000000000000
