0	1	60
0.994088444863	-0.012194779155	0.107886288056	-0.012386750162
0.023812114990	0.993967545560	-0.107058402532	-0.068925734637
-0.105929915363	0.108994521580	0.988382035094	-0.014155057674
0.000000000000	0.000000000000	0.000000000000	1.000000000000
0	2	60
0.947638673099	-0.135115281119	0.289352390789	0.087473192064
0.125092524507	0.990731268624	0.052947272679	-0.101659367123
-0.293824446838	-0.013979062190	0.955757176411	-0.182450328472
0.000000000000	0.000000000000	0.000000000000	1.000000000000
1	2	60
0.975745388778	-0.119236593192	0.183585323819	0.123526445058
0.097310742602	0.987479590517	0.124155860463	0.040483343552
-0.196090682216	-0.103279684145	0.975131658388	-0.157547195755
0.000000000000	0.000000000000	0.000000000000	1.000000000000
1	34	60
0.443008637494	-0.386185714555	0.809075979732	-2.293280246361
0.150632328339	0.921699145882	0.357464104686	-0.750302020800
-0.883772170169	-0.036486687340	0.466492736151	1.394717924847
0.000000000000	0.000000000000	0.000000000000	1.000000000000
1	37	60
0.133570540964	-0.663421336552	0.736227574052	-1.632027530027
0.272134078615	0.738880731414	0.616440027903	-0.886883713551
-0.952943835618	0.118014384517	0.279232253159	1.953210429663
0.000000000000	0.000000000000	0.000000000000	1.000000000000
1	38	60
-0.318936132552	-0.512558463664	0.797222406032	-1.617441828345
0.179422886666	0.793288098641	0.581808748898	-0.928493904307
-0.930638045157	0.328599777663	-0.161043519045	2.141529862408
0.000000000000	0.000000000000	0.000000000000	1.000000000000
1	50	60
0.113420228564	-0.362207075059	0.925171274160	-2.629134739546
0.292129701366	0.902176780881	0.317391388698	-0.833229075484
-0.949629448434	0.234271404182	0.208136541362	3.379523467408
0.000000000000	0.000000000000	0.000000000000	1.000000000000
2	34	60
0.557485398411	-0.326954133508	0.763093064534	-2.750286316841
0.258589806185	0.941842450176	0.214625513825	-0.703820970919
-0.788886140514	0.077677497575	0.609610419592	1.079743101183
0.000000000000	0.000000000000	0.000000000000	1.000000000000
2	36	60
0.593303319067	-0.371074860363	0.714349088045	-2.472594339781
0.258101714377	0.928253463320	0.267822726574	-0.612352074716
-0.762479295863	0.025474611690	0.646510918345	1.264134948843
0.000000000000	0.000000000000	0.000000000000	1.000000000000
2	37	60
0.355286142480	-0.585815382161	0.728417527923	-2.201371824146
0.339544545734	0.806909787106	0.483328146226	-0.895246884380
-0.870908295071	0.075610405998	0.485594283410	1.619264331737
0.000000000000	0.000000000000	0.000000000000	1.000000000000
2	38	60
-0.115800582485	-0.488798861106	0.864676759534	-2.233225231241
0.296892500860	0.813701969566	0.499743882062	-0.995062740509
-0.947863422667	0.314586678209	0.050893554246	1.842007055058
0.000000000000	0.000000000000	0.000000000000	1.000000000000
3	4	60
0.728581582655	0.185514791606	-0.659358126901	0.046083381220
-0.123625161530	0.982430745725	0.139809331919	-0.052759942967
0.673710395387	-0.020349249375	0.738715243648	0.203723149804
0.000000000000	0.000000000000	0.000000000000	1.000000000000
3	6	60
0.677193069799	0.104613517949	-0.728330665342	0.278210100129
-0.105982311463	0.993387675305	0.044143812814	0.020025061024
0.728132746052	0.047296283310	0.683802431783	0.281483735484
0.000000000000	0.000000000000	0.000000000000	1.000000000000
3	31	60
-0.136010341207	-0.498850414158	0.855949444406	-2.869807278945
0.115235913737	0.850147508952	0.513780008571	-0.371068719694
-0.983982658013	0.168515510610	-0.058143369475	2.186513393236
0.000000000000	0.000000000000	0.000000000000	1.000000000000
3	47	60
-0.986813206589	0.098583214246	-0.128378523010	-0.475217017319
0.024995224344	0.876427026426	0.480885543669	-0.535849093450
0.159921649758	0.471335355366	-0.867333873846	4.247457313799
0.000000000000	0.000000000000	0.000000000000	1.000000000000
4	6	60
0.996814459355	0.024983286416	-0.075741461705	0.202427854573
-0.028341396389	0.998647395320	-0.043590653492	-0.030357612938
0.074549975668	0.045598412483	0.996174224675	-0.055483283150
0.000000000000	0.000000000000	0.000000000000	1.000000000000
4	7	60
0.999911770651	-0.012968752111	0.002874436094	0.506130264146
0.012815828062	0.998764195039	0.048019134299	-0.158988845211
-0.003493632101	-0.047978059324	0.998842280021	0.482425731761
0.000000000000	0.000000000000	0.000000000000	1.000000000000
6	7	60
0.995756907158	-0.010506041193	0.091421031198	0.312789270657
0.003026993545	0.996663355951	0.081565876532	-0.069889060111
-0.091972926217	-0.080943054074	0.992466222519	0.519974331539
0.000000000000	0.000000000000	0.000000000000	1.000000000000
8	9	60
0.955610750072	0.129092613942	-0.264845599118	0.375166037289
-0.102301903340	0.988356951562	0.112627069887	-0.132936278824
0.276301311832	-0.080533429852	0.957690947935	0.578727770819
0.000000000000	0.000000000000	0.000000000000	1.000000000000
8	10	60
0.654128718645	0.223591249670	-0.722580495527	0.649402059715
-0.225068923161	0.969574977929	0.096272228604	-0.056540796647
0.722121595905	0.099655984487	0.684550279734	0.655813440209
0.000000000000	0.000000000000	0.000000000000	1.000000000000
8	24	60
-0.732889879066	-0.208418184234	0.647637464669	-1.906865964244
0.194665861342	0.847883992934	0.493151028544	-0.842923128737
-0.651903081440	0.487498302568	-0.580833691691	2.848678054782
0.000000000000	0.000000000000	0.000000000000	1.000000000000
8	26	60
-0.022324990316	-0.344257007697	0.938609986874	-1.975304837028
0.218641192980	0.914436271987	0.340591152566	-0.666271577758
-0.975549908277	0.212822501456	0.054853981938	2.549436910955
0.000000000000	0.000000000000	0.000000000000	1.000000000000
8	28	60
0.086485919476	-0.312600332552	0.945939330941	-1.873197594160
0.258456121575	0.924028687051	0.281729335935	-0.753995519725
-0.962143762103	0.220118190059	0.160708940176	2.731980134729
0.000000000000	0.000000000000	0.000000000000	1.000000000000
8	29	60
-0.585304933613	-0.362146655901	0.725443267463	-1.874552975724
0.221825317328	0.789054420140	0.572875772441	-0.693516839338
-0.779879261989	0.496228698966	-0.381504148133	3.075890471457
0.000000000000	0.000000000000	0.000000000000	1.000000000000
9	10	60
0.875161287050	0.168006738228	-0.453725090289	0.220755263733
-0.166947029361	0.985039507769	0.042730054071	-0.046734858354
0.454116076610	0.038352366854	0.890116669275	-0.026108872880
0.000000000000	0.000000000000	0.000000000000	1.000000000000
9	29	60
-0.770406205491	-0.352897158358	0.530978223813	-1.408375697575
0.207237145388	0.648998896879	0.732019943322	-1.158008586653
-0.602932039381	0.673991118245	-0.426859377799	2.752906028754
0.000000000000	0.000000000000	0.000000000000	1.000000000000
10	11	60
0.884336564577	0.143719891925	-0.444177254277	0.225558636769
-0.143009283897	0.989091285812	0.035309673616	-0.206179880834
0.444406554037	0.032295835595	0.895242868574	0.664103723021
0.000000000000	0.000000000000	0.000000000000	1.000000000000
11	12	60
0.997536692604	0.030548542086	-0.063145336204	0.106765834161
-0.020948396874	0.988847027941	0.147454128466	-0.239690599248
0.066945586683	-0.145768110057	0.987051136727	0.839966029400
0.000000000000	0.000000000000	0.000000000000	1.000000000000
11	15	60
0.299672541713	0.451077644018	-0.840669570527	1.345964386571
-0.313359316313	0.878816646396	0.359843356054	-0.807565555483
0.901111705963	0.155596468738	0.404706600258	2.276993877954
0.000000000000	0.000000000000	0.000000000000	1.000000000000
11	17	60
0.377271213601	0.581124486336	-0.721083048455	1.106781323245
-0.276201368927	0.813790645573	0.511329237361	-1.046767707504
0.883956579924	0.006254323164	0.467527163116	2.131067996935
0.000000000000	0.000000000000	0.000000000000	1.000000000000
12	13	60
0.970374645277	0.156200992351	-0.184321181074	0.562918769514
-0.139030718059	0.984944027393	0.102741045059	-0.227065923128
0.197594299614	-0.074070998996	0.977481447327	0.430620904975
0.000000000000	0.000000000000	0.000000000000	1.000000000000
12	14	60
0.818166801995	0.270853529332	-0.507189757154	1.058349110512
-0.285221688445	0.957102796390	0.051017894735	-0.446437185184
0.499251111720	0.102920371118	0.860323035060	0.835835119864
0.000000000000	0.000000000000	0.000000000000	1.000000000000
12	15	60
0.437133101109	0.400401256232	-0.805353019441	1.323641972855
-0.431873682850	0.878896089880	0.202550697986	-0.597706244122
0.788923173684	0.259269159758	0.557117338469	1.156179168096
0.000000000000	0.000000000000	0.000000000000	1.000000000000
12	16	60
0.667728271977	0.341705491613	-0.661344321669	1.107316320307
-0.296417720172	0.936998481124	0.184852323598	-0.981523746746
0.682843679015	0.072603053471	0.726947939440	1.150784407877
0.000000000000	0.000000000000	0.000000000000	1.000000000000
12	17	60
0.495291975480	0.552995771857	-0.669986220257	1.050041022879
-0.387144657461	0.830914835419	0.399624261625	-0.929031266216
0.777692016948	0.061450895755	0.625634808963	1.013317924689
0.000000000000	0.000000000000	0.000000000000	1.000000000000
12	18	60
0.648787563643	0.531562093872	-0.544533229125	0.939700681007
-0.365581422687	0.845315373459	0.389605111337	-0.970733224205
0.667401618704	-0.053699718363	0.742759328181	1.260560588106
0.000000000000	0.000000000000	0.000000000000	1.000000000000
12	21	60
0.144289936997	0.673849397257	-0.724642949250	0.527475287783
-0.506728164712	0.679319016852	0.530803391503	-1.116427828791
0.849945281279	0.290607403827	0.439477366507	1.751836113845
0.000000000000	0.000000000000	0.000000000000	1.000000000000
13	14	60
0.941253758640	0.143295195477	-0.305790530919	0.540492392102
-0.176907532297	0.980545914893	-0.085049596138	-0.186462333636
0.287654457401	0.134149900260	0.948292527334	0.251469011428
0.000000000000	0.000000000000	0.000000000000	1.000000000000
13	15	60
0.634355229571	0.328206870045	-0.699909775022	0.956476034389
-0.406954431716	0.911565595566	0.058619582794	-0.364872550969
0.657253020702	0.247645745846	0.711821642929	0.551765310165
0.000000000000	0.000000000000	0.000000000000	1.000000000000
13	16	60
0.825499638317	0.256907879851	-0.502542225499	0.714531066184
-0.270860262765	0.961489990881	0.046601668318	-0.752329763103
0.495161655617	0.097649058908	0.863295775561	0.499499209174
0.000000000000	0.000000000000	0.000000000000	1.000000000000
13	17	60
0.683833466450	0.427660751358	-0.591166703994	0.700085614103
-0.346205539577	0.903386112078	0.253051885728	-0.676410779809
0.642272149894	0.031619839527	0.765824177745	0.431359432119
0.000000000000	0.000000000000	0.000000000000	1.000000000000
13	18	60
0.821548192440	0.406726795000	-0.399539587185	0.580549025229
-0.318969312797	0.908729814546	0.269200114504	-0.785843686830
0.472564434753	-0.093719999915	0.876298702854	0.646531767974
0.000000000000	0.000000000000	0.000000000000	1.000000000000
14	15	60
0.853223639065	0.232106802860	-0.467050161981	0.509688255248
-0.226406055303	0.971569751296	0.069228003646	-0.103974771259
0.469840100313	0.046676015607	0.881516664451	0.177800309819
0.000000000000	0.000000000000	0.000000000000	1.000000000000
14	16	60
0.966502612579	0.093450965233	-0.239038944473	0.360625810898
-0.075221961882	0.993597290373	0.084297574192	-0.500182869519
0.245386137197	-0.063492847321	0.967343941941	0.237570747701
0.000000000000	0.000000000000	0.000000000000	1.000000000000
14	17	60
0.893030443587	0.265093195940	-0.363623740001	0.267874800051
-0.166249791082	0.945251284396	0.280822036730	-0.475580957539
0.418159818480	-0.190330257222	0.888209862248	0.168174785737
0.000000000000	0.000000000000	0.000000000000	1.000000000000
14	18	60
0.972305099617	0.179646925996	-0.149498412159	0.204926010753
-0.128331699261	0.944979417956	0.300906754002	-0.487002487404
0.195329895875	-0.273387786156	0.941862702392	0.392270446239
0.000000000000	0.000000000000	0.000000000000	1.000000000000
14	20	60
0.988891975872	0.096453469420	-0.113090177704	0.343047172034
-0.084537342468	0.990786037263	0.105813354986	-0.780172736582
0.122254234220	-0.095077634603	0.987934282032	0.902190649770
0.000000000000	0.000000000000	0.000000000000	1.000000000000
14	21	60
0.679880105785	0.516226472720	-0.520839006432	0.255393352582
-0.360704203286	0.853799689346	0.375391220202	-0.716604462309
0.638479067386	-0.067352203646	0.766686481669	1.049014417183
0.000000000000	0.000000000000	0.000000000000	1.000000000000
15	16	60
0.954798378139	-0.185204400949	0.232506746078	-0.032233488972
0.169257834532	0.981729915416	0.086937670933	-0.434649357574
-0.244360067426	-0.043654358850	0.968701426860	0.106836653957
0.000000000000	0.000000000000	0.000000000000	1.000000000000
15	17	60
0.997603026358	-0.065903364316	0.021093799416	-0.056680001429
0.060064457236	0.976086552008	0.208919371928	-0.373454601878
-0.034357863421	-0.207151610087	0.977705348078	0.053763804370
0.000000000000	0.000000000000	0.000000000000	1.000000000000
15	18	60
0.959540550230	-0.179192827947	0.217190844366	-0.001464692077
0.113257074843	0.951830715047	0.284940563788	-0.393323360038
-0.257788222116	-0.248813625645	0.933615023568	0.275830856692
0.000000000000	0.000000000000	0.000000000000	1.000000000000
15	21	60
0.956323722735	0.238187681905	-0.169444874587	0.324755204331
-0.184776989517	0.941760426075	0.280971108877	-0.612362309239
0.226500334392	-0.237389823007	0.944639439391	0.838380764552
0.000000000000	0.000000000000	0.000000000000	1.000000000000
16	17	60
0.975165217396	0.145485165926	-0.166993608488	-0.080339141118
-0.114535929285	0.976607726631	0.181985903816	0.032861491053
0.189563497761	-0.158339555325	0.969017164727	-0.048357155184
0.000000000000	0.000000000000	0.000000000000	1.000000000000
16	18	60
0.998123964091	0.047565629289	0.038549490492	-0.053558770376
-0.055459566693	0.969153765018	0.240135828674	-0.040066048136
-0.025938172044	-0.241823263275	0.969973566944	0.183126934972
0.000000000000	0.000000000000	0.000000000000	1.000000000000
16	19	60
0.955268408396	-0.086065062244	0.282940051921	0.257821302257
0.039737053590	0.985395832426	0.165577836710	-0.391578933391
-0.293058414812	-0.146928072533	0.944737480473	0.757935297968
0.000000000000	0.000000000000	0.000000000000	1.000000000000
16	20	60
0.993089546456	0.021077896815	0.115450747015	0.179536310462
-0.027305835158	0.998240619380	0.052631332734	-0.380656131089
-0.114138267408	-0.055420105422	0.991917873530	0.635493727601
0.000000000000	0.000000000000	0.000000000000	1.000000000000
16	21	60
0.842140803020	0.419520685075	-0.338823350264	0.105320747212
-0.328237080341	0.897292696869	0.295171535271	-0.310957268369
0.427854282412	-0.137361606500	0.893349037097	0.795408638398
0.000000000000	0.000000000000	0.000000000000	1.000000000000
17	18	60
0.976363765953	-0.103108407654	0.189953817557	0.080746283078
0.090302516307	0.993093615231	0.074903450765	-0.087749640855
-0.196365098941	-0.055979707565	0.978931570774	0.214140530490
0.000000000000	0.000000000000	0.000000000000	1.000000000000
17	21	60
0.936606807108	0.289060249375	-0.198019850293	0.364714106237
-0.280904519752	0.957270848241	0.068739900290	-0.385057423593
0.209428602779	-0.008757587584	0.977784723238	0.716332897063
0.000000000000	0.000000000000	0.000000000000	1.000000000000
17	22	60
0.596624924008	0.662255249784	-0.453273299662	0.319625057627
-0.596626263596	0.743777908440	0.301382687798	-0.260673272389
0.536726933962	0.090622331960	0.838875313327	0.736545286569
0.000000000000	0.000000000000	0.000000000000	1.000000000000
18	19	60
0.943325941913	-0.154244249256	0.293844991255	0.268223252564
0.173533362490	0.983991690752	-0.040577390681	-0.473811522812
-0.282882200601	0.089269614668	0.954991411731	0.479370004056
0.000000000000	0.000000000000	0.000000000000	1.000000000000
18	20	60
0.995911211743	-0.047065632716	0.077108265069	0.265283832785
0.061381525523	0.978813511984	-0.195336676236	-0.388814704834
-0.066280967476	0.199271008868	0.977700311126	0.367924581400
0.000000000000	0.000000000000	0.000000000000	1.000000000000
18	21	60
0.850506040318	0.391513945770	-0.351221163443	0.081243211313
-0.399849584767	0.915113923722	0.051834507536	-0.397582296810
0.341701309545	0.096350074607	0.934856608351	0.524686523445
0.000000000000	0.000000000000	0.000000000000	1.000000000000
19	20	60
0.965809432800	0.109067143012	-0.235194595664	0.023549106933
-0.140373820141	0.982711415920	-0.120720601555	0.084804170511
0.217961763007	0.149608259585	0.964422126732	-0.110836002093
0.000000000000	0.000000000000	0.000000000000	1.000000000000
20	21	60
0.800076366217	0.411953300586	-0.436087475579	-0.123410374596
-0.342860408700	0.910518060830	0.231092191665	0.063347812081
0.492264713713	-0.035374270863	0.869726458488	0.150335387150
0.000000000000	0.000000000000	0.000000000000	1.000000000000
21	22	60
0.835859107717	0.430702217515	-0.340345635898	-0.068154454285
-0.407950307572	0.902227452459	0.139864829680	0.121683377378
0.367309268327	0.021936815108	0.929840135477	0.055584923009
0.000000000000	0.000000000000	0.000000000000	1.000000000000
22	23	60
0.980230916447	-0.009654504538	-0.197621205805	-0.151232419764
-0.083173949704	0.886163135722	-0.455847552345	-0.052777303899
0.179525609684	0.463272800227	0.867841499375	-0.127038274121
0.000000000000	0.000000000000	0.000000000000	1.000000000000
23	31	60
0.993523425016	0.072828171232	-0.087219616024	-0.858758803242
-0.058954955275	0.986584213635	0.152236338153	-0.362273183866
0.097136590392	-0.146108339532	0.984488108575	0.732795465755
0.000000000000	0.000000000000	0.000000000000	1.000000000000
23	32	60
0.958372101568	-0.133385859805	0.252450247256	-0.793560913104
0.052337588705	0.951257863435	0.303923105509	-0.543367653940
-0.280684327571	-0.278058788132	0.918640091983	0.678275651273
0.000000000000	0.000000000000	0.000000000000	1.000000000000
23	42	60
-0.985305093716	0.023511122238	0.169177715520	-0.418334252271
-0.144471612631	-0.643085488187	-0.752043222180	2.602663793635
0.091114353650	-0.765433394891	0.637032096950	1.135171802964
0.000000000000	0.000000000000	0.000000000000	1.000000000000
24	25	60
0.818387645089	0.132282213141	-0.559234368089	0.049175884637
-0.163901933903	0.986455106557	-0.006517576996	-0.024750844582
0.550797438654	0.096993498924	0.828983982197	0.108002778503
0.000000000000	0.000000000000	0.000000000000	1.000000000000
24	26	60
0.786192240752	0.256408506900	-0.562277901193	0.017971831168
-0.225719105709	0.966143356754	0.124971594846	-0.035580501984
0.575284838927	0.028665166835	0.817450709408	0.129600215189
0.000000000000	0.000000000000	0.000000000000	1.000000000000
24	28	60
0.644894445921	0.232515231327	-0.728043831662	0.003418842336
-0.223068849205	0.968384111177	0.111680355189	-0.020553741059
0.730993462443	0.090381858920	0.676372439891	0.091636920458
0.000000000000	0.000000000000	0.000000000000	1.000000000000
24	29	60
0.957877927509	0.122596632257	-0.259692013258	0.074565101813
-0.071444529796	0.977597919991	0.197984812527	0.113869214166
0.278146643253	-0.171091708122	0.945178328285	0.041766943179
0.000000000000	0.000000000000	0.000000000000	1.000000000000
24	30	60
0.994984998095	0.020029768326	-0.097998275220	-0.107460582505
-0.028374963049	0.996017822856	-0.084518388678	-0.147181909689
0.095915144984	0.086875226236	0.991591135514	0.408999497993
0.000000000000	0.000000000000	0.000000000000	1.000000000000
24	31	60
0.923200123278	-0.115681780022	0.366495918327	-0.338669466573
0.045022091590	0.979610470096	0.195796675527	-0.298405501961
-0.381673346788	-0.164259102182	0.909584742453	0.942986039701
0.000000000000	0.000000000000	0.000000000000	1.000000000000
25	26	60
0.998681747043	0.039448068223	-0.032842320824	0.018756414664
-0.035821312261	0.993878096446	0.104513936833	0.020305567095
0.036764136214	-0.103199705997	0.993980995276	0.018793774661
0.000000000000	0.000000000000	0.000000000000	1.000000000000
25	27	60
0.899613683040	0.170975362233	-0.401824149095	0.024778847523
-0.172128074435	0.984503435578	0.033539697779	0.042745270001
0.401331717259	0.038992445998	0.915102421523	0.064204651610
0.000000000000	0.000000000000	0.000000000000	1.000000000000
25	28	60
0.961646492275	0.055353769656	-0.268648439564	0.017332615394
-0.044370249978	0.997918820527	0.046790047599	0.034049121492
0.270679339463	-0.033075486727	0.962101193932	-0.016088148926
0.000000000000	0.000000000000	0.000000000000	1.000000000000
25	29	60
0.942366676934	-0.167386264855	0.289701371317	-0.086861397938
0.092464753633	0.962429430313	0.255303468449	0.123095412309
-0.321551419746	-0.213802315246	0.922438753769	-0.070674323679
0.000000000000	0.000000000000	0.000000000000	1.000000000000
26	27	60
0.928647231706	0.051464459800	-0.367376820746	0.016389104733
-0.099635079699	0.988543979676	-0.113373943833	0.031125100710
0.357333415646	0.141888017903	0.923136295700	0.034160044765
0.000000000000	0.000000000000	0.000000000000	1.000000000000
26	28	60
0.977943799896	0.022430498488	-0.207660292265	-0.026785008923
-0.041876688704	0.995085608362	-0.089727225374	0.058393287862
0.204627141868	0.096444309152	0.974077116066	-0.015264695894
0.000000000000	0.000000000000	0.000000000000	1.000000000000
26	29	60
0.933133433574	-0.211392083161	0.290818469707	-0.026493921362
0.166782716982	0.971099334819	0.170732560542	0.090091163773
-0.318505134122	-0.110812765915	0.941421802620	-0.076393665394
0.000000000000	0.000000000000	0.000000000000	1.000000000000
27	28	60
0.982015695215	-0.086881571977	0.167620902042	-0.058974025535
0.082998134316	0.996096543209	0.030049730562	0.026406359339
-0.169577368922	-0.015597084907	0.985393447762	-0.044220138524
0.000000000000	0.000000000000	0.000000000000	1.000000000000
28	29	60
0.830638887522	-0.261095289340	0.491801065900	-0.046069537358
0.152673569353	0.956191569211	0.249776828769	0.049869195079
-0.535471586321	-0.132389323035	0.834112251073	-0.052420424256
0.000000000000	0.000000000000	0.000000000000	1.000000000000
29	30	60
0.981148947310	-0.023267453930	0.191847253771	-0.052113015926
0.081096920396	0.950659105111	-0.299450422226	-0.272428346786
-0.175413889685	0.309363688006	0.934625099090	0.340052495984
0.000000000000	0.000000000000	0.000000000000	1.000000000000
29	31	60
0.802868146336	-0.207995138273	0.558695589792	-0.069523211513
0.208115858743	0.975989853171	0.064277490976	-0.581888285702
-0.558650632272	0.064667062415	0.826878251075	0.819273310366
0.000000000000	0.000000000000	0.000000000000	1.000000000000
30	31	60
0.898814716863	-0.135922221576	0.416722034973	-0.153061402258
0.003403887889	0.952842295402	0.303446821767	-0.153209197124
-0.438315546493	-0.271323994101	0.856891341961	0.572342384041
0.000000000000	0.000000000000	0.000000000000	1.000000000000
30	32	60
0.670399197221	-0.359765409699	0.648948200051	-0.106133371582
0.031195397314	0.887485041655	0.459779455853	-0.359140347869
-0.741344564661	-0.287991581166	0.606192284367	0.545658020626
0.000000000000	0.000000000000	0.000000000000	1.000000000000
31	32	60
0.918729764915	-0.221353281567	0.327014286840	0.037233726339
0.158558369986	0.965216476704	0.207885536792	-0.218294068093
-0.361655723535	-0.139139778062	0.921870522251	-0.058714556194
0.000000000000	0.000000000000	0.000000000000	1.000000000000
31	33	60
0.965465854013	-0.081081919931	0.247591209445	-0.082184907510
0.100087375754	0.992843733256	-0.065144750738	-0.478281621705
-0.240537319244	0.087675786819	0.966671999417	0.401135232177
0.000000000000	0.000000000000	0.000000000000	1.000000000000
31	47	60
0.070908435465	-0.319564612307	0.944907642228	-2.219937238189
0.541492217531	0.807890853217	0.232590944883	-0.746270566100
-0.837710076419	0.495167474547	0.230328026990	1.710648761908
0.000000000000	0.000000000000	0.000000000000	1.000000000000
31	48	60
0.566559826526	-0.256248382155	0.783164561002	-2.352026793238
0.467873403371	0.882393862354	-0.049754900232	-0.682780456362
-0.678309989153	0.394610996200	0.619820716251	1.611610838256
0.000000000000	0.000000000000	0.000000000000	1.000000000000
33	34	60
0.892877544246	0.122687387793	-0.433263771688	-0.386365038539
-0.140286081372	0.990072391372	-0.008745010896	-0.294781522502
0.427889595987	0.068589100584	0.901224738302	0.616636635956
0.000000000000	0.000000000000	0.000000000000	1.000000000000
33	36	60
0.875760315774	0.115090684852	-0.468826197620	-0.498230292777
-0.101183030018	0.993354810402	0.054847197620	-0.314316538786
0.472023160185	-0.000595743880	0.881585946654	0.950331213782
0.000000000000	0.000000000000	0.000000000000	1.000000000000
33	38	60
0.973043050073	-0.185446258652	0.137101815660	-0.997723324377
0.173254364879	0.980170575022	0.096169480141	-0.640493608214
-0.152217435781	-0.069823556284	0.985877539673	1.168670800033
0.000000000000	0.000000000000	0.000000000000	1.000000000000
33	41	60
0.494919882539	-0.451657831695	0.742333828501	-1.526838695027
0.385897871509	0.879677193284	0.277940404370	-0.359791604432
-0.778548099113	0.148906812084	0.609663529073	1.184991668027
0.000000000000	0.000000000000	0.000000000000	1.000000000000
33	42	60
0.239744729086	-0.553672909810	0.797476503615	-1.912772054832
0.508376112424	0.771404383875	0.382738820679	-0.274821868609
-0.827088987468	0.313658389783	0.466414216472	0.979128109137
0.000000000000	0.000000000000	0.000000000000	1.000000000000
33	47	60
0.317141353926	-0.395578831601	0.861938947733	-2.449688633438
0.494647462176	0.844437436552	0.205546354654	-0.041945823074
-0.809163302302	0.361168663837	0.463478097077	0.724714695732
0.000000000000	0.000000000000	0.000000000000	1.000000000000
33	48	60
0.770641371642	-0.237659129708	0.591295200708	-2.462670289359
0.349880776823	0.933295892506	-0.080883985075	0.145671573294
-0.532630564579	0.269215369357	0.802388787669	0.574191107512
0.000000000000	0.000000000000	0.000000000000	1.000000000000
34	35	60
0.947858055975	0.038444462769	-0.316365499077	-0.138779457761
-0.103966040669	0.975689787216	-0.192926155586	-0.087058283948
0.301257644072	0.215757879123	0.928812343525	0.019697501138
0.000000000000	0.000000000000	0.000000000000	1.000000000000
34	36	60
0.997570952483	-0.066336204331	-0.021253299925	0.010168251246
0.067620617915	0.995469215064	0.066846794184	-0.036607641257
0.016722643196	-0.068121581418	0.997536868166	0.371370467080
0.000000000000	0.000000000000	0.000000000000	1.000000000000
34	37	60
0.954384904295	-0.252061782207	0.160044720017	-0.161086459450
0.200268104477	0.937974646627	0.283012806450	-0.414735689387
-0.221454602083	-0.238051297488	0.945668778685	0.754257258450
0.000000000000	0.000000000000	0.000000000000	1.000000000000
35	50	60
0.768457162784	-0.202255401834	0.607096649138	-1.573021411993
0.088599198015	0.973226806071	0.212084337128	0.116383668150
-0.633737935646	-0.109189451749	0.765802776536	1.193883500733
0.000000000000	0.000000000000	0.000000000000	1.000000000000
36	37	60
0.960990200330	-0.199523005114	0.191542176296	-0.189844368895
0.157765823635	0.964252946291	0.212899507893	-0.401121616502
-0.227173457435	-0.174375531536	0.958115543261	0.375526548102
0.000000000000	0.000000000000	0.000000000000	1.000000000000
36	48	60
0.334327510889	-0.244328078273	0.910235631927	-1.965026406536
0.438312074781	0.895315005713	0.079331996362	-0.004732289768
-0.834330654216	0.372444399492	0.406420384237	0.665525011729
0.000000000000	0.000000000000	0.000000000000	1.000000000000
36	49	60
0.820190391576	-0.131661507165	0.556734199683	-1.960769750789
0.242795017272	0.961279044580	-0.130357884454	0.156404259851
-0.518013804019	0.242090573923	0.820398593894	0.452251196273
0.000000000000	0.000000000000	0.000000000000	1.000000000000
37	38	60
0.907551060021	-0.142284335501	0.395102823739	-0.139638062123
0.204250185199	0.971626871853	-0.119260570767	-0.014773291722
-0.366923609627	0.188934882340	0.910862599371	0.013574991086
0.000000000000	0.000000000000	0.000000000000	1.000000000000
37	49	60
0.939897989343	-0.032740520759	0.339882079448	-1.661413665184
0.163554027645	0.916942975384	-0.363958321701	0.832359790273
-0.299736300222	0.397672777790	0.867187702942	-0.136953147154
0.000000000000	0.000000000000	0.000000000000	1.000000000000
38	39	60
0.933197118523	-0.141744089554	0.330229845799	0.170621914616
0.192292859977	0.973260312348	-0.125649593754	0.148762480378
-0.303589515600	0.180756680333	0.935500095421	0.058257517255
0.000000000000	0.000000000000	0.000000000000	1.000000000000
39	40	60
0.912699691012	-0.127491409113	0.388233453773	-0.131402082404
0.116646377769	0.991838212410	0.051483812563	0.025091221461
-0.391628518599	-0.001703233707	0.920121841071	0.014033920087
0.000000000000	0.000000000000	0.000000000000	1.000000000000
40	41	60
0.998179612408	-0.021393710000	0.056389454206	-0.206706953599
0.015681367561	0.994877478312	0.099864397358	0.257684559008
-0.058237067960	-0.098798341691	0.993401898324	-0.455035885365
0.000000000000	0.000000000000	0.000000000000	1.000000000000
41	42	60
0.979174779797	-0.125208764078	0.159810875746	0.026751344738
0.126210227573	0.991995815664	0.003908984637	0.223165756072
-0.159021159173	0.016342187825	0.987139910971	-0.350185234539
0.000000000000	0.000000000000	0.000000000000	1.000000000000
41	43	60
0.835219049334	-0.105827821259	0.539638408452	-0.139364281223
0.198879819937	0.973015154480	-0.116997121220	0.259494833044
-0.512694798931	0.205041413864	0.833727810349	-0.586202301958
0.000000000000	0.000000000000	0.000000000000	1.000000000000
41	44	60
0.867825813844	-0.142454622546	0.476009492910	-0.116692226320
0.265954497134	0.942404016126	-0.202837067235	0.457674806607
-0.419698179981	0.302624108269	0.855728979768	-0.471700949641
0.000000000000	0.000000000000	0.000000000000	1.000000000000
41	45	60
0.694833425847	-0.033733074281	0.718379140862	-0.698717946898
0.297506744182	0.922902617669	-0.244418688864	0.449438918077
-0.654748995794	0.383552914210	0.651299404658	-0.045581911306
0.000000000000	0.000000000000	0.000000000000	1.000000000000
41	46	60
0.918480256269	-0.051925415918	0.392043071647	-0.058514299162
0.157042666026	0.957716936987	-0.241072332830	0.520308077480
-0.362948508596	0.282987667206	0.887798603467	-0.540662620562
0.000000000000	0.000000000000	0.000000000000	1.000000000000
41	47	60
0.990728470807	-0.097004253964	0.095117148004	0.152674297879
0.111716446211	0.980100782834	-0.164078917395	0.623407123590
-0.077308038247	0.173183804671	0.981850720335	-0.832425748346
0.000000000000	0.000000000000	0.000000000000	1.000000000000
41	48	60
0.924502639074	0.082678363693	-0.372101005807	0.232072433752
-0.157145919021	0.972044611922	-0.174454671961	0.679409889921
0.347275150970	0.219757959153	0.911650376465	-0.933906818977
0.000000000000	0.000000000000	0.000000000000	1.000000000000
42	43	60
0.930461296010	-0.061249065648	0.361234450993	-0.072171199902
0.117277791907	0.983843935835	-0.135266512657	-0.034087092034
-0.347113376510	0.168225033447	0.922611858784	-0.214077895364
0.000000000000	0.000000000000	0.000000000000	1.000000000000
42	44	60
0.931963326467	-0.090502692643	0.351074950324	-0.184425776223
0.185668734648	0.950865160183	-0.247755056710	0.231943118860
-0.311402439127	0.296082268593	0.902974978131	-0.076332538147
0.000000000000	0.000000000000	0.000000000000	1.000000000000
42	45	60
0.893303566197	-0.071421009802	0.443742918792	-0.434802849086
0.208744068024	0.940279988337	-0.268885584584	0.227102584403
-0.398038506534	0.332825153633	0.854864178934	0.050904770500
0.000000000000	0.000000000000	0.000000000000	1.000000000000
42	46	60
0.984018222505	0.022718430227	0.176612600643	0.074743677912
0.030360252431	0.955900478690	-0.292117322170	0.350807850110
-0.175460516499	0.292810771263	0.939933752656	-0.142556404156
0.000000000000	0.000000000000	0.000000000000	1.000000000000
42	47	60
0.990283570703	0.005159520120	-0.138967006690	0.370340251795
-0.030774948449	0.982664752391	-0.182819274026	0.435616031799
0.135614719497	0.185319625943	0.973275543768	-0.372745218860
0.000000000000	0.000000000000	0.000000000000	1.000000000000
42	48	60
0.792125991395	0.213104345533	-0.571946633586	0.477142780445
-0.326669452221	0.939581323212	-0.102342591605	0.419568667522
0.515580723788	0.267905720331	0.813881466967	-0.453914741264
0.000000000000	0.000000000000	0.000000000000	1.000000000000
43	44	60
0.998304683003	-0.044478346418	-0.037542463891	-0.077702782578
0.040509754409	0.994106335141	-0.100556224221	0.264283463903
0.041793775766	0.098864913553	0.994222816664	0.048568596560
0.000000000000	0.000000000000	0.000000000000	1.000000000000
43	45	60
0.995030921081	-0.049549652820	0.086361438141	-0.397787376397
0.061743551389	0.987533171237	-0.144796303712	0.303590382241
-0.078110178302	0.149409061346	0.985685412509	0.088132895814
0.000000000000	0.000000000000	0.000000000000	1.000000000000
43	46	60
0.970086055496	0.051085623710	-0.237325312563	0.256287285997
-0.074746877960	0.992968885298	-0.091791595827	0.253250542501
0.230967420145	0.106785073298	0.967083760050	0.067022479412
0.000000000000	0.000000000000	0.000000000000	1.000000000000
43	47	60
0.871197080918	0.106769616186	-0.479182528124	0.520027275480
-0.111812172955	0.993564549417	0.018097627519	0.352595592492
0.478031049388	0.037811839446	0.877528677947	-0.052644537701
0.000000000000	0.000000000000	0.000000000000	1.000000000000
44	45	60
0.995120987498	-0.021807645722	0.096221862535	-0.259405829511
0.027203685222	0.998108619936	-0.055128416622	0.063866994109
-0.094837649444	0.057477033648	0.993832083831	0.025007211533
0.000000000000	0.000000000000	0.000000000000	1.000000000000
44	46	60
0.962234688956	0.119252111155	-0.244710721781	0.423402555149
-0.112145364936	0.992768597189	0.042824403769	-0.073274602275
0.248048020538	-0.013763953643	0.968649953847	0.034829175024
0.000000000000	0.000000000000	0.000000000000	1.000000000000
44	47	60
0.874600511286	0.116447133383	-0.470652749684	0.662308744400
-0.068615567612	0.990687033794	0.117605718200	0.044761690895
0.479964425286	-0.070563915700	0.874445472435	-0.109898363712
0.000000000000	0.000000000000	0.000000000000	1.000000000000
45	46	60
0.952916576263	0.118573812012	-0.279088247313	0.554353730118
-0.111947951061	0.992923886778	0.039620844499	-0.014644801119
0.281811381843	-0.006512002037	0.959447725982	0.030664912731
0.000000000000	0.000000000000	0.000000000000	1.000000000000
45	47	60
0.796683291035	0.170053922910	-0.579980514405	1.010244536105
-0.067619575975	0.978655749028	0.194063180020	-0.066177897351
0.600602469801	-0.115388856469	0.791177657086	-0.029003937796
0.000000000000	0.000000000000	0.000000000000	1.000000000000
46	47	60
0.951247956113	0.015983613420	-0.308012743393	0.316523306280
0.014756794051	0.995153977036	0.097215220100	0.050604802601
0.308073957062	-0.097021060042	0.946402319782	-0.187272916412
0.000000000000	0.000000000000	0.000000000000	1.000000000000
46	48	60
0.732481676921	0.183979437733	-0.655455688408	0.296362407361
-0.156129007318	0.982527518087	0.101308485704	0.059716114894
0.662641928985	0.028129036478	0.748407931049	-0.385667363754
0.000000000000	0.000000000000	0.000000000000	1.000000000000
47	48	60
0.864798039493	0.168292893844	-0.473077005117	0.131389594213
-0.171229704683	0.984527678310	0.037224170587	-0.031742965867
0.472021968898	0.048813446133	0.880234348543	-0.092000447632
0.000000000000	0.000000000000	0.000000000000	1.000000000000
48	49	60
0.833597327780	0.212475316332	-0.509872273288	0.121785370299
-0.198753630606	0.976610453469	0.082030582688	0.003260312566
0.515376066032	0.032958490936	0.856330104829	-0.088893444675
0.000000000000	0.000000000000	0.000000000000	1.000000000000
48	50	60
0.643430944242	0.314665313563	-0.697841214341	0.301582779215
-0.259406774831	0.947299375495	0.187968131232	-0.062289467772
0.720211597494	0.060080226590	0.691148045797	-0.141105569838
0.000000000000	0.000000000000	0.000000000000	1.000000000000
49	50	60
0.961881533853	0.131892769099	-0.239558369280	0.078097768512
-0.120191336706	0.990757239494	0.062881912916	-0.012974991271
0.245637858266	-0.031692110225	0.968843461420	-0.119999498536
0.000000000000	0.000000000000	0.000000000000	1.000000000000
49	51	60
0.923554610968	0.124514100512	-0.362688736154	-0.001187492659
-0.112332549577	0.992170794660	0.054575750373	-0.360750153177
0.366644622032	-0.009661935469	0.930310898645	0.007859555605
0.000000000000	0.000000000000	0.000000000000	1.000000000000
50	51	60
0.989190060430	-0.043353632995	-0.140083856505	0.037375774619
0.036253716360	0.997944435829	-0.052844782603	-0.295710463653
0.142086918459	0.047194973296	0.988728447097	0.113366094980
0.000000000000	0.000000000000	0.000000000000	1.000000000000
51	55	60
0.877224721016	0.126807588277	-0.463029830998	1.324899501573
-0.095491444787	0.991301305909	0.090570993567	0.000746107605
0.470487165406	-0.035235727022	0.881703051333	0.769241352178
0.000000000000	0.000000000000	0.000000000000	1.000000000000
52	53	60
0.912157214171	0.093574114660	-0.399015164751	0.645335503293
-0.097596559947	0.995173040069	0.010272867514	0.111793414436
0.398050409022	0.029572037233	0.916886779538	0.065743080014
0.000000000000	0.000000000000	0.000000000000	1.000000000000
52	54	60
0.809611301825	0.129876098286	-0.572417451735	1.125596668261
-0.189690211620	0.980776896055	-0.045763563891	0.126739030997
0.555470218438	0.145632686093	0.818684284184	-0.140864803077
0.000000000000	0.000000000000	0.000000000000	1.000000000000
52	55	60
0.979367164882	0.075691061583	-0.187378812961	1.160326335622
-0.079497538782	0.996751942851	-0.012872674579	0.108077696446
0.185795849464	0.027503229258	0.982203377464	-0.236641554174
0.000000000000	0.000000000000	0.000000000000	1.000000000000
53	54	60
0.986567067973	0.010415535283	-0.163024344854	0.375398872725
-0.036410000893	0.986881114697	-0.157289469733	0.156226409264
0.159247393151	0.161112327520	0.974003637414	-0.293382837874
0.000000000000	0.000000000000	0.000000000000	1.000000000000
53	55	60
0.977426300033	-0.117379116976	0.175670062623	0.528375447206
0.129802363076	0.989665117006	-0.060945079550	0.230138728708
-0.166700853459	0.082371712860	0.982560800346	-0.377739183263
0.000000000000	0.000000000000	0.000000000000	1.000000000000
53	56	60
0.851340897680	0.321263991833	-0.414738620686	0.460889279705
-0.214480903941	0.934617798141	0.283703213311	0.222556187692
0.478765723274	-0.152574634031	0.864583346629	-0.315950728994
0.000000000000	0.000000000000	0.000000000000	1.000000000000
53	58	60
0.684802014755	0.061447691124	-0.726133859452	0.578382106446
-0.173703725471	0.981480901035	-0.080760489486	0.097638886760
0.707723969034	0.181437102490	0.682793791342	-0.484237257322
0.000000000000	0.000000000000	0.000000000000	1.000000000000
54	55	60
0.935220687469	-0.142356827783	0.324186365095	0.147655233524
0.114057624803	0.987932657487	0.104785125352	0.071816333498
-0.335191175233	-0.061021290172	0.940171940759	-0.111068872367
0.000000000000	0.000000000000	0.000000000000	1.000000000000
56	57	60
0.961125711199	-0.024841429676	-0.274991401035	0.027833131609
-0.115660896898	0.868131094318	-0.482670653767	0.063057246731
0.250718815011	0.495712927460	0.831509933404	-0.218864127012
0.000000000000	0.000000000000	0.000000000000	1.000000000000
56	58	60
0.965435911391	0.008168505631	-0.260512526593	-0.040722735807
-0.121683122725	0.898021660899	-0.422788734713	0.013233460529
0.230492339656	0.439875405168	0.867976329912	-0.217725580661
0.000000000000	0.000000000000	0.000000000000	1.000000000000
56	59	60
0.801455620412	0.316256670121	-0.507592954160	0.090245385084
-0.361578068639	0.932288674612	0.009956277869	-0.141910788115
0.476371901763	0.175554965163	0.861539474091	0.246452831738
0.000000000000	0.000000000000	0.000000000000	1.000000000000
57	58	60
0.999394929246	-0.033437346750	-0.009577016253	0.011474216018
0.033694380288	0.999037956070	0.028068684849	-0.040091554418
0.008629260394	-0.028374392936	0.999560118097	0.008802863002
0.000000000000	0.000000000000	0.000000000000	1.000000000000
58	59	60
0.936626806261	0.223003189402	-0.270184757730	0.212326634145
-0.107441568264	0.916917981865	0.384340635299	0.064194969007
0.333446450277	-0.330954667665	0.882769773355	0.431147918721
0.000000000000	0.000000000000	0.000000000000	1.000000000000
