0	1	60
0.996668537593	0.062442051902	-0.052467288160	-0.092718776363
-0.061339811284	0.997866369646	0.022363717979	-0.045501458568
0.053751778800	-0.019070880538	0.998372199028	0.114659119350
0.000000000000	0.000000000000	0.000000000000	1.000000000000
0	2	60
0.957420790261	0.118922816271	-0.263064239582	-0.373987494023
-0.105335557035	0.992295926761	0.065216670854	-0.178734999619
0.268793323579	-0.034729778335	0.962571551468	0.351100712769
0.000000000000	0.000000000000	0.000000000000	1.000000000000
0	3	60
0.932000551105	0.102516606431	-0.347656897165	-0.287518786129
-0.131325539929	0.989505239070	-0.060274243380	-0.515975988281
0.337829210257	0.101831857778	0.935682476826	0.602261868087
0.000000000000	0.000000000000	0.000000000000	1.000000000000
0	4	60
0.979556130808	-0.074022383031	0.187057406716	-0.100794974411
0.085088530069	0.995024495910	-0.051828511360	-0.509851974500
-0.182290231904	0.066685375830	0.980980801037	0.516540647091
0.000000000000	0.000000000000	0.000000000000	1.000000000000
0	5	60
0.949477435223	-0.189460461448	0.250194591369	0.111880280084
0.219451777373	0.970715816669	-0.097732904777	-0.239383692965
-0.224351325849	0.147700835530	0.963250198948	0.326950608186
0.000000000000	0.000000000000	0.000000000000	1.000000000000
0	6	60
0.956558782489	-0.149698177739	0.250171443664	0.408001474102
0.170732875142	0.983205020067	-0.064483903890	-0.001418669131
-0.236316696382	0.104395134451	0.966051797221	0.297846008862
0.000000000000	0.000000000000	0.000000000000	1.000000000000
0	10	60
0.999595459821	-0.026794462589	-0.009538001847	0.705103103576
0.026162787542	0.997787408364	-0.061121160472	-0.185387357887
0.011154606791	0.060846893791	0.998084781100	0.181284647936
0.000000000000	0.000000000000	0.000000000000	1.000000000000
0	11	60
0.973072690484	-0.223224376659	0.057449253248	0.458402444750
0.224427525155	0.974370072753	-0.015337772836	-0.249485264184
-0.052553068286	0.027817961608	0.998230602629	0.373619966904
0.000000000000	0.000000000000	0.000000000000	1.000000000000
0	12	60
0.985635381817	-0.156963936748	-0.062331506243	0.164043235271
0.156603990014	0.987604061537	-0.010649316785	-0.357733507747
0.063230407413	0.000734980835	0.997998685060	0.661574521603
0.000000000000	0.000000000000	0.000000000000	1.000000000000
0	13	60
0.975684458586	-0.133003378246	-0.174212337822	-0.114398991541
0.127158310152	0.990890659631	-0.044344839778	-0.377580248302
0.178523391839	0.021114024505	0.983709101582	0.715947538558
0.000000000000	0.000000000000	0.000000000000	1.000000000000
0	14	60
0.974619907095	-0.216075782837	-0.058543084686	-0.259931693832
0.218182191363	0.975373902573	0.032284385565	-0.537633227528
0.050125523094	-0.044238063365	0.997762710109	0.961917514292
0.000000000000	0.000000000000	0.000000000000	1.000000000000
0	15	60
0.883212028799	-0.426160596463	0.195764292472	-0.027317115978
0.392824000156	0.900282891346	0.187563377157	-0.622578872382
-0.256175363933	-0.088757318411	0.962546789170	1.016154896610
0.000000000000	0.000000000000	0.000000000000	1.000000000000
0	19	60
0.808440561256	-0.374255715116	0.454264811116	0.106078258508
0.415601172821	0.909495496551	0.009675066028	-0.175961023396
-0.416772748707	0.180971272462	0.890814163829	0.293008958238
0.000000000000	0.000000000000	0.000000000000	1.000000000000
0	26	60
0.787768174387	0.130796401643	-0.601924916198	2.415693216467
-0.139696802489	0.989669845538	0.032224217713	-0.311758926969
0.599921750561	0.058701772972	0.797902246552	0.701212075402
0.000000000000	0.000000000000	0.000000000000	1.000000000000
0	27	60
0.296574891986	0.335520166559	-0.894130611978	2.097411050839
-0.317042138296	0.917745743216	0.239221724250	-0.739322588514
0.900848275787	0.212529924107	0.378554375712	1.322310233225
0.000000000000	0.000000000000	0.000000000000	1.000000000000
0	28	60
0.191266669464	0.337877733692	-0.921550703015	1.558122826330
-0.283693625543	0.917842629612	0.277637955065	-0.975388940257
0.939646203620	0.208335173078	0.271406462119	1.693373158318
0.000000000000	0.000000000000	0.000000000000	1.000000000000
0	29	60
0.205190109391	0.285771399408	-0.936072500551	1.066130088948
-0.238402033084	0.942208979939	0.235386296847	-1.066419432804
0.949242587345	0.174862647246	0.261460446279	1.922696822259
0.000000000000	0.000000000000	0.000000000000	1.000000000000
0	31	60
-0.798110637108	0.451296777991	-0.399187461113	-0.783692948986
0.189314424951	-0.441148511668	-0.877238872348	2.119928886997
-0.571996030966	-0.775705619954	0.266648329698	2.114491687938
0.000000000000	0.000000000000	0.000000000000	1.000000000000
0	32	60
-0.673941122407	0.540702818962	-0.503432046154	0.063667974932
-0.362179546956	0.352122496586	0.863038656819	-1.315598888020
0.643917183569	0.763970031457	-0.041478328565	1.919738201688
0.000000000000	0.000000000000	0.000000000000	1.000000000000
0	37	60
0.374145885899	-0.675036026639	0.635878305027	-0.252175986840
0.506488332609	0.723123598799	0.469640106668	-1.102692167417
-0.776842599885	0.146351028692	0.612451591070	1.169205688052
0.000000000000	0.000000000000	0.000000000000	1.000000000000
0	38	60
0.629929063637	-0.611773715412	0.478458248874	-0.440955590780
0.429389390272	0.787669460002	0.441816221185	-0.854694436587
-0.647158501688	-0.072867982755	0.758865028040	0.713138223224
0.000000000000	0.000000000000	0.000000000000	1.000000000000
0	39	60
0.687765105440	-0.487086226053	0.538262174157	-0.376003202970
0.325596207749	0.869692501578	0.370974476480	-0.654826319493
-0.648819134458	-0.079887177251	0.756737583098	0.380018252409
0.000000000000	0.000000000000	0.000000000000	1.000000000000
0	41	60
0.964038049459	-0.093521102053	-0.248765839026	-0.501592832777
-0.019268981179	0.908979671815	-0.416394839775	-0.128251442348
0.265064795022	0.406213933412	0.874488933459	0.040597281371
0.000000000000	0.000000000000	0.000000000000	1.000000000000
1	2	60
0.970075277433	0.049480080426	-0.237709229425	-0.210504280310
-0.045575228892	0.998720867263	0.021898123333	-0.153884126297
0.238488688671	-0.010409175527	0.971089488379	0.238836696128
0.000000000000	0.000000000000	0.000000000000	1.000000000000
1	3	60
0.946925011992	0.042242682763	-0.318666875307	-0.100709956017
-0.075565750670	0.992800167984	-0.092938924976	-0.509423279579
0.312446537812	0.112086494294	0.943299411007	0.470860621645
0.000000000000	0.000000000000	0.000000000000	1.000000000000
1	4	60
0.966686594778	-0.145112655798	0.210853846547	0.080908830778
0.163539866012	0.983856953997	-0.072665028014	-0.460147602809
-0.196905408003	0.104727318303	0.974813032894	0.378993026544
0.000000000000	0.000000000000	0.000000000000	1.000000000000
1	5	60
0.919932246458	-0.297946839609	0.254857494875	0.329873435871
0.335269450253	0.934784419398	-0.117356231095	-0.142237466917
-0.203270897213	0.193405713506	0.959830804011	0.203819711173
0.000000000000	0.000000000000	0.000000000000	1.000000000000
1	10	60
0.997523093506	-0.069846964155	0.008311409081	0.892917940614
0.070317808269	0.993176110404	-0.093040956376	-0.067214886737
-0.001756064598	0.093394942698	0.995627591480	0.058984991338
0.000000000000	0.000000000000	0.000000000000	1.000000000000
1	11	60
0.958727078124	-0.269371079307	0.091003358759	0.613367959672
0.273299023901	0.961340541806	-0.033645300047	-0.177546518294
-0.078422147429	0.057127789327	0.995282061769	0.230155086704
0.000000000000	0.000000000000	0.000000000000	1.000000000000
1	12	60
0.973749909802	-0.225541479148	-0.030694532801	0.338083492374
0.224212424378	0.973657092820	-0.041480770912	-0.293349636556
0.039241584000	0.033509801319	0.998667708150	0.529541379441
0.000000000000	0.000000000000	0.000000000000	1.000000000000
1	13	60
0.971403663252	-0.190125986582	-0.142221771352	0.064795414848
0.181639017028	0.980829896878	-0.070568979605	-0.349020709915
0.152912362199	0.042717942551	0.987316052169	0.569308422659
0.000000000000	0.000000000000	0.000000000000	1.000000000000
1	14	60
0.963240522832	-0.266055228512	-0.037179437274	-0.066285289358
0.266588835067	0.963757138597	0.010127725406	-0.513171592712
0.033137413785	-0.019667058386	0.999257283497	0.822047354612
0.000000000000	0.000000000000	0.000000000000	1.000000000000
1	26	60
0.899739215344	0.000896748426	-0.436427015908	2.369165489412
0.001922275866	0.999980046001	0.006017678595	-0.071775756685
0.436423703787	-0.006253274537	0.899719538151	0.199415661501
0.000000000000	0.000000000000	0.000000000000	1.000000000000
1	27	60
0.311768506379	0.299959848702	-0.901567794232	2.324946944206
-0.351819415789	0.917861802826	0.183719377277	-0.607638789846
0.882623077595	0.259911138814	0.391692102060	1.157874198370
0.000000000000	0.000000000000	0.000000000000	1.000000000000
1	28	60
0.218407772241	0.286976021885	-0.932707246615	1.793892002049
-0.295569551012	0.930340860481	0.217035766254	-0.846144191400
0.930019723199	0.228277563904	0.288015048702	1.516293731387
0.000000000000	0.000000000000	0.000000000000	1.000000000000
1	29	60
0.269508483794	0.255577906583	-0.928463844654	1.312145912468
-0.270545978945	0.945403048683	0.181708417025	-1.033970854333
0.924213206160	0.202220199802	0.323939717158	1.700590784485
0.000000000000	0.000000000000	0.000000000000	1.000000000000
1	31	60
-0.287917613006	0.437366795866	-0.851947025345	0.286486263347
-0.429303775533	0.736273557587	0.523067411249	-1.251230583664
0.856038384907	0.516344395023	-0.024222908462	1.913218774246
0.000000000000	0.000000000000	0.000000000000	1.000000000000
1	32	60
-0.653016281654	0.530025216699	-0.540964883849	0.297479072642
-0.426726638265	0.332607844164	0.840997264083	-1.314408003470
0.625678920924	0.780029032577	0.008977541273	1.740029794068
0.000000000000	0.000000000000	0.000000000000	1.000000000000
1	40	60
0.979891929838	-0.122139791605	-0.157777302379	-0.318610981860
0.050407465279	0.916635730038	-0.396532502907	0.004317486656
0.193056710019	0.380605845625	0.904360711770	-0.367258337423
0.000000000000	0.000000000000	0.000000000000	1.000000000000
1	41	60
0.970562060896	-0.142766642275	-0.193976730054	-0.366220969613
0.044105898685	0.897114334677	-0.439591333192	-0.147337580578
0.236778283738	0.418095152292	0.877001988584	-0.082854806344
0.000000000000	0.000000000000	0.000000000000	1.000000000000
2	3	60
0.997761780288	0.016840654971	-0.064713384529	0.153433869896
-0.025881679655	0.989596886116	-0.141520817013	-0.307180542183
0.061656860569	0.142878953418	0.987817815295	0.194764897706
0.000000000000	0.000000000000	0.000000000000	1.000000000000
2	11	60
0.884471254068	-0.303696188716	0.354230469733	0.685703994541
0.349339566129	0.934282481010	-0.071260881374	0.122459495975
-0.309309664034	0.186774919721	0.932439092434	-0.187406392525
0.000000000000	0.000000000000	0.000000000000	1.000000000000
2	12	60
0.941509564355	-0.266822160733	0.205829236916	0.587681414017
0.285028091897	0.956380081443	-0.064000989439	-0.090808185446
-0.179774100073	0.118924658340	0.976492805187	0.142946796817
0.000000000000	0.000000000000	0.000000000000	1.000000000000
2	13	60
0.969938856564	-0.218683464884	0.106752783170	0.336408069716
0.228273748161	0.969633451158	-0.087761416897	-0.185170466892
-0.084319098836	0.109492066296	0.990404855092	0.243070374393
0.000000000000	0.000000000000	0.000000000000	1.000000000000
2	14	60
0.920516545029	-0.319389305110	0.225032802295	0.246240037842
0.327948625985	0.944695302565	-0.000695720399	-0.368837232776
-0.212365225596	0.074439620452	0.974350939787	0.530408738472
0.000000000000	0.000000000000	0.000000000000	1.000000000000
2	26	60
-0.621982132307	0.429973083570	-0.654416820150	1.271556457116
-0.399478860658	0.544562113156	0.737474572309	-1.689593169595
0.673464822376	0.720121692717	-0.166942746777	1.957914838577
0.000000000000	0.000000000000	0.000000000000	1.000000000000
2	27	60
0.528073965091	0.233830846081	-0.816370640588	2.789076840496
-0.280636169315	0.955383600631	0.092116861203	-0.200023370089
0.801486885648	0.180458613168	0.570134599080	0.400510976115
0.000000000000	0.000000000000	0.000000000000	1.000000000000
2	28	60
0.418994333549	0.240184222765	-0.875645640421	2.379020420507
-0.297079460768	0.947563507854	0.117759044549	-0.513412928360
0.858013719263	0.210795962290	0.468377539852	0.901324890888
0.000000000000	0.000000000000	0.000000000000	1.000000000000
2	29	60
0.484952924578	0.246756283704	-0.839006553846	1.921111682510
-0.301090835661	0.947827181698	0.104727944292	-0.795524946653
0.821075495691	0.201829061553	0.533947619424	1.073660302488
0.000000000000	0.000000000000	0.000000000000	1.000000000000
2	30	60
0.359735787453	0.325482137524	-0.874443561002	1.421250152467
-0.366214667642	0.911233859395	0.188519682517	-1.013351922924
0.858182370146	0.252416781623	0.446999762780	1.259161563751
0.000000000000	0.000000000000	0.000000000000	1.000000000000
2	31	60
0.002254500853	0.573591254326	-0.819138565926	0.919877112262
-0.543275148896	0.688415204133	0.480558653351	-1.116042039918
0.839551683828	0.443934206476	0.313169906764	1.344287164291
0.000000000000	0.000000000000	0.000000000000	1.000000000000
2	40	60
0.995449539734	-0.067902442541	0.066854110870	-0.211185071131
0.090154684393	0.898326001839	-0.429979682429	0.217580691510
-0.030860115444	0.434050288234	0.900359928339	-0.548508341961
0.000000000000	0.000000000000	0.000000000000	1.000000000000
2	41	60
0.992907814650	-0.115353606602	0.028768334152	-0.182052324848
0.115114757516	0.872362103572	-0.475113620994	0.046135732317
0.029709665230	0.475055686942	0.879454052294	-0.286012003130
0.000000000000	0.000000000000	0.000000000000	1.000000000000
2	42	60
0.984634094731	-0.111847739394	0.134111083384	-0.093232286565
0.158890183756	0.892432124090	-0.422278123276	-0.244040735464
-0.072454185524	0.437098372319	0.896490604477	0.129068223040
0.000000000000	0.000000000000	0.000000000000	1.000000000000
3	4	60
0.843606118115	-0.202805973044	0.497190561833	0.162227981266
0.195947104788	0.978350202813	0.066600396256	0.017983462683
-0.499933445174	0.041238549369	0.865081460004	-0.158132825376
0.000000000000	0.000000000000	0.000000000000	1.000000000000
3	5	60
0.775967412131	-0.248015523203	0.579967995291	0.234918598185
0.296073412363	0.955086005122	0.012298671186	0.316665159120
-0.556969577089	0.162169735374	0.814546418030	-0.387416781715
0.000000000000	0.000000000000	0.000000000000	1.000000000000
3	10	60
0.936847231687	-0.090076383500	0.337940097674	0.741852968423
0.088671959328	0.995867533337	0.019624975755	0.425318449947
-0.338311318329	0.011580206388	0.940962991148	-0.757616243778
0.000000000000	0.000000000000	0.000000000000	1.000000000000
3	11	60
0.867655951117	-0.326941701664	0.374542753507	0.606929779514
0.316844005605	0.944179835113	0.090190437843	0.322145213840
-0.383122730471	0.040417356163	0.922812771215	-0.487644981739
0.000000000000	0.000000000000	0.000000000000	1.000000000000
3	12	60
0.922963443063	-0.278472392233	0.265690815674	0.439129105817
0.267857517889	0.960443834098	0.076157676260	0.220689978619
-0.276388915985	0.000876531315	0.961045471772	-0.113693128627
0.000000000000	0.000000000000	0.000000000000	1.000000000000
3	13	60
0.952567273719	-0.251510003413	0.171342660251	0.181402073369
0.244049040902	0.967671797676	0.063650275857	0.107687047116
-0.181812141162	-0.018815157844	0.983153261278	0.014264651028
0.000000000000	0.000000000000	0.000000000000	1.000000000000
3	14	60
0.898969740299	-0.356160457344	0.254957123163	0.164844246228
0.329663697025	0.933425337767	0.141559124322	-0.005918269654
-0.288401201264	-0.043207261423	0.956534306583	0.307910717325
0.000000000000	0.000000000000	0.000000000000	1.000000000000
3	26	60
0.972270369252	0.002527217826	-0.233845979748	2.441840888332
0.032612764517	0.988705432992	0.146280464734	0.321419666337
0.231574473258	-0.149850525333	0.961206576857	-0.935414396894
0.000000000000	0.000000000000	0.000000000000	1.000000000000
3	27	60
0.631344728714	0.252238083821	-0.733334700253	2.517059629227
-0.182040029619	0.967406775670	0.176027151328	0.116757038116
0.753833709210	0.022362456454	0.656684596591	-0.147181220049
0.000000000000	0.000000000000	0.000000000000	1.000000000000
3	28	60
0.502968831402	0.246752516676	-0.828332994727	2.210673691691
-0.167377459805	0.968046119091	0.186739115510	-0.106154948079
0.847942887574	0.044720317825	0.528197834704	0.485682446637
0.000000000000	0.000000000000	0.000000000000	1.000000000000
3	29	60
0.556241281324	0.200806010479	-0.806394805977	1.809312283421
-0.158839432320	0.978166709952	0.134014634581	-0.260503101860
0.815699498401	0.053542821152	0.575992616803	0.795056533613
0.000000000000	0.000000000000	0.000000000000	1.000000000000
3	30	60
0.437776451238	0.331848368198	-0.835600645803	1.317898953373
-0.262179647580	0.936116479454	0.234409405293	-0.543107477545
0.860007913415	0.116458565248	0.496813638545	1.023619434517
0.000000000000	0.000000000000	0.000000000000	1.000000000000
3	40	60
0.986523397779	-0.069781574448	0.147993640072	-0.479052407119
0.110967236714	0.950036796815	-0.291747077231	0.393033243521
-0.120240833374	0.304237763212	0.944976997299	-0.801276727576
0.000000000000	0.000000000000	0.000000000000	1.000000000000
3	41	60
0.989867897049	-0.087652342751	0.111707713261	-0.424895864477
0.119888244877	0.937471436364	-0.326763086565	0.240227419164
-0.076081240342	0.336844731014	0.938481364789	-0.511606888520
0.000000000000	0.000000000000	0.000000000000	1.000000000000
3	42	60
0.974294465564	-0.087526758386	0.207579770057	-0.270031984159
0.146198924729	0.946703270920	-0.287017057399	0.052608747691
-0.171394774654	0.309987069724	0.935164075350	-0.069808506884
0.000000000000	0.000000000000	0.000000000000	1.000000000000
3	43	60
0.988362275695	-0.110908140373	0.104112421843	-0.092706779271
0.136749693314	0.947585555942	-0.288757918591	-0.114363367509
-0.066629823363	0.299634775301	0.951724470668	0.317746074136
0.000000000000	0.000000000000	0.000000000000	1.000000000000
3	44	60
0.911388417525	-0.133511038729	0.389289037783	-0.099017147081
0.218941530860	0.958244142363	-0.183936863328	-0.290465468602
-0.348476338459	0.252869464673	0.902563723717	0.677584737560
0.000000000000	0.000000000000	0.000000000000	1.000000000000
3	45	60
0.839252912632	-0.127299552743	0.528629712096	0.075877451393
0.238448543392	0.959902930151	-0.147406434196	-0.346819480853
-0.488668436461	0.249762264082	0.835955722899	0.919218596816
0.000000000000	0.000000000000	0.000000000000	1.000000000000
4	5	60
0.987764760196	-0.140920099642	0.066800479284	0.260699994316
0.143897025564	0.988698928014	-0.042048493180	0.235994782760
-0.060120084410	0.051146410058	0.996879942716	-0.163863940670
0.000000000000	0.000000000000	0.000000000000	1.000000000000
4	6	60
0.995486011418	-0.071959178890	0.061882773412	0.574861529065
0.073382502319	0.997081889741	-0.021040758158	0.459870800106
-0.060188116976	0.025486893179	0.997861618087	-0.146379905032
0.000000000000	0.000000000000	0.000000000000	1.000000000000
4	7	60
0.997933480721	-0.062521753888	-0.014825597717	0.990329410214
0.062846538416	0.997768219025	0.022558672664	0.521239923844
0.013382102449	-0.023443792229	0.999635587572	-0.305251616369
0.000000000000	0.000000000000	0.000000000000	1.000000000000
4	9	60
0.987117072885	0.108410117234	0.117673832688	1.323809960128
-0.110921853959	0.993716070945	0.014990418942	0.238267369739
-0.115309265597	-0.027849898151	0.992939150422	-0.283982106449
0.000000000000	0.000000000000	0.000000000000	1.000000000000
4	10	60
0.978259771771	0.071642417695	-0.194615474515	0.878986821154
-0.069135267206	0.997413682690	0.019653508856	0.222358884672
0.195520162035	-0.005771444255	0.980682699281	-0.192206754124
0.000000000000	0.000000000000	0.000000000000	1.000000000000
4	11	60
0.982723253951	-0.130828365245	-0.130915793511	0.607169843261
0.139176390290	0.988640056091	0.056751844719	0.194320894080
0.122003846371	-0.073991745083	0.989767792530	-0.044129264193
0.000000000000	0.000000000000	0.000000000000	1.000000000000
4	12	60
0.969918032739	-0.066390889334	-0.234203457663	0.236861471697
0.083522380852	0.994449012457	0.063993542796	0.136882386740
0.228654808969	-0.081629721524	0.970079154966	0.186717661816
0.000000000000	0.000000000000	0.000000000000	1.000000000000
4	13	60
0.942768944046	-0.026510283090	-0.332391219848	-0.063583703122
0.046996535129	0.997448164695	0.053744622351	0.122187392694
0.330118227046	-0.066289996503	0.941609044421	0.168105626207
0.000000000000	0.000000000000	0.000000000000	1.000000000000
4	14	60
0.969327934021	-0.110774189119	-0.219391055771	-0.266782254828
0.139845542726	0.982664560525	0.121711074548	0.002976631639
0.202105369813	-0.148658805703	0.968015484886	0.400102641819
0.000000000000	0.000000000000	0.000000000000	1.000000000000
4	15	60
0.952398717568	-0.296315408957	0.071650967815	-0.070416804564
0.270108221277	0.929179004927	0.252325039584	-0.096449457676
-0.141344372270	-0.220960528641	0.964986120735	0.519911352868
0.000000000000	0.000000000000	0.000000000000	1.000000000000
4	18	60
0.739874337836	-0.362329756930	0.566836053418	0.017501601457
0.326921264533	0.930039939660	0.167774245441	-0.010939062220
-0.587969770488	0.061178900615	0.806565986831	0.146988401665
0.000000000000	0.000000000000	0.000000000000	1.000000000000
4	19	60
0.902940784656	-0.329324748713	0.276121620467	0.288235449252
0.330820849934	0.942733053353	0.042567069028	0.299736102685
-0.274327367671	0.052911246459	0.960179616189	-0.208782237809
0.000000000000	0.000000000000	0.000000000000	1.000000000000
4	20	60
0.922473040192	-0.236217960106	0.305359731206	0.442110589092
0.184359382038	0.964484306532	0.189160357123	0.152517151870
-0.339197742288	-0.118199398375	0.933259767616	-0.893886186376
0.000000000000	0.000000000000	0.000000000000	1.000000000000
4	25	60
0.883685035775	0.100028564683	-0.457269115287	2.496122416824
-0.016299179118	0.982882883828	0.183509055464	0.074732001351
0.467798134144	-0.154711095028	0.870189279851	0.146225445877
0.000000000000	0.000000000000	0.000000000000	1.000000000000
4	26	60
0.645154290797	0.218821606617	-0.732047160738	2.412452314849
-0.150637579929	0.975734068715	0.158906723146	-0.032874770007
0.749055579099	0.007754458414	0.662461778365	0.653948576402
0.000000000000	0.000000000000	0.000000000000	1.000000000000
4	27	60
0.104583980624	0.373694611580	-0.921636874411	1.976498288201
-0.254213257752	0.905977244074	0.338497936187	-0.360120135975
0.961476890300	0.198890850709	0.189748831154	1.222395915873
0.000000000000	0.000000000000	0.000000000000	1.000000000000
4	37	60
0.541134811031	-0.620238047056	0.567871359794	-0.339943876277
0.418695651645	0.784351028915	0.457697951419	-0.537506952303
-0.729292168876	-0.009911025411	0.684130619101	0.650938761170
0.000000000000	0.000000000000	0.000000000000	1.000000000000
4	38	60
0.786419328268	-0.493309047912	0.371740263323	-0.431576470380
0.303474322125	0.832746128278	0.463073667625	-0.321989196075
-0.538003695096	-0.251356458214	0.804594279732	0.157711368883
0.000000000000	0.000000000000	0.000000000000	1.000000000000
4	39	60
0.820311393821	-0.373533966217	0.433083817810	-0.263585895773
0.204451627444	0.898737847215	0.387904387728	-0.152051763908
-0.534124282544	-0.229657697595	0.813614523428	-0.182455399672
0.000000000000	0.000000000000	0.000000000000	1.000000000000
4	41	60
0.891296387708	-0.093570017212	-0.443661358626	-0.242039219667
-0.061913566212	0.944194860341	-0.323516268563	0.344869194283
0.449174197364	0.315817538438	0.835764214858	-0.550627401917
0.000000000000	0.000000000000	0.000000000000	1.000000000000
5	6	60
0.997194226953	0.074791629980	0.003144171802	0.341162939950
-0.074857515115	0.996402659138	0.039725222387	0.148088792132
-0.000161747010	-0.039849127317	0.999205694985	0.016942947117
0.000000000000	0.000000000000	0.000000000000	1.000000000000
5	7	60
0.993543090968	0.096928100140	-0.058966683751	0.765900560940
-0.091361554413	0.991676495264	0.090723729616	0.144973450287
0.067269553029	-0.084750646861	0.994128832241	-0.101972447611
0.000000000000	0.000000000000	0.000000000000	1.000000000000
5	8	60
0.993407068091	0.089308066712	0.071878134968	1.103947479905
-0.100780430613	0.979174517380	0.176240089989	0.174423384055
-0.054641576404	-0.182322060470	0.981719391880	-0.087248129641
0.000000000000	0.000000000000	0.000000000000	1.000000000000
5	9	60
0.961383983045	0.269807187001	0.054267107782	1.070584586011
-0.272599472436	0.960664148668	0.053046405075	-0.166718209437
-0.037820163565	-0.065791149149	0.997116422451	-0.045778989419
0.000000000000	0.000000000000	0.000000000000	1.000000000000
5	10	60
0.946187552893	0.205875746082	-0.249688389649	0.626911759423
-0.189160076164	0.977862597747	0.089460636667	-0.091370878805
0.262578712648	-0.037415466086	0.964184890237	0.011354941419
0.000000000000	0.000000000000	0.000000000000	1.000000000000
5	11	60
0.982337760058	0.026316963804	-0.185256423858	0.356063224557
-0.004946064836	0.993366178167	0.114887651716	-0.070696175798
0.187050959920	-0.111942188161	0.975951271787	0.137113322189
0.000000000000	0.000000000000	0.000000000000	1.000000000000
5	12	60
0.956891996715	0.080725599255	-0.279000150981	-0.052482855883
-0.041949396952	0.988939428835	0.142264029855	-0.063749329651
0.287398599019	-0.124427423506	0.949694614896	0.341324419185
0.000000000000	0.000000000000	0.000000000000	1.000000000000
5	15	60
0.986565186294	-0.151714971576	0.060594559096	-0.414318523620
0.129174084780	0.951502387031	0.279208279417	-0.216967284713
-0.100015943796	-0.267629921484	0.958316772322	0.665187059919
0.000000000000	0.000000000000	0.000000000000	1.000000000000
5	16	60
0.841670091531	-0.329656996516	0.427688814058	-0.376481386883
0.223112396328	0.933562274445	0.280503722502	-0.213076047786
-0.491744156678	-0.140668917606	0.859302007441	0.625165047239
0.000000000000	0.000000000000	0.000000000000	1.000000000000
5	17	60
0.626368381786	-0.319924098626	0.710852461076	-0.329218823887
0.247624480479	0.946329568292	0.207707642719	-0.253642204721
-0.739151382984	0.045922971317	0.671971959042	0.510569161957
0.000000000000	0.000000000000	0.000000000000	1.000000000000
5	18	60
0.813600964193	-0.229042400716	0.534409065920	-0.270956714365
0.190508275770	0.973415051016	0.127160274140	-0.180633309716
-0.549326922631	-0.001648371943	0.835605896905	0.301864579052
0.000000000000	0.000000000000	0.000000000000	1.000000000000
5	19	60
0.955556071445	-0.176819739343	0.235896956535	0.010642538605
0.167147875329	0.984070670346	0.060551660081	0.037328033263
-0.242846004902	-0.018430831346	0.969889747527	-0.049065768560
0.000000000000	0.000000000000	0.000000000000	1.000000000000
5	20	60
0.958238624636	-0.068805463811	0.277568993954	0.240860398815
0.021890006437	0.985423846882	0.168702903396	-0.084525840887
-0.285130787312	-0.155581651058	0.945777343766	-0.710037934306
0.000000000000	0.000000000000	0.000000000000	1.000000000000
5	21	60
0.850688515161	-0.165264938505	0.499015581194	0.329721925341
0.062235595930	0.974281508911	0.216569323760	-0.098851782815
-0.521972969389	-0.153176504384	0.839095452098	-0.567183388767
0.000000000000	0.000000000000	0.000000000000	1.000000000000
5	25	60
0.838155881426	0.217760695756	-0.500074992190	2.199855224402
-0.078432372460	0.955434714064	0.284592463201	-0.400765038586
0.539762059968	-0.199310778796	0.817882712909	0.497664484697
0.000000000000	0.000000000000	0.000000000000	1.000000000000
5	26	60
0.580215663570	0.365640063072	-0.727775465390	2.037429151546
-0.200409813871	0.930185389170	0.307556577362	-0.549936732231
0.789421110848	-0.032595798061	0.612985989805	0.941847144523
0.000000000000	0.000000000000	0.000000000000	1.000000000000
5	36	60
0.478763851123	-0.531159118531	0.699038744033	-0.470557825642
0.414259341457	0.838685656449	0.353547122293	-0.759818210341
-0.774063545759	0.120317747934	0.621570001415	1.257100810560
0.000000000000	0.000000000000	0.000000000000	1.000000000000
5	37	60
0.652294558577	-0.480974109495	0.585812013231	-0.739378845207
0.287267015559	0.872090458892	0.396151351483	-0.619422472282
-0.701419610948	-0.090122902226	0.707027857918	0.798422237565
0.000000000000	0.000000000000	0.000000000000	1.000000000000
5	38	60
0.847608487891	-0.358640652657	0.391071263989	-0.779969754209
0.167215875331	0.879988324122	0.444589024209	-0.419726481350
-0.503585844016	-0.311444106818	0.805855983433	0.286308491673
0.000000000000	0.000000000000	0.000000000000	1.000000000000
5	39	60
0.871660876853	-0.229867627047	0.432860473825	-0.572430281426
0.061881846331	0.927741352127	0.368057903934	-0.315745838147
-0.486187158262	-0.294035469952	0.822900473661	-0.045750140624
0.000000000000	0.000000000000	0.000000000000	1.000000000000
6	7	60
0.996696715415	0.016241945870	-0.079572964474	0.455422060661
-0.013736231308	0.999395509604	0.031936363810	0.075417092181
0.080043572073	-0.030737836266	0.996317324948	-0.121583365075
0.000000000000	0.000000000000	0.000000000000	1.000000000000
6	8	60
0.996749035548	0.048998771349	0.063956864681	0.764479923740
-0.058292615441	0.986559976700	0.152647906502	0.065230231977
-0.055617723061	-0.155879866502	0.986208971821	-0.100707165746
0.000000000000	0.000000000000	0.000000000000	1.000000000000
6	9	60
0.980102323047	0.195243688421	0.035767841557	0.789542537370
-0.196231973629	0.980197724187	0.026560007989	-0.270670345550
-0.029873882969	-0.033050319671	0.999007120838	-0.068615239599
0.000000000000	0.000000000000	0.000000000000	1.000000000000
6	10	60
0.958340295383	0.131628634911	-0.253491184693	0.281944348521
-0.125874455369	0.991284748178	0.038860899575	-0.224246092513
0.256397152347	-0.005333901163	0.966556801107	-0.016912077517
0.000000000000	0.000000000000	0.000000000000	1.000000000000
6	11	60
0.980983379395	-0.038821355217	-0.190169691931	0.015640492264
0.052919219423	0.996168732095	0.069623368294	-0.222839870224
0.186738227382	-0.078362998769	0.979279365073	0.115634918383
0.000000000000	0.000000000000	0.000000000000	1.000000000000
6	12	60
0.956823750337	0.026888739858	-0.289422366896	-0.380533613038
0.006257710578	0.993575754109	0.112995849064	-0.285498503516
0.290601362436	-0.109928233481	0.950508617338	0.311325226662
0.000000000000	0.000000000000	0.000000000000	1.000000000000
6	15	60
0.972539712564	-0.226529531329	0.053393622481	-0.769940111787
0.204423096475	0.941108406655	0.269306822324	-0.467437561920
-0.111255135223	-0.250996689935	0.961573167537	0.643798188908
0.000000000000	0.000000000000	0.000000000000	1.000000000000
6	16	60
0.832729121984	-0.392276002084	0.390745118446	-0.650566726533
0.297956118571	0.912313099948	0.280903825302	-0.439030344457
-0.466673719859	-0.117491896963	0.876590721683	0.572513213577
0.000000000000	0.000000000000	0.000000000000	1.000000000000
6	17	60
0.604515795601	-0.377351670819	0.701545700150	-0.651112035438
0.308889785357	0.922818221634	0.230203454192	-0.461833628747
-0.734266813475	0.077538676477	0.674418268050	0.483775252028
0.000000000000	0.000000000000	0.000000000000	1.000000000000
6	18	60
0.797759361357	-0.286604830299	0.530506995822	-0.591235714801
0.259578535065	0.957353213165	0.126861378587	-0.369330863313
-0.544241660938	0.036503376455	0.838133949919	0.261419873945
0.000000000000	0.000000000000	0.000000000000	1.000000000000
6	19	60
0.941157273800	-0.247677820501	0.229953654472	-0.318518397889
0.244498939230	0.968709520341	0.042686460566	-0.137094118048
-0.233330783842	0.016048751736	0.972264975652	-0.080795312894
0.000000000000	0.000000000000	0.000000000000	1.000000000000
6	20	60
0.961209016336	-0.136934934085	0.239428592157	-0.015645916170
0.099781959454	0.981899471526	0.160987541087	-0.228707091464
-0.257139626434	-0.130852021935	0.957474261206	-0.745901550435
0.000000000000	0.000000000000	0.000000000000	1.000000000000
6	21	60
0.849690212286	-0.256839269653	0.460499872648	0.051376875401
0.168632065486	0.959844205710	0.224192611957	-0.213752195386
-0.499589601208	-0.112839223366	0.858881563450	-0.599873426389
0.000000000000	0.000000000000	0.000000000000	1.000000000000
6	24	60
0.997523060841	-0.041690337806	0.056653850923	1.526566807412
0.035254166462	0.993283552219	0.110204031859	-0.262805522010
-0.060867781607	-0.107933778886	0.992293007401	-0.114351651101
0.000000000000	0.000000000000	0.000000000000	1.000000000000
6	25	60
0.834351044003	0.176220537286	-0.522307052996	1.931345377243
-0.066043878203	0.972655967282	0.222662469812	-0.474033968214
0.547262771914	-0.151283480755	0.823174809459	0.477358699113
0.000000000000	0.000000000000	0.000000000000	1.000000000000
6	26	60
0.585040609439	0.316214192339	-0.746817293500	1.745777117565
-0.193869271700	0.948686836857	0.249815914356	-0.649223660298
0.787491073472	-0.001367529998	0.616324540371	0.898925154268
0.000000000000	0.000000000000	0.000000000000	1.000000000000
6	35	60
-0.186033975001	-0.660023564628	0.727846312268	-0.705454911627
0.616533176412	0.498373630794	0.609516666312	-1.026096729044
-0.765034772104	0.562132207105	0.314211997234	1.345254912037
0.000000000000	0.000000000000	0.000000000000	1.000000000000
6	36	60
0.454153122268	-0.587493026747	0.669773756621	-0.744566864284
0.468144443345	0.796987204678	0.381644043246	-1.005108538240
-0.758014328162	0.140226028625	0.636985823387	1.192525036466
0.000000000000	0.000000000000	0.000000000000	1.000000000000
6	37	60
0.608862008772	-0.556717745971	0.565112737066	-1.039135042971
0.361293569043	0.828814862497	0.427238669448	-0.889854245628
-0.706225184514	-0.055957796819	0.705772423472	0.762686077483
0.000000000000	0.000000000000	0.000000000000	1.000000000000
6	38	60
0.839096532078	-0.416582657202	0.349822668752	-1.041035420095
0.245023303243	0.863583035026	0.440667587285	-0.646111905191
-0.485675396456	-0.284047938443	0.826701988593	0.219868128329
0.000000000000	0.000000000000	0.000000000000	1.000000000000
6	39	60
0.867914812085	-0.295709192519	0.399098925610	-0.858675942515
0.138742409312	0.915823990568	0.376851379404	-0.545327934381
-0.476942787787	-0.271702947646	0.835884612503	-0.082253856192
0.000000000000	0.000000000000	0.000000000000	1.000000000000
6	53	60
0.768568216032	-0.237285754110	0.594136657851	-0.846888489738
0.170367423825	0.971051659639	0.167432419836	-0.816314876118
-0.616666715662	-0.027461704421	0.786745204361	1.532813707654
0.000000000000	0.000000000000	0.000000000000	1.000000000000
6	54	60
0.461830235924	-0.321539899044	0.826634699556	-0.775761420135
0.275955901362	0.937811791029	0.210611930122	-0.727827528820
-0.842947906866	0.130847766236	0.521840673368	1.394431306137
0.000000000000	0.000000000000	0.000000000000	1.000000000000
6	59	60
0.420413185648	-0.516466824873	0.745999177036	-1.011314389508
0.316868443667	0.853994218216	0.412659986746	-0.410554682976
-0.850204177090	0.062895898587	0.522682468809	0.905780623952
0.000000000000	0.000000000000	0.000000000000	1.000000000000
7	8	60
0.987863585924	0.046859107519	0.148087000265	0.306437621500
-0.066496555641	0.989206157263	0.130573299422	-0.025089416058
-0.140370024196	-0.138835883245	0.980316710982	-0.007886248294
0.000000000000	0.000000000000	0.000000000000	1.000000000000
7	9	60
0.977597887262	0.172685198644	0.120341983492	0.325406604147
-0.174710601911	0.984598981562	0.006407112233	-0.354778279875
-0.117382180937	-0.027288599753	0.992711819171	0.006733217997
0.000000000000	0.000000000000	0.000000000000	1.000000000000
7	10	60
0.974943861937	0.136363420554	-0.175754042932	-0.160621920128
-0.138077721258	0.990418249888	0.002496634024	-0.295180925060
0.174410461166	0.021833639732	0.984430943851	0.103366557956
0.000000000000	0.000000000000	0.000000000000	1.000000000000
7	11	60
0.991064597483	-0.050261272978	-0.123550669988	-0.373099545597
0.056551635422	0.997247909611	0.047942875463	-0.324431735080
0.120800977425	-0.054501479018	0.991179455315	0.242037290141
0.000000000000	0.000000000000	0.000000000000	1.000000000000
7	15	60
0.956735843931	-0.273910121447	0.098131393079	-1.102723771306
0.247010363518	0.942871364424	0.223560887600	-0.581917575305
-0.153760870358	-0.189649243391	0.969737469230	0.817177668183
0.000000000000	0.000000000000	0.000000000000	1.000000000000
7	16	60
0.778363245654	-0.422321401957	0.464537717805	-1.061247979983
0.328474642504	0.904518948051	0.271937275578	-0.562114995884
-0.535028099305	-0.059077119647	0.842766175691	0.777171141050
0.000000000000	0.000000000000	0.000000000000	1.000000000000
7	17	60
0.542519437182	-0.392076346894	0.742932566581	-1.031296400912
0.350202097700	0.909441896716	0.224218481093	-0.571680743720
-0.763564765457	0.138533659097	0.630695865097	0.646547956337
0.000000000000	0.000000000000	0.000000000000	1.000000000000
7	18	60
0.753994286536	-0.297469855178	0.585665690587	-0.991221986724
0.296019448213	0.949793317440	0.101317029298	-0.450462065358
-0.586400121206	0.096975973345	0.804195597130	0.429609975064
0.000000000000	0.000000000000	0.000000000000	1.000000000000
7	19	60
0.918476851202	-0.255549574848	0.301818966602	-0.756741388778
0.263113425577	0.964631209622	0.016060968354	-0.227654704941
-0.295248368475	0.064660994566	0.953229960028	0.086367722276
0.000000000000	0.000000000000	0.000000000000	1.000000000000
7	20	60
0.936662301135	-0.151785547222	0.315634093986	-0.525469036929
0.115956792466	0.984780783726	0.129463625338	-0.284142250797
-0.330481097664	-0.084663780090	0.940007600197	-0.593053742128
0.000000000000	0.000000000000	0.000000000000	1.000000000000
7	21	60
0.801641726132	-0.280079002038	0.528134732375	-0.459623551403
0.198688039111	0.958062315159	0.206493736918	-0.286409268824
-0.563820544178	-0.060599941336	0.823671075777	-0.466133193514
0.000000000000	0.000000000000	0.000000000000	1.000000000000
7	24	60
0.991389095493	-0.044029523893	0.123325027317	1.061104032454
0.032898376961	0.995317928981	0.090884085744	-0.351538141272
-0.126749193806	-0.086044298323	0.988195841216	-0.075807949093
0.000000000000	0.000000000000	0.000000000000	1.000000000000
7	25	60
0.876716889578	0.149165335281	-0.457293339422	1.493539963603
-0.068393200349	0.979698945719	0.188447196593	-0.531543829936
0.476119591778	-0.133939085065	0.869120507074	0.449957947777
0.000000000000	0.000000000000	0.000000000000	1.000000000000
7	26	60
0.632385029833	0.287025748853	-0.719517472712	1.392280911578
-0.210944438003	0.957528950160	0.196572515072	-0.690102913964
0.745380183610	0.027468693106	0.666073458997	0.929123318626
0.000000000000	0.000000000000	0.000000000000	1.000000000000
7	35	60
-0.299892517450	-0.610582204171	0.732976022750	-1.014001010424
0.628728112102	0.451356648650	0.633228344890	-1.207570005387
-0.717471559736	0.650743073469	0.248531714880	1.562259064055
0.000000000000	0.000000000000	0.000000000000	1.000000000000
7	36	60
0.363350784523	-0.585113327371	0.724995587242	-1.099718912214
0.491370033124	0.781504351951	0.384456029254	-1.142608100600
-0.791537553079	0.216548705873	0.571467374441	1.377168230490
0.000000000000	0.000000000000	0.000000000000	1.000000000000
7	37	60
0.542960436675	-0.570820773219	0.615920132052	-1.424141994803
0.392258753502	0.820913561339	0.415010837342	-1.024522875233
-0.742513996169	0.016265597787	0.669633030713	0.964046807454
0.000000000000	0.000000000000	0.000000000000	1.000000000000
7	38	60
0.784338540721	-0.469396929528	0.405560816757	-1.462419238735
0.286441828860	0.853957473839	0.434405008666	-0.790930784625
-0.550240067806	-0.224551008513	0.804246673824	0.434385630245
0.000000000000	0.000000000000	0.000000000000	1.000000000000
7	39	60
0.827919110753	-0.322747434919	0.458676399331	-1.303183332572
0.171070829549	0.924177864313	0.341511414732	-0.606636705074
-0.534120508244	-0.204277674669	0.820357187026	0.099847889692
0.000000000000	0.000000000000	0.000000000000	1.000000000000
7	53	60
0.691428605864	-0.294466518239	0.659708990866	-1.151156115342
0.239900348108	0.954929736231	0.174805668785	-1.004445208814
-0.681450149292	0.037398776694	0.730908356452	1.743788864289
0.000000000000	0.000000000000	0.000000000000	1.000000000000
7	54	60
0.364965942575	-0.333969012949	0.869059583199	-1.052652571153
0.318548144872	0.921903794849	0.220500504402	-0.886290874154
-0.874829663511	0.196362143584	0.442848696970	1.580095001699
0.000000000000	0.000000000000	0.000000000000	1.000000000000
7	58	60
0.069944811282	-0.557193107851	0.827431908943	-1.466016813718
0.341832244710	0.792631405699	0.504862527007	-0.621435207085
-0.937154437567	0.247530392604	0.245907024881	1.241439508894
0.000000000000	0.000000000000	0.000000000000	1.000000000000
7	59	60
0.368562463448	-0.526892696941	0.765862779124	-1.375808326159
0.331675323388	0.844170115481	0.421151155744	-0.555058592923
