0	3	66
0.503432753754	-0.209849891310	0.838163758203	-0.761673315967
0.264621398705	0.960890832350	0.081635308861	-0.034060661164
-0.822515031957	0.180698177696	0.539274689543	0.172347080803
0.000000000000	0.000000000000	0.000000000000	1.000000000000
0	8	66
0.796643194866	-0.102012301703	0.595779414192	-0.622251593190
0.126886040540	0.991917285733	0.000176012622	-0.275077366352
-0.590981854874	0.075455871644	0.803148092598	0.971902317675
0.000000000000	0.000000000000	0.000000000000	1.000000000000
0	18	66
-0.948314895370	-0.177255717345	0.263209555085	-0.269669375634
-0.010886553493	-0.810787484809	-0.585239384722	2.786769625159
0.317144040102	-0.557856670790	0.766952144975	0.869838375431
0.000000000000	0.000000000000	0.000000000000	1.000000000000
0	19	66
-0.817853643271	-0.571275203251	-0.068993190527	1.731263680714
0.574414665888	-0.803419743616	-0.156730683594	1.510227036709
0.034105861681	-0.167813461075	0.985228619398	-0.376278153611
0.000000000000	0.000000000000	0.000000000000	1.000000000000
0	21	66
-0.382845292010	0.421805033649	-0.821894151320	1.042046026428
-0.239677505081	0.813860441694	0.529325868443	-0.909415373206
0.892179452769	0.399639456302	-0.210485460360	2.572605520239
0.000000000000	0.000000000000	0.000000000000	1.000000000000
0	22	66
-0.129066738897	-0.254211361319	0.958497971144	-1.223927176053
-0.407676136615	-0.867518269559	-0.284977577393	1.340659825013
0.903959039197	-0.427537876402	0.008331848319	2.121673214476
0.000000000000	0.000000000000	0.000000000000	1.000000000000
0	33	66
-0.134883762165	0.511483420667	-0.848640725565	0.816150701748
-0.329828326579	0.784448724067	0.525217549493	-0.199796797593
0.934355203170	0.350749069410	0.062892325584	0.540387503285
0.000000000000	0.000000000000	0.000000000000	1.000000000000
0	39	66
-0.898998435223	-0.170028317549	0.403599039515	-0.811859918432
-0.156891885503	-0.735361965746	-0.659263009426	1.749060531624
0.408884763386	-0.655997828171	0.634413193200	0.714809381136
0.000000000000	0.000000000000	0.000000000000	1.000000000000
0	44	66
0.799673915216	-0.123527649356	0.587590460412	0.793955816986
0.213559679258	0.973131817595	-0.086062355180	0.057429073805
-0.561171892309	0.194307450780	0.804568655774	-0.024393568479
0.000000000000	0.000000000000	0.000000000000	1.000000000000
0	45	66
0.850915305688	-0.142439047389	0.505622646174	0.472459887574
0.316667811299	0.907069760921	-0.277391323062	0.025839754685
-0.419123656970	0.396150939166	0.816945404275	-0.014677259244
0.000000000000	0.000000000000	0.000000000000	1.000000000000
0	50	66
0.674793352663	-0.131694194227	0.726161531898	-0.724805082673
0.207308733372	0.978156719176	-0.015248665458	-0.307251600968
-0.708291620922	0.160829325490	0.687355008561	1.068017917994
0.000000000000	0.000000000000	0.000000000000	1.000000000000
0	51	66
0.776032324795	-0.063996512714	0.627437867229	-0.788459762896
0.074381637359	0.997182555938	0.009711959504	-0.452238459791
-0.626291627676	0.039133061393	0.778606062531	1.414345049632
0.000000000000	0.000000000000	0.000000000000	1.000000000000
0	64	66
-0.972244031425	-0.098621015230	0.212168420633	0.131778840623
-0.115947362994	-0.584548434205	-0.803031342528	1.780582576749
0.203218484330	-0.805342798703	0.556888879583	1.637197243251
0.000000000000	0.000000000000	0.000000000000	1.000000000000
1	8	66
0.884434307110	-0.070296276079	0.461339777146	-0.382127773424
0.112869075546	0.991461253388	-0.065308152747	-0.198462120337
-0.452809593751	0.109831764983	0.884816622362	0.828709278704
0.000000000000	0.000000000000	0.000000000000	1.000000000000
1	19	66
0.246332070005	-0.409698688780	0.878332223990	-0.497798095345
0.879944531996	0.474391361045	-0.025504061966	0.656078615814
-0.406224238442	0.779166106153	0.477369926917	0.954760173746
0.000000000000	0.000000000000	0.000000000000	1.000000000000
1	20	66
-0.091501563339	-0.001135230678	0.995804285569	-1.241393761739
-0.794079235222	-0.603335179024	-0.073653444863	-0.037771417156
0.600887370557	-0.797486910866	0.054304648989	2.657837264519
0.000000000000	0.000000000000	0.000000000000	1.000000000000
1	21	66
-0.620463769871	0.333906091897	-0.709599487085	0.965291163721
-0.214480117902	0.798083801391	0.563081277420	-0.988226356322
0.754336124882	0.501566513785	-0.423565866126	2.788408769048
0.000000000000	0.000000000000	0.000000000000	1.000000000000
1	22	66
-0.470771290507	0.324760791313	-0.820307759600	1.279123619649
-0.224466124802	0.855099035806	0.467354894892	-0.776326516544
0.853222919787	0.404148570935	-0.329658280285	2.102456643332
0.000000000000	0.000000000000	0.000000000000	1.000000000000
1	33	66
-0.447740888172	0.441675723511	-0.777464245043	1.273836806315
-0.345152562650	0.716728850939	0.605945098774	-0.257687024952
0.824862294905	0.539650173253	-0.168463304468	0.787393927874
0.000000000000	0.000000000000	0.000000000000	1.000000000000
1	39	66
-0.971242979374	-0.153283357010	0.182184761931	-0.240813127703
-0.018653021719	-0.713851571996	-0.700048568272	1.821058212246
0.237358673313	-0.683315553477	0.690464129829	0.561219079488
0.000000000000	0.000000000000	0.000000000000	1.000000000000
1	44	66
-0.485137130367	-0.006554231323	0.874413521619	-2.427310366087
0.370040390934	0.904483704388	0.212083326960	-0.302911276134
-0.792282824386	0.426457818018	-0.436373298490	2.751924527758
0.000000000000	0.000000000000	0.000000000000	1.000000000000
1	50	66
0.824271295498	-0.073487487003	0.561405754042	-0.417126200315
0.162872663712	0.980405978206	-0.110799879570	-0.191798489695
-0.542263152752	0.182766810859	0.820089608528	0.861923134771
0.000000000000	0.000000000000	0.000000000000	1.000000000000
1	51	66
0.880477009674	-0.064074555267	0.469738956021	-0.566667766083
0.172242589936	0.966352817331	-0.191035919788	-0.191189260465
-0.441693021960	0.249111789774	0.861887806241	1.153378860735
0.000000000000	0.000000000000	0.000000000000	1.000000000000
1	64	66
-0.028012642654	0.109337274778	-0.993609909469	2.945694792593
-0.565826533623	0.817691192533	0.105931333906	-0.680982515104
0.824048315149	0.565178267451	0.038960240005	2.841138371454
0.000000000000	0.000000000000	0.000000000000	1.000000000000
2	4	66
0.764701852455	-0.227884878063	0.602743360978	-0.933838863375
0.451921922187	0.856440594541	-0.249551766712	0.788799496266
-0.459344808504	0.463225636566	0.757907881295	0.766669145776
0.000000000000	0.000000000000	0.000000000000	1.000000000000
2	21	66
-0.520324117344	-0.346744818929	0.780404282059	-1.688021641203
-0.226408688528	-0.825138885174	-0.517576009811	1.589638888522
0.823408719088	-0.445997590486	0.350833622407	1.935617942215
0.000000000000	0.000000000000	0.000000000000	1.000000000000
2	34	66
0.161795692254	0.407132456131	-0.898924533614	0.890613429309
-0.198745449290	0.905704852485	0.374431524544	-0.193568009196
0.966603538352	0.118075752595	0.227454866500	1.051772299999
0.000000000000	0.000000000000	0.000000000000	1.000000000000
2	43	66
0.806196762969	0.045894990029	-0.589864755065	1.136310521608
0.009854425518	0.995806864202	0.090948224311	-0.040919039188
0.591565439893	-0.079134942332	0.802364001702	0.588031940893
0.000000000000	0.000000000000	0.000000000000	1.000000000000
2	51	66
0.994179337125	-0.050101929429	0.095379464774	-0.738840941977
0.051423510583	0.998611326722	-0.011447301038	-0.210584096552
-0.094673481991	0.016285417074	0.995375163945	1.035567963331
0.000000000000	0.000000000000	0.000000000000	1.000000000000
3	8	66
0.941614947232	0.072263598666	-0.328845348847	-0.679108083512
-0.057514852822	0.996862930111	0.054372238088	-0.193248682440
0.331742871596	-0.032284220258	0.942817265575	0.484748412023
0.000000000000	0.000000000000	0.000000000000	1.000000000000
3	35	66
0.010770986737	0.385986498735	-0.922441547546	0.630646712676
-0.267466578817	0.889994061097	0.369286068554	-0.362106556824
0.963506935658	0.242744709534	0.112824602514	1.799308952903
0.000000000000	0.000000000000	0.000000000000	1.000000000000
3	36	66
0.389043221701	0.387456210473	-0.835776917971	0.593508429459
-0.205705201125	0.920880541223	0.331156155050	-0.419779941859
0.897959209474	0.043089601560	0.437964090262	1.543107350449
0.000000000000	0.000000000000	0.000000000000	1.000000000000
3	37	66
0.427514633410	0.441658238367	-0.788777052596	0.684956936222
-0.270856555677	0.895027679979	0.354347538892	-0.469126074802
0.862477805202	0.062156677474	0.502263459729	1.647933125651
0.000000000000	0.000000000000	0.000000000000	1.000000000000
3	41	66
0.587199500619	-0.390783313209	0.708861868484	0.262313724125
0.310070863910	0.917535249204	0.248968122100	-0.385796821029
-0.747698338788	0.073603454986	0.659946759661	1.229243898539
0.000000000000	0.000000000000	0.000000000000	1.000000000000
3	42	66
-0.998994525856	-0.039991043979	0.020264592565	-0.027937042210
0.024328414447	-0.863235127853	-0.504215472086	1.762721835967
0.037657211273	-0.503215491059	0.863340085944	2.156106035135
0.000000000000	0.000000000000	0.000000000000	1.000000000000
4	6	66
0.842254649427	0.050420805833	-0.536716729624	1.053820469401
0.043129271100	0.986122241994	0.160320896390	-0.432226728988
0.537351813520	-0.158179221721	0.828391430619	0.146143750940
0.000000000000	0.000000000000	0.000000000000	1.000000000000
4	7	66
0.769673316420	0.352076878962	-0.532583192837	1.035836538215
-0.432213405908	0.901311717190	-0.028788195671	0.330272513068
0.469887813999	0.252347101741	0.845887925495	0.226124432653
0.000000000000	0.000000000000	0.000000000000	1.000000000000
4	38	66
-0.722732164075	-0.639997694804	0.260885357306	-0.055507463969
-0.165136864739	-0.206631235780	-0.964382366235	2.220711245281
0.671109555077	-0.740071944506	0.043651827441	2.615331301813
0.000000000000	0.000000000000	0.000000000000	1.000000000000
4	45	66
0.634147405138	-0.041926551496	-0.772074629059	1.470308423485
-0.094317131386	0.986877809521	-0.131059024117	-0.205169298619
0.767438171636	0.155930604293	0.621871610029	1.177599494954
0.000000000000	0.000000000000	0.000000000000	1.000000000000
4	49	66
0.842010527624	0.334333084830	-0.423367050866	0.568691377481
-0.157217161888	0.902810622855	0.400269588238	0.006306972492
0.516043637088	-0.270470641010	0.812738947616	0.259133975341
0.000000000000	0.000000000000	0.000000000000	1.000000000000
5	8	66
0.984832619287	0.134074752302	0.110130253714	-2.124198897581
-0.146937063463	0.982030213886	0.118432083472	0.232512234051
-0.092272484354	-0.132817995053	0.986835938148	0.694082729661
0.000000000000	0.000000000000	0.000000000000	1.000000000000
5	34	66
0.878325431615	0.093984461956	-0.468733780615	-0.078740477595
0.079660327017	0.938004182251	0.337346092878	0.048978579906
0.471379537611	-0.333639138878	0.816386095258	0.688192310526
0.000000000000	0.000000000000	0.000000000000	1.000000000000
5	35	66
-0.090172897266	0.489065963787	-0.867573242824	0.164559639546
-0.110208778261	0.860871867574	0.496743045059	-0.198512341471
0.989809513893	0.140406946714	-0.023727948116	1.914755603146
0.000000000000	0.000000000000	0.000000000000	1.000000000000
5	36	66
0.266519668972	0.407641388753	-0.873381797513	0.333416188053
-0.045703893331	0.910483806999	0.411011424812	-0.154334544253
0.962745251967	-0.069625680374	0.261292641394	1.924580225357
0.000000000000	0.000000000000	0.000000000000	1.000000000000
5	41	66
0.833255709148	-0.163767912245	0.528076693380	0.373351276840
0.059313766479	0.976090558087	0.209115038961	0.207565531266
-0.549697007704	-0.142924082409	0.823046721875	1.135959437830
0.000000000000	0.000000000000	0.000000000000	1.000000000000
5	42	66
0.836927476234	-0.033469673182	0.546289465853	0.221873537312
0.178561209173	0.960211887524	-0.214730122797	0.307444391759
-0.517366692108	0.277259647325	0.809604096989	1.074839921696
0.000000000000	0.000000000000	0.000000000000	1.000000000000
5	50	66
-0.834698457463	-0.292041538911	0.466894232840	0.663253972620
-0.464324884533	0.829068921163	-0.311523876397	1.945169595859
-0.296109585647	-0.476819109844	-0.827624703459	6.385517106322
0.000000000000	0.000000000000	0.000000000000	1.000000000000
6	34	66
-0.103888728437	0.485701284587	-0.867929371697	0.810543773085
-0.204593833833	0.843552303675	0.496548964476	-0.392248792458
0.973318290828	0.229158838178	0.011735911713	1.344005101381
0.000000000000	0.000000000000	0.000000000000	1.000000000000
6	40	66
-0.532242301802	0.311400167428	-0.787240794102	0.515896231126
0.189531209471	-0.862462196464	-0.469294023302	1.692108840569
-0.825103661857	-0.398984831035	0.400018814301	0.670934862029
0.000000000000	0.000000000000	0.000000000000	1.000000000000
6	43	66
0.635659683117	0.242023965422	-0.733049225783	1.170514311338
-0.127838391440	0.969474608134	0.209227937564	-0.368434819078
0.761310786035	-0.039285930621	0.647195876626	0.963568855286
0.000000000000	0.000000000000	0.000000000000	1.000000000000
6	50	66
0.995228025907	0.097242394976	0.008068027493	-0.536002714754
-0.097460839237	0.994669304192	0.033680262961	-0.266321795133
-0.004749869859	-0.034305858349	0.999400093466	0.711338826842
0.000000000000	0.000000000000	0.000000000000	1.000000000000
6	51	66
0.985112996608	0.096100677160	-0.142537867825	-0.788465711606
-0.099498844653	0.994894305153	-0.016890869937	-0.159084602213
0.140186888929	0.030821768666	0.989645216605	0.870789878190
0.000000000000	0.000000000000	0.000000000000	1.000000000000
7	34	66
-0.130951155348	0.332375844180	-0.934011827076	0.936746442592
-0.230545633495	0.906086601160	0.354761584834	-0.173248339764
0.964209783081	0.261788787773	-0.042025287713	1.169968766822
0.000000000000	0.000000000000	0.000000000000	1.000000000000
7	40	66
-0.523845387103	0.445879540625	-0.725794354941	0.372689118878
-0.003941191839	-0.853317536268	-0.521376686575	1.627032492482
-0.851804248298	-0.270260277417	0.448763751914	0.313771747430
0.000000000000	0.000000000000	0.000000000000	1.000000000000
7	43	66
0.521329210942	0.130926958172	-0.843252029611	1.318415649662
0.014640863022	0.986642395450	0.162241883094	-0.237720735770
0.853230038705	-0.096927370353	0.512448617841	1.020899577876
0.000000000000	0.000000000000	0.000000000000	1.000000000000
8	9	66
0.999565601255	0.024810526195	0.015907437819	-0.544121668623
-0.021899736317	0.986469224466	-0.162477292967	-0.167283945976
-0.019723344982	0.162058344341	0.986584047455	0.331991063431
0.000000000000	0.000000000000	0.000000000000	1.000000000000
8	10	66
0.999678686946	-0.020280734356	-0.015205744961	-0.426803610053
0.019836542195	0.999387918453	-0.028814927464	-0.362012117913
0.015780825694	0.028504039450	0.999469101711	1.586396167017
0.000000000000	0.000000000000	0.000000000000	1.000000000000
8	34	66
-0.964787883968	0.102513563596	-0.242229866505	0.888252029721
0.081096591723	-0.760126464841	-0.644694579052	1.789086922358
-0.250215270835	-0.641637535317	0.725047302949	0.390091406215
0.000000000000	0.000000000000	0.000000000000	1.000000000000
8	35	66
0.368657196361	0.435782518181	-0.821087978489	1.593242543411
-0.227345582900	0.898746890057	0.374924010367	-0.283811776955
0.901335596494	0.048452290571	0.430402739340	0.755983944320
0.000000000000	0.000000000000	0.000000000000	1.000000000000
8	36	66
0.619936311137	0.337589787870	-0.708316387824	1.685852472231
-0.198700820375	0.940833137230	0.274501351314	-0.251905011677
0.759076382268	-0.029430307790	0.650335992289	0.686047848391
0.000000000000	0.000000000000	0.000000000000	1.000000000000
8	52	66
0.987247774548	-0.108886936436	0.116126942285	-0.820960914659
0.112223204492	0.993426681954	-0.022569447399	-0.170540029663
-0.112906084976	0.035313774308	0.992977921869	0.576095958726
0.000000000000	0.000000000000	0.000000000000	1.000000000000
8	53	66
0.984917822156	-0.078031831088	0.154427707801	-1.023085009234
0.104992712790	0.978960986671	-0.174962615543	0.052673091822
-0.137526047935	0.188537582231	0.972388896597	0.905663067635
0.000000000000	0.000000000000	0.000000000000	1.000000000000
8	55	66
0.889058323653	-0.027953187282	-0.456939729574	-0.186550549074
0.050406008428	0.998042501272	0.037018913670	-0.853954197481
0.455010474008	-0.055944481191	0.888727001709	2.147723231905
0.000000000000	0.000000000000	0.000000000000	1.000000000000
9	12	66
0.861590799739	-0.056269575164	-0.504475003064	-0.172447792405
-0.012760764957	0.991121620032	-0.132344615242	-0.170011166053
0.507443057577	0.120464389828	0.853223226418	1.149833305958
0.000000000000	0.000000000000	0.000000000000	1.000000000000
9	36	66
0.847126396686	0.236946535535	-0.475639787376	1.259126081068
-0.077852553409	0.940765763189	0.329998119296	0.203271102434
0.525657538674	-0.242520345762	0.815394403909	0.136038653475
0.000000000000	0.000000000000	0.000000000000	1.000000000000
9	37	66
0.664364230791	0.286357653207	-0.690376320057	2.368167285643
-0.076342770073	0.944861238907	0.318447830373	0.220980324283
0.743499798455	-0.158860107207	0.649593346668	0.440996571999
0.000000000000	0.000000000000	0.000000000000	1.000000000000
9	38	66
0.809392720575	-0.039736120408	-0.585921892931	2.212911246408
0.170440748228	0.970659298215	0.169618625544	0.549040006430
0.561990547273	-0.237153046624	0.792417224228	0.189966197328
0.000000000000	0.000000000000	0.000000000000	1.000000000000
9	39	66
0.984542213876	-0.153154931966	0.084971735948	1.407695930645
0.109546305086	0.917002242281	0.383544644980	-0.056023304720
-0.136661026403	-0.368307554179	0.919604974648	0.137956780039
0.000000000000	0.000000000000	0.000000000000	1.000000000000
9	50	66
0.995638611602	-0.056043474519	0.074584744094	0.553262491743
0.046273299806	0.990845644143	0.126821493475	0.090381971000
-0.081009485943	-0.122817093460	0.989117497945	-0.271617647199
0.000000000000	0.000000000000	0.000000000000	1.000000000000
9	54	66
0.992948057893	-0.018193694190	-0.117145822877	-0.397697965392
0.019023152044	0.999801241891	0.005966271897	-0.201799527510
0.117013990668	-0.008152680893	0.993096802825	0.994292020025
0.000000000000	0.000000000000	0.000000000000	1.000000000000
9	56	66
0.697070956295	0.222476670611	-0.681612949498	-0.366145616324
-0.021669412467	0.956745413595	0.290118338147	-0.047126693041
0.716674625233	-0.187462915265	0.671740379125	0.926673038505
0.000000000000	0.000000000000	0.000000000000	1.000000000000
10	13	66
-0.821041527683	-0.032299551734	0.569953988299	-2.062697270508
-0.207210290001	-0.913445010368	-0.350260058744	1.020665831901
0.531934869639	-0.405678384920	0.743283487285	0.658108365253
0.000000000000	0.000000000000	0.000000000000	1.000000000000
10	37	66
0.838409559642	0.257792420568	-0.480221280452	1.935611638794
-0.122904892854	0.947801697576	0.294221565126	-0.241964523920
0.531002634281	-0.187656627834	0.826329953721	-0.312600372392
0.000000000000	0.000000000000	0.000000000000	1.000000000000
10	39	66
0.978782352346	0.121655371241	-0.164878977994	2.285522077796
-0.101020675722	0.986583245399	0.128251015490	-0.134510868373
0.178269262109	-0.108873644863	0.977939977525	0.154179809870
0.000000000000	0.000000000000	0.000000000000	1.000000000000
10	56	66
0.748450858883	0.261894091342	-0.609288763033	-0.072201497699
-0.217713447437	0.964836230936	0.147281710603	-0.032267293433
0.626436083446	0.022417234286	0.779150371215	0.328682353459
0.000000000000	0.000000000000	0.000000000000	1.000000000000
11	13	66
0.853982520559	-0.070588425250	0.515491152980	-2.686713942176
0.108931612385	0.993053716535	-0.044477184025	-0.022453690536
-0.508770830927	0.094136020185	0.855739826876	0.715671971510
0.000000000000	0.000000000000	0.000000000000	1.000000000000
11	51	66
0.994061231055	-0.024730217820	0.105974927411	0.467732586671
0.029982603362	0.998384739142	-0.048259259680	0.514299732180
-0.104610288255	0.051150063302	0.993197039170	-1.084188756888
0.000000000000	0.000000000000	0.000000000000	1.000000000000
11	56	66
0.777832982242	0.339745947932	-0.528723502977	0.499498444789
-0.186522278089	0.928176120415	0.322022560184	-0.298418569522
0.600154389731	-0.151861056083	0.785336187968	0.643096095166
0.000000000000	0.000000000000	0.000000000000	1.000000000000
12	14	66
0.686556773996	0.044550703649	-0.725710018454	0.341707492271
0.035373895939	0.994892300530	0.094540984936	-0.005300277193
0.726215177180	-0.090578944302	0.681474116370	0.370387171882
0.000000000000	0.000000000000	0.000000000000	1.000000000000
12	15	66
0.363310825281	0.310684937804	-0.878339406867	0.393777517699
0.041180937269	0.936483528096	0.348285417454	0.035420390403
0.930757419868	-0.162706702464	0.327440306521	0.613555706900
0.000000000000	0.000000000000	0.000000000000	1.000000000000
12	51	66
0.887299979167	-0.102929374008	0.449560108258	-0.247065296272
-0.026636991041	0.961712382063	0.272763202973	0.010464539354
-0.460422868328	-0.253997712891	0.850585647755	-1.327628006598
0.000000000000	0.000000000000	0.000000000000	1.000000000000
12	52	66
0.804166418321	-0.203432636872	0.558508311398	-0.531975155123
0.057061541214	0.961691546592	0.268129352604	0.098724332187
-0.591658982996	-0.183751276101	0.784968226345	-0.784385662408
0.000000000000	0.000000000000	0.000000000000	1.000000000000
12	57	66
0.734744112162	0.249653473874	-0.630733091431	-0.266231122191
0.054277003499	0.905194697458	0.421516982558	0.070406370670
0.676169428867	-0.343941423321	0.651536031843	0.158530820166
0.000000000000	0.000000000000	0.000000000000	1.000000000000
13	53	66
-0.470199934158	0.182402272887	-0.863505317160	2.023467642760
0.223991395210	-0.921710607939	-0.316666086099	1.514583760330
-0.853662624688	-0.342314133596	0.392531727572	0.091828690966
0.000000000000	0.000000000000	0.000000000000	1.000000000000
13	58	66
-0.795882667398	-0.272596066103	0.540612767589	-0.916675200825
-0.190210835880	-0.735124184055	-0.650701369240	2.387983547686
0.574796153126	-0.620712347841	0.533221870884	0.397292956425
0.000000000000	0.000000000000	0.000000000000	1.000000000000
14	18	66
0.524557009235	0.245610023046	-0.815178299909	0.622456826294
-0.064795196893	0.966224063122	0.249424622489	0.016422405992
0.848906076384	-0.078017795556	0.522753954604	0.253701888066
0.000000000000	0.000000000000	0.000000000000	1.000000000000
14	55	66
0.484488111963	-0.153800404092	0.861171704753	-0.847490864108
0.116715758466	0.986987094074	0.110606997328	0.009253017139
-0.866976759257	0.046924533384	0.496134444555	0.197446840862
0.000000000000	0.000000000000	0.000000000000	1.000000000000
14	61	66
0.391026786863	-0.721767286935	-0.571095469660	0.974153879062
-0.289087751837	0.492781026988	-0.820728414994	2.590497086398
0.873799933448	0.486023500410	-0.015963500719	2.333327544679
0.000000000000	0.000000000000	0.000000000000	1.000000000000
14	62	66
-0.055136842409	0.478106964577	-0.876569255126	0.219319137038
-0.110698480769	0.869565588039	0.481249970861	-0.400298479972
0.992323422562	0.123569488634	0.004980613831	2.536092769808
0.000000000000	0.000000000000	0.000000000000	1.000000000000
14	63	66
-0.402526774142	0.324257928896	-0.856054315827	0.162825022178
-0.200636970077	0.881171613249	0.428113763201	-0.266892485566
0.893150044694	0.344083396216	-0.289637038570	2.736709797072
0.000000000000	0.000000000000	0.000000000000	1.000000000000
15	16	66
0.974726626224	-0.013493815558	-0.222993096465	0.277738018184
-0.056999741530	0.950115525702	-0.306645589052	0.057224875432
0.216007022096	0.311606169325	0.925333756892	-0.018425491029
0.000000000000	0.000000000000	0.000000000000	1.000000000000
15	17	66
0.952296317670	-0.084684314507	-0.293189853556	0.374992925842
-0.036069643637	0.922759743591	-0.383684032004	0.072024044235
0.303035813329	0.375956144362	0.875686172870	-0.198228814071
0.000000000000	0.000000000000	0.000000000000	1.000000000000
15	19	66
0.675198112983	0.208523247104	-0.707548983210	0.227405438735
-0.267640610950	0.963099182991	0.028433555735	0.118639197486
0.687368905024	0.170170558965	0.706092040223	-0.195474988896
0.000000000000	0.000000000000	0.000000000000	1.000000000000
15	55	66
0.110837754719	-0.137149572672	0.984329714498	-0.965989181191
0.382757750768	0.919923116782	0.085076221339	-0.173926531347
-0.917175826303	0.367330170183	0.154457274733	0.444915129403
0.000000000000	0.000000000000	0.000000000000	1.000000000000
15	60	66
0.755363840845	0.036505663236	0.654288013413	-0.568485418021
-0.481368994292	-0.646566799930	0.591806779754	-1.384145500654
0.444645206067	-0.761983405187	-0.470820486960	2.583707736615
0.000000000000	0.000000000000	0.000000000000	1.000000000000
15	61	66
0.335194130804	0.415638955443	-0.845511178751	0.439459947584
-0.324693275563	0.893412390077	0.310465099586	-0.953342285616
0.884431552738	0.170465714953	0.434421763435	2.697588486699
0.000000000000	0.000000000000	0.000000000000	1.000000000000
15	63	66
-0.186239514500	0.435688867549	-0.880619131028	0.739636268452
-0.356618976824	0.805197047918	0.473793857487	-1.055680261132
0.915498633864	0.402284631470	0.005415410878	2.664244078054
0.000000000000	0.000000000000	0.000000000000	1.000000000000
15	64	66
-0.225900078588	0.527339519180	-0.819073980789	0.228800200267
-0.334234142535	0.747812386147	0.573641153587	-0.970637648921
0.915017318119	0.403348071318	0.007323995218	2.144311831291
0.000000000000	0.000000000000	0.000000000000	1.000000000000
16	18	66
0.885100731483	0.164663692690	-0.435295949256	0.287898224847
-0.035665164884	0.956564735148	0.289330094329	-0.096552479964
0.464030916149	-0.240561376327	0.852528904541	0.079541154698
0.000000000000	0.000000000000	0.000000000000	1.000000000000
16	19	66
0.833634528219	0.155107595295	-0.530089716220	-0.147958744559
-0.024027657012	0.969033210805	0.245758637803	-0.003001389138
0.551793571056	-0.192136072194	0.811546415618	-0.178063520653
0.000000000000	0.000000000000	0.000000000000	1.000000000000
16	57	66
0.712999671308	-0.575543748283	0.400475795181	-0.581608197332
0.541281312541	0.814863423901	0.207393686218	0.611635564877
-0.445697217187	0.068898433952	0.892528428898	0.549683800992
0.000000000000	0.000000000000	0.000000000000	1.000000000000
16	58	66
0.945907403344	-0.192413209171	0.261220866769	-0.523489512825
0.054745982350	0.888268375837	0.456050622085	-0.212341417076
-0.319784398799	-0.417080866768	0.850753483014	1.282059155955
0.000000000000	0.000000000000	0.000000000000	1.000000000000
16	61	66
0.227947321241	-0.433700950076	0.871747385796	-1.732288401922
0.040095056692	0.898739662960	0.436645628229	-0.313457163553
-0.972847575506	-0.064579440432	0.222254562846	1.255023437680
0.000000000000	0.000000000000	0.000000000000	1.000000000000
16	62	66
0.270289062350	0.058097959661	-0.961024687434	1.250330456225
0.062625318576	0.995002811768	0.077765506793	0.542520418593
0.960740283452	-0.081203643124	0.265299973796	2.659420390410
0.000000000000	0.000000000000	0.000000000000	1.000000000000
16	63	66
-0.968664929498	-0.170512449897	0.180592798281	-2.239023163359
0.045552131521	-0.836740222083	-0.545702120266	1.836165772407
0.244158263581	-0.520376118955	0.818288113776	0.219193730807
0.000000000000	0.000000000000	0.000000000000	1.000000000000
16	64	66
-0.939210177494	-0.100766061396	0.328223160918	-1.977909907379
-0.093645325170	-0.844538392240	-0.527243261794	1.648649227958
0.330325287506	-0.525928802125	0.783762782690	0.668208323874
0.000000000000	0.000000000000	0.000000000000	1.000000000000
17	20	66
0.807180110982	0.180117256327	-0.562154820675	-0.412527986695
0.055691354861	0.924828588212	0.376285204892	0.061362344865
0.587672307863	-0.335037097051	0.736472268433	-0.232529692731
0.000000000000	0.000000000000	0.000000000000	1.000000000000
17	57	66
0.730668777563	-0.318276665211	0.604005879009	-0.716145026261
0.090069169694	0.921893684669	0.376828314805	0.137938867960
-0.676764864754	-0.220934376117	0.702265846588	0.773246946144
0.000000000000	0.000000000000	0.000000000000	1.000000000000
17	58	66
0.935844456945	-0.077713149311	0.343738008999	-0.488578318281
-0.115892777319	0.853267194611	0.508432845876	-0.031805434396
-0.332812284286	-0.515650813074	0.789518981662	1.565844488145
0.000000000000	0.000000000000	0.000000000000	1.000000000000
17	61	66
-0.182387342018	0.966121691978	0.182602666360	-1.996139907059
-0.860638348049	-0.246672602170	0.445482054864	-0.475326823983
0.475432951465	-0.075904569222	0.876471337256	2.110258354022
0.000000000000	0.000000000000	0.000000000000	1.000000000000
17	62	66
0.430981706188	0.474913503836	-0.767275656336	1.225003599417
0.049872331056	0.836462144353	0.545750704681	-0.019528715131
0.900981420189	-0.273474395400	0.336814838649	2.642065534049
0.000000000000	0.000000000000	0.000000000000	1.000000000000
17	63	66
0.081813937164	0.495618596154	-0.864678371900	1.201221304525
0.031294438445	0.865881558110	0.499269251454	0.042721915990
0.996156181433	-0.067906807251	0.055331073737	2.875359753710
0.000000000000	0.000000000000	0.000000000000	1.000000000000
17	65	66
0.260814544010	0.222567440314	-0.939382514285	1.112630772887
-0.090252179457	0.974421033386	0.205811063351	0.744636142542
0.961160921873	0.031102800618	0.274230374061	2.329583419114
0.000000000000	0.000000000000	0.000000000000	1.000000000000
18	21	66
0.957186373798	0.070239575872	-0.280821380589	-0.841421385728
-0.047885153799	0.995169930460	0.085696099997	0.241798441019
0.285484251510	-0.068579964205	0.955926529943	-0.493412873723
0.000000000000	0.000000000000	0.000000000000	1.000000000000
18	34	66
0.950363604695	-0.199011157130	0.239172695365	-0.404787838731
0.153784992715	0.968681829312	0.194950479804	0.277072275562
-0.270479564637	-0.148492669509	0.951204884458	-0.858179989624
0.000000000000	0.000000000000	0.000000000000	1.000000000000
18	56	66
0.887161865439	0.016507683058	-0.461163009044	0.634960496631
0.080259369969	0.978608764385	0.189428930742	-0.321193404637
0.454425195211	-0.205066776124	0.866859480705	1.016381532188
0.000000000000	0.000000000000	0.000000000000	1.000000000000
18	57	66
0.486392438518	-0.380950721997	0.786319873310	-0.542862420379
0.303271779360	0.917604312763	0.256960216848	-0.248206988761
-0.819419687093	0.113485120650	0.561847402588	0.939880980167
0.000000000000	0.000000000000	0.000000000000	1.000000000000
18	58	66
0.767095651237	-0.288421260317	0.573042265850	-0.085446319210
0.185757046915	0.954833357642	0.231921492442	-0.544482136609
-0.614050959916	-0.071459329219	0.786024797887	1.351527427541
0.000000000000	0.000000000000	0.000000000000	1.000000000000
18	61	66
0.910737351956	0.243782015475	-0.333358372750	1.553763577503
-0.155386598944	0.950148963252	0.270318243002	-0.745772587879
0.382638838358	-0.194389497046	0.903216609025	1.952026952823
0.000000000000	0.000000000000	0.000000000000	1.000000000000
18	65	66
0.626158180150	0.234860752855	-0.743482589036	0.572699086140
-0.083312105024	0.968248790640	0.235697629560	-0.534663651391
0.775232240421	-0.085642899249	0.625843644388	1.671195597797
0.000000000000	0.000000000000	0.000000000000	1.000000000000
19	22	66
0.999186355509	0.037352456574	-0.015212526162	-1.377504126745
-0.037019420390	0.999080751929	0.021615125251	0.162294087427
0.016005920104	-0.021034379322	0.999650621671	-0.279716366213
0.000000000000	0.000000000000	0.000000000000	1.000000000000
19	23	66
0.996257308641	0.006723974329	-0.086175188704	-1.715049512447
-0.026498686072	0.972723660869	-0.230448474115	0.086336631115
0.082275115408	0.231869505875	0.969261232914	-0.232841097480
0.000000000000	0.000000000000	0.000000000000	1.000000000000
19	24	66
0.975260390374	0.195206458109	-0.103738178503	-2.127616951039
-0.177169170025	0.970870614844	0.161311296643	-0.202775460370
0.132205356017	-0.138941311151	0.981436221003	0.179186594179
0.000000000000	0.000000000000	0.000000000000	1.000000000000
19	33	66
0.851474389099	0.307683516843	0.424643636679	-2.890850562641
-0.359501766728	0.932032833303	0.045533255583	0.642369081356
-0.381771979627	-0.191430538597	0.904214855255	0.921884866240
0.000000000000	0.000000000000	0.000000000000	1.000000000000
19	34	66
0.811606419070	-0.314641694871	0.492235334340	-0.647183995765
0.207089476721	0.942808862215	0.261199919527	0.138409494797
-0.546268220891	-0.110054773537	0.830348708475	-0.664217442052
0.000000000000	0.000000000000	0.000000000000	1.000000000000
19	62	66
0.890632888271	0.169914616266	-0.421784401690	2.432007074407
-0.085563872429	0.973616101412	0.211543165352	-0.455049700817
0.446600360574	-0.152317793613	0.881673073018	1.223189912136
0.000000000000	0.000000000000	0.000000000000	1.000000000000
20	24	66
0.652773944945	0.376339025009	-0.657461112961	1.549961283657
-0.417034216663	0.903051966052	0.102857225036	-0.053075470721
0.632430738447	0.207041263678	0.746435044865	0.294922236512
0.000000000000	0.000000000000	0.000000000000	1.000000000000
20	25	66
0.999912096277	0.007460421604	0.010960922759	-0.131883852774
-0.008074122677	0.998338321034	0.057056159151	-0.177768505758
-0.010517046222	-0.057139643537	0.998310799739	0.275844752496
0.000000000000	0.000000000000	0.000000000000	1.000000000000
20	32	66
0.973459174126	0.157382200684	-0.166156791069	0.006721827857
-0.085260669476	0.923144657828	0.374879392557	-0.411325119609
0.212386097829	-0.350763144631	0.912062148002	0.207288101721
0.000000000000	0.000000000000	0.000000000000	1.000000000000
20	33	66
0.933699022563	-0.038747181920	0.355956164658	-0.169776408082
-0.054046648675	0.967485935199	0.247082830159	-0.347464543098
-0.353956346223	-0.249939234786	0.901246516710	0.610584353873
0.000000000000	0.000000000000	0.000000000000	1.000000000000
20	35	66
0.015366645360	-0.442578603134	0.896598040517	-2.302341719888
0.363563932652	0.837799933884	0.407323627670	-0.189819202648
-0.931442501223	0.319711511885	0.173779791929	0.815916887943
0.000000000000	0.000000000000	0.000000000000	1.000000000000
20	63	66
0.789000746171	0.358902115144	-0.498665312898	2.938312424754
-0.272068644603	0.931821516696	0.240181834547	-0.652515304696
0.550868836626	-0.053832450884	0.832853883983	0.978063203117
0.000000000000	0.000000000000	0.000000000000	1.000000000000
21	25	66
0.988482205280	0.105895225059	-0.108116285334	0.214267358961
-0.103795523139	0.994287346289	0.024882973823	-0.056307638149
0.110133642548	-0.013374390443	0.993826799025	-0.172671681366
0.000000000000	0.000000000000	0.000000000000	1.000000000000
21	32	66
0.981374787099	0.164280619386	-0.099576128370	0.102023939711
-0.142740798079	0.970494130238	0.194335297201	-0.191835755641
0.128563571087	-0.176502184883	0.975868017163	0.452962956746
0.000000000000	0.000000000000	0.000000000000	1.000000000000
21	35	66
0.062924741360	-0.463019202077	0.884111811612	-1.920393159785
0.419822276410	0.815957119264	0.397445890345	-0.331641453543
-0.905422405927	0.346160653498	0.245729666128	0.861850627041
0.000000000000	0.000000000000	0.000000000000	1.000000000000
21	47	66
-0.646859043895	-0.433785720740	0.627218722467	-1.814098673289
-0.327222703745	-0.585024007911	-0.742072915771	1.396281393780
0.688838645464	-0.685256783001	0.236483534027	1.869084603982
0.000000000000	0.000000000000	0.000000000000	1.000000000000
21	48	66
-0.743713777612	-0.361720602611	0.562181485498	-1.988142485228
-0.316079968523	-0.550748405352	-0.772508671473	1.295029084227
0.589052858824	-0.752219648539	0.295266540371	1.288031537799
0.000000000000	0.000000000000	0.000000000000	1.000000000000
21	63	66
0.429279908837	0.664659321265	-0.611511853135	2.256635737236
-0.511845902339	0.736881368507	0.441610259172	-1.404962641843
0.744132066321	0.123425424460	0.656531516737	1.857178079214
0.000000000000	0.000000000000	0.000000000000	1.000000000000
21	64	66
0.673873366978	0.359858704218	-0.645287841414	2.892476119742
-0.384560112732	0.916576081311	0.109552758364	-0.622448397817
0.630878914669	0.174327278899	0.756043513865	1.502250442514
0.000000000000	0.000000000000	0.000000000000	1.000000000000
21	65	66
0.802795849885	0.152597287506	-0.576396470542	2.039446214822
-0.100849730162	0.987519006302	0.120977452933	-0.783968652758
0.587663300993	-0.038990768624	0.808165555210	1.570035096801
0.000000000000	0.000000000000	0.000000000000	1.000000000000
22	25	66
0.994034567006	0.082520497609	-0.071313722878	-0.257603065637
-0.073928473004	0.990528466001	0.115706261376	-0.309587414661
0.080186410793	-0.109743908791	0.990720149188	0.583756708070
0.000000000000	0.000000000000	0.000000000000	1.000000000000
22	26	66
-0.985176287395	0.168891821770	0.030053873202	0.159832464317
0.125547591720	0.590476609826	0.797229688021	-2.580318095368
0.116899465218	0.789184975648	-0.602927515746	4.558417692351
0.000000000000	0.000000000000	0.000000000000	1.000000000000
22	27	66
-0.806377679407	-0.125652244515	0.577898392109	-0.970221889081
-0.198008816587	-0.863408180535	-0.464024592385	1.520537083198
0.557267930808	-0.488608050725	0.671352832764	1.421774555754
0.000000000000	0.000000000000	0.000000000000	1.000000000000
22	32	66
0.125782350083	0.992034453157	0.006814994965	0.737210577913
-0.729386813656	0.087819947730	0.678441252317	-1.494811593634
0.672438604241	-0.090306702573	0.734623048235	0.830042139825
0.000000000000	0.000000000000	0.000000000000	1.000000000000
22	35	66
0.088515425146	-0.404079366159	0.910431153551	-1.420815682151
0.259869215950	0.891732442866	0.370514832284	-0.202028053432
-0.961578395199	0.203796752147	0.183939864361	0.869968336770
0.000000000000	0.000000000000	0.000000000000	1.000000000000
22	48	66
0.919328373866	0.257329192754	-0.297686122556	-0.238343023275
-0.123961718442	0.907403151518	0.401563211681	0.040554616036
0.373455262872	-0.332266771090	0.866100432665	0.405833768927
0.000000000000	0.000000000000	0.000000000000	1.000000000000
22	64	66
0.518699897737	0.420727085446	-0.744270875193	4.599437841997
-0.182846512998	0.904985258903	0.384146890985	-1.127128586326
0.835175172507	-0.063169618815	0.546344241744	2.060521585533
0.000000000000	0.000000000000	0.000000000000	1.000000000000
23	26	66
-0.989178819043	0.142875085645	-0.033346272036	-0.230779017344
0.131871060643	0.965450566370	0.224755928197	-0.304615240407
0.064306199714	0.217926395365	-0.973844340170	5.469203599079
0.000000000000	0.000000000000	0.000000000000	1.000000000000
23	28	66
0.974224514994	0.162121498324	-0.156854117467	-0.465061724911
-0.072101973255	0.882651406180	0.464465069323	0.207188931182
0.213747280305	-0.441183765510	0.871589918031	0.697859608603
0.000000000000	0.000000000000	0.000000000000	1.000000000000
23	31	66
0.213491617109	-0.403259826980	-0.889833041288	2.326111052545
-0.233268298507	-0.905528597447	0.354406348866	-0.221165188066
-0.948687108764	0.131907054964	-0.287390498303	3.281189709469
0.000000000000	0.000000000000	0.000000000000	1.000000000000
23	34	66
0.211103884714	-0.370088819943	0.904692995005	-1.450976834134
-0.071075833139	0.917289475710	0.391826803185	0.053306123195
-0.974876082280	-0.147017968643	0.167339000517	1.775331134820
0.000000000000	0.000000000000	0.000000000000	1.000000000000
23	64	66
0.757231317821	0.341176191442	-0.556955597605	0.401347783986
-0.034505028527	0.872432001774	0.487515953879	-0.146355700248
0.652234723330	-0.349944579431	0.672405128631	2.045948640712
0.000000000000	0.000000000000	0.000000000000	1.000000000000
24	28	66
0.947065389034	0.118290977076	-0.298453335778	-0.648901353587
-0.044976869555	0.969362671952	0.241481037414	-0.160136004703
0.317874550884	-0.215274835891	0.923370193873	0.544614112344
0.000000000000	0.000000000000	0.000000000000	1.000000000000
24	29	66
0.697943072678	0.362850219129	-0.617426259385	-0.417844466925
-0.169555068924	0.921354044691	0.349796802348	-0.135638420780
0.695792027766	-0.139450503078	0.704575766890	0.425382725885
0.000000000000	0.000000000000	0.000000000000	1.000000000000
24	31	66
0.750118946020	0.309555032314	-0.584377659387	-0.584530784024
-0.078675758338	0.919174298486	0.385912858108	-0.203072593876
0.656606192380	-0.243504190872	0.713844532903	0.326287318314
0.000000000000	0.000000000000	0.000000000000	1.000000000000
24	34	66
0.385017512847	-0.448696208692	0.806494406122	-0.535764180308
0.352100177501	0.879179477927	0.321043471505	-0.110454027316
-0.853104319415	0.160359464635	0.496485510662	0.722513310011
0.000000000000	0.000000000000	0.000000000000	1.000000000000
24	65	66
0.844360130193	0.114720567927	-0.523349942042	3.374521064105
-0.104078879785	0.993320380232	0.049821772342	-0.082749322539
0.525569745441	0.012402157522	0.850660113774	0.840668536038
0.000000000000	0.000000000000	0.000000000000	1.000000000000
25	29	66
0.756798402878	0.424343920652	-0.497180464627	-0.169173021988
-0.289362676233	0.899529157064	0.327286628499	0.040114270056
0.586110415369	-0.103824527916	0.803551521932	-0.076886489954
0.000000000000	0.000000000000	0.000000000000	1.000000000000
25	31	66
