0	1	38
0.999285364636	-0.020096082274	-0.032014176572	-0.094547701837
0.021175331478	0.999206392339	0.033737084122	0.080697862267
0.031310786658	-0.034390885210	0.998917865319	0.451423091515
0.000000000000	0.000000000000	0.000000000000	1.000000000000
0	6	38
-0.582491112910	0.224839050030	-0.781121952683	-0.426762001866
-0.006890432843	-0.962313509108	-0.271855167550	1.648336340912
-0.812807864945	-0.152970950739	0.562088305263	0.866862150021
0.000000000000	0.000000000000	0.000000000000	1.000000000000
0	8	38
-0.841483653228	-0.155909928216	-0.517298130322	0.240892053387
0.114827070926	-0.987193151926	0.110744862512	1.386801160908
-0.527939395322	0.033790162382	0.848609580309	0.216595117568
0.000000000000	0.000000000000	0.000000000000	1.000000000000
0	9	38
-0.214517303622	0.049721941183	-0.975453768772	2.303495255573
0.103742547809	0.994213811355	0.027863615780	-0.004639341762
0.971195042317	-0.095218831516	-0.218434346896	3.095477982737
0.000000000000	0.000000000000	0.000000000000	1.000000000000
0	10	38
-0.424958446135	0.123203468010	-0.896789398091	2.200579731300
0.124747532512	0.989212709106	0.076787168685	-0.102913381228
0.896575915464	-0.079240908707	-0.435743624390	3.485317045633
0.000000000000	0.000000000000	0.000000000000	1.000000000000
0	11	38
-0.906835950724	0.129427372180	-0.401119824747	0.892065770821
-0.104154890397	-0.990983129389	-0.084286393168	2.158991347913
-0.408411945566	-0.034655340099	0.912139622055	0.298233350166
0.000000000000	0.000000000000	0.000000000000	1.000000000000
0	27	38
0.957834103761	0.050446940502	-0.282858508561	1.151361199322
0.014596162603	0.974651350289	0.223252541791	0.045771104908
0.286950835003	-0.217967547064	0.932817970838	0.391987257356
0.000000000000	0.000000000000	0.000000000000	1.000000000000
0	28	38
0.962626665473	0.138878877259	-0.232513570295	1.155505510075
-0.091465861722	0.974781849012	0.203554275259	-0.094810772957
0.254919397182	-0.174679719166	0.951053677062	0.951353261477
0.000000000000	0.000000000000	0.000000000000	1.000000000000
1	2	38
0.999555687414	-0.018702086149	-0.023209044196	0.004490004675
0.019834352442	0.998574455233	0.049554574144	-0.022040298655
0.022249184750	-0.049992892785	0.998501719803	0.881942271013
0.000000000000	0.000000000000	0.000000000000	1.000000000000
1	6	38
0.574208473223	0.150364388561	-0.804782691124	1.325263923507
-0.024872399327	0.985739895835	0.166427826731	-0.177894822971
0.818331224524	-0.075547391824	0.569760123699	2.618646050059
0.000000000000	0.000000000000	0.000000000000	1.000000000000
1	8	38
0.213262240312	-0.051623359352	-0.975630178718	2.030099646068
0.034953856598	0.998366898234	-0.045185887387	-0.130909004464
0.976369522653	-0.024465593785	0.214718396871	2.416377220501
0.000000000000	0.000000000000	0.000000000000	1.000000000000
1	9	38
-0.209064965177	0.128291954036	-0.969449851651	2.341345627123
0.032570957496	0.991720594430	0.124215117077	-0.362685955398
0.977359183240	-0.005606880787	-0.211512623322	2.580063437847
0.000000000000	0.000000000000	0.000000000000	1.000000000000
1	10	38
-0.366785186016	0.084171825176	-0.926490005972	2.403903585966
0.057703857458	0.996039284874	0.067646195922	-0.213260196353
0.928514346768	-0.028650424687	-0.370189493384	2.855331714679
0.000000000000	0.000000000000	0.000000000000	1.000000000000
1	27	38
0.962579833548	0.032433285434	-0.269050452597	1.294710986567
0.019481337570	0.981962196414	0.188071056520	-0.002453962093
0.270297135636	-0.186274868971	0.944585163792	-0.086934969403
0.000000000000	0.000000000000	0.000000000000	1.000000000000
1	28	38
0.974280570937	0.078815552094	-0.211105371420	1.349039340228
-0.047645502089	0.987708657212	0.148867439689	-0.066315654683
0.220243672383	-0.134980432720	0.966060561020	0.419430991819
0.000000000000	0.000000000000	0.000000000000	1.000000000000
2	3	38
0.999570158041	0.017078238560	-0.023829245107	0.223826457469
-0.016798587774	0.999788232577	0.011886860329	-0.041590975713
0.024027205486	-0.011481453192	0.999645371934	0.744329588858
0.000000000000	0.000000000000	0.000000000000	1.000000000000
2	5	38
0.837721869368	0.047091421426	-0.544062926149	0.966620314835
-0.011375165182	0.997563599419	0.068829286870	-0.122491088030
0.545978639874	-0.051470993210	0.836216516017	1.697947812369
0.000000000000	0.000000000000	0.000000000000	1.000000000000
2	8	38
0.193631761922	0.104708606002	-0.975470578031	1.991391042281
-0.037055521230	0.994359283783	0.099380597210	-0.487557922590
0.980374229119	0.016903330575	0.196419572075	1.572343777098
0.000000000000	0.000000000000	0.000000000000	1.000000000000
3	4	38
0.983247779446	0.015372751141	-0.181624565346	0.435581303554
-0.006674336284	0.998805404855	0.048406781207	-0.074012907011
0.182151742923	-0.046383636706	0.982175799333	0.498832398048
0.000000000000	0.000000000000	0.000000000000	1.000000000000
3	5	38
0.844046408174	0.058257624433	-0.533096342178	0.765661050874
-0.010229577395	0.995649926034	0.092609829582	-0.146940555824
0.536172562329	-0.072713643730	0.840970694746	0.996087285493
0.000000000000	0.000000000000	0.000000000000	1.000000000000
3	6	38
0.558686578949	0.098542705480	-0.823503880804	1.223080737479
-0.047304930492	0.995086131962	0.086981799983	-0.148423385748
0.828028713302	-0.009639770422	0.560602822659	1.063441009722
0.000000000000	0.000000000000	0.000000000000	1.000000000000
4	5	38
0.936050102393	0.073241402282	-0.344159705372	0.401364765098
-0.064415863310	0.997236055575	0.037024937754	-0.095732252129
0.345920225434	-0.012487852238	0.938180820089	0.398630469038
0.000000000000	0.000000000000	0.000000000000	1.000000000000
4	6	38
0.759470603357	0.163401308417	-0.629685965418	0.755166206545
-0.138206626139	0.986372241351	0.089267743238	-0.162356037917
0.635691223102	0.019230545990	0.771703864816	0.293806863788
0.000000000000	0.000000000000	0.000000000000	1.000000000000
4	7	38
0.471795607848	0.075015179001	-0.878511028579	1.247446447742
-0.099830362219	0.994511810532	0.031307467028	-0.218069912507
0.876038128848	0.072931348760	0.476695096653	0.330620069156
0.000000000000	0.000000000000	0.000000000000	1.000000000000
5	6	38
0.941009488026	0.091067127825	-0.325895568663	0.307372585073
-0.088807580399	0.995809389313	0.021837440780	-0.013995885382
0.326518540221	0.008392757948	0.945153534885	-0.234693703974
0.000000000000	0.000000000000	0.000000000000	1.000000000000
5	7	38
0.785693250656	0.065399415055	-0.615149601628	0.662509777122
-0.108309195875	0.993579145268	-0.032704742421	-0.081316800767
0.609060944374	0.092322254080	0.787731786485	-0.429984169391
0.000000000000	0.000000000000	0.000000000000	1.000000000000
5	8	38
0.682608405582	0.018160393385	-0.730558666187	0.846101480759
-0.093629219653	0.993625546766	-0.062784090669	-0.094083514192
0.724761570350	0.111258585853	0.679957493685	-0.678896831837
0.000000000000	0.000000000000	0.000000000000	1.000000000000
6	7	38
0.950914110621	-0.000026905470	-0.309454929670	0.256725219808
-0.024591519121	0.996830906848	-0.075653158159	-0.039861050223
0.308476273656	0.079549622426	0.947899913579	-0.297274905857
0.000000000000	0.000000000000	0.000000000000	1.000000000000
6	8	38
0.892782022303	-0.000139736980	-0.450488891236	0.347850277487
-0.046998360855	0.994514062443	-0.093450166829	-0.098551791750
0.448030595752	0.104602868398	0.887877708467	-0.594091010401
0.000000000000	0.000000000000	0.000000000000	1.000000000000
7	8	38
0.987974863157	0.003097052881	-0.154583563269	-0.007203980433
-0.010977639168	0.998681268537	-0.050151922305	-0.016212835381
0.154224385905	0.051245801155	0.986705987950	-0.310433346699
0.000000000000	0.000000000000	0.000000000000	1.000000000000
9	10	38
0.988342808467	0.016108756324	-0.151390227300	0.194122860601
-0.016683744417	0.999857619446	-0.002528538788	0.055638625834
0.151327940660	0.005024818987	0.988470842043	-0.058812314291
0.000000000000	0.000000000000	0.000000000000	1.000000000000
9	11	38
0.998457744366	-0.033112182464	-0.044561374398	0.101138148157
0.036343689961	0.996612261953	0.073777608560	0.027535104270
0.041967474498	-0.075283349403	0.996278649970	0.294574459573
0.000000000000	0.000000000000	0.000000000000	1.000000000000
10	11	38
0.989596203060	-0.038348282312	0.138667819382	-0.148626759918
0.027207846286	0.996313282519	0.081360777877	-0.030310859051
-0.141276636388	-0.076741464151	0.986991215610	0.366232086433
0.000000000000	0.000000000000	0.000000000000	1.000000000000
14	15	38
0.995092034552	0.043529525723	-0.088865196568	0.179065202462
-0.041756351622	0.998891778603	0.021716853790	-0.012560820335
0.089712038601	-0.017899581827	0.995806886450	0.121381840618
0.000000000000	0.000000000000	0.000000000000	1.000000000000
14	16	38
0.991251909351	0.007723704303	-0.131757339831	0.170071086937
0.003696682453	0.996269842281	0.086213316254	-0.091659524525
0.131931750334	-0.085946179394	0.987525831308	0.193198580926
0.000000000000	0.000000000000	0.000000000000	1.000000000000
14	17	38
0.916710375931	0.109072169324	-0.384376571268	0.329078945767
-0.102018721779	0.994027019957	0.038761630529	-0.058490832464
0.386308512808	0.003680417588	0.922362286446	0.735699400959
0.000000000000	0.000000000000	0.000000000000	1.000000000000
15	16	38
0.997920684743	-0.047909081529	-0.043116433854	0.002273847808
0.049144675772	0.998397207543	0.028068074621	0.008419106921
0.041702611483	-0.030128655407	0.998675701276	0.058284744761
0.000000000000	0.000000000000	0.000000000000	1.000000000000
15	17	38
0.954974141224	0.063794529352	-0.289749284070	0.183981825462
-0.066349299931	0.997795948280	0.001007965173	-0.022955054721
0.289174964326	0.018262081478	0.957102051187	0.596346694155
0.000000000000	0.000000000000	0.000000000000	1.000000000000
16	17	38
0.966745594126	0.097745571670	-0.236323421303	0.153911561845
-0.110393963724	0.993047526260	-0.040862982794	0.000068628290
0.230686213309	0.065592787777	0.970814841863	0.505959689082
0.000000000000	0.000000000000	0.000000000000	1.000000000000
17	18	38
0.973124102636	0.036552184313	-0.227361867275	0.189454215705
-0.017028400651	0.996041126063	0.087247399741	-0.106888118178
0.229650853341	-0.081030938611	0.969894052228	0.597264202817
0.000000000000	0.000000000000	0.000000000000	1.000000000000
18	19	38
0.906256068030	0.021664139204	-0.422173665962	0.223525825938
-0.028667501677	0.999536479575	-0.010246967695	0.027615627339
0.421755988110	0.021389040929	0.906457056579	0.505649331198
0.000000000000	0.000000000000	0.000000000000	1.000000000000
19	20	38
0.917303690533	0.034474730638	-0.396693121042	0.339937791979
-0.034034407555	0.999387416795	0.008151702588	-0.057665603356
0.396731141250	0.006023628488	0.917915092731	0.155073908013
0.000000000000	0.000000000000	0.000000000000	1.000000000000
19	21	38
-0.687777092326	0.015085877803	0.725765173842	-2.752136505612
0.227484149767	0.953904207914	0.195749134680	-0.577346133941
-0.689357405760	0.299731844178	-0.659505260562	5.126188384012
0.000000000000	0.000000000000	0.000000000000	1.000000000000
20	21	38
0.914067146242	0.067475887904	-0.399910310837	0.339542154510
-0.041018693028	0.996387326416	0.074362373417	-0.005471826957
0.403483232594	-0.051568404178	0.913532692741	-0.246210286358
0.000000000000	0.000000000000	0.000000000000	1.000000000000
21	22	38
0.932026474840	0.032002307380	-0.360974379312	0.080000566018
-0.020267943712	0.999137290485	0.036247554685	0.042516087519
0.361822968667	-0.026467472213	0.931871027696	-0.092006773749
0.000000000000	0.000000000000	0.000000000000	1.000000000000
22	23	38
0.992623991532	0.048994672241	-0.110892441250	-0.005894926502
-0.034283647994	0.990805476824	0.130878335012	0.011975991788
0.116285179257	-0.126111177884	0.985177003334	-0.005256402969
0.000000000000	0.000000000000	0.000000000000	1.000000000000
22	24	38
0.922729737928	0.107184318003	-0.370244990132	0.236269422769
-0.047509300716	0.984860792889	0.166709582737	-0.063204043135
0.382508427475	-0.136237809014	0.913852593313	0.496274343382
0.000000000000	0.000000000000	0.000000000000	1.000000000000
23	24	38
0.947652225787	0.039765401986	-0.316818515504	0.408541829686
-0.033528017577	0.999122113968	0.025117193671	-0.110130236573
0.317539180257	-0.013180067731	0.948153550231	0.486061237257
0.000000000000	0.000000000000	0.000000000000	1.000000000000
23	25	38
0.901979466848	0.078155613168	-0.424646607799	0.620283586741
-0.069752581114	0.996938648841	0.035325739546	-0.221499430614
0.426107520249	-0.002242894766	0.904669746709	0.868623088750
0.000000000000	0.000000000000	0.000000000000	1.000000000000
24	25	38
0.982901076798	0.060092881768	-0.174052632242	0.400549025548
-0.056940693327	0.998111390040	0.023052342940	-0.136499967834
0.175109196426	-0.012747495143	0.984466490387	0.306566377482
0.000000000000	0.000000000000	0.000000000000	1.000000000000
25	26	38
0.956293300380	0.069791483371	-0.283958223154	0.284731621445
-0.075175634548	0.997137461490	-0.008093631104	-0.063130712072
0.282580515284	0.029086624812	0.958802493029	0.355997119626
0.000000000000	0.000000000000	0.000000000000	1.000000000000
26	27	38
0.948047001413	0.077520938306	-0.308540738374	0.267654322662
-0.079133851637	0.996837251320	0.007302595818	-0.102891312310
0.308131005641	0.017492812946	0.951183097441	0.352707453925
0.000000000000	0.000000000000	0.000000000000	1.000000000000
26	28	38
0.951053017490	0.020517123335	-0.308345918691	0.421982468238
0.000229374562	0.997746442027	0.067096831587	-0.369276124719
0.309027677257	-0.063883370855	0.948905058274	0.948962464411
0.000000000000	0.000000000000	0.000000000000	1.000000000000
27	28	38
0.997719097788	-0.011877419069	0.066449445641	0.201499426779
0.012266545603	0.999909905014	-0.005451028765	-0.175192370580
-0.066378714726	0.006253700656	0.997774903202	0.466177876694
0.000000000000	0.000000000000	0.000000000000	1.000000000000
29	30	38
0.967969772679	-0.038250500486	0.248135886951	0.132312866918
0.000492538848	0.988613716939	0.150474835390	0.053883978215
-0.251066279269	-0.145532875643	0.956967034710	0.313175926437
0.000000000000	0.000000000000	0.000000000000	1.000000000000
30	31	38
0.954773818972	-0.006756593484	0.297256291861	-0.072499130061
0.008961733521	0.999941503446	-0.006056155382	-0.004643250061
-0.297197984412	0.008446190278	0.954778518784	0.671363284273
0.000000000000	0.000000000000	0.000000000000	1.000000000000
31	32	38
0.824482354451	-0.043912960891	0.564181264368	-0.458071549969
0.034154170654	0.999028545033	0.027847061547	-0.036882730445
-0.564856034601	-0.003690267686	0.825181217733	0.287006373817
0.000000000000	0.000000000000	0.000000000000	1.000000000000
31	33	38
0.651775308927	-0.080480054100	0.754129900988	-0.981972763620
0.080959361667	0.996055185340	0.036326980545	0.091834710823
-0.754078595659	0.037376846431	0.655719789941	0.169527985742
0.000000000000	0.000000000000	0.000000000000	1.000000000000
31	34	38
0.459566753192	-0.008479723093	0.888102749493	-1.355454521241
0.105725437191	0.993366414600	-0.045224974022	0.077610924229
-0.881827948804	0.114678945935	0.457414700319	0.294033903583
0.000000000000	0.000000000000	0.000000000000	1.000000000000
31	35	38
0.455382443910	0.110973420191	0.883352551244	-1.382331551428
0.102464390583	0.979075112818	-0.175820852357	0.130556825695
-0.884379940094	0.170577910270	0.434482793776	0.269868983925
0.000000000000	0.000000000000	0.000000000000	1.000000000000
31	36	38
0.554226247928	0.138035036712	0.820840785261	-1.399199345248
0.088541290714	0.970781719771	-0.223032043430	0.086846362472
-0.827643465476	0.196288515195	0.525810909792	0.254880493794
0.000000000000	0.000000000000	0.000000000000	1.000000000000
31	37	38
0.453106112052	-0.013150963228	0.891359581419	-1.523398384829
0.031136291189	0.999514563696	-0.001080893268	0.044025111938
-0.890912668331	0.028243390828	0.453295630116	0.438753040384
0.000000000000	0.000000000000	0.000000000000	1.000000000000
32	33	38
0.961997832218	-0.042516983973	0.269726670690	-0.443198625754
0.035799903884	0.998915284104	0.029776199640	0.029731516863
-0.270700088086	-0.018988450619	0.962476441817	-0.379370029233
0.000000000000	0.000000000000	0.000000000000	1.000000000000
32	34	38
0.874314320436	-0.009125598963	0.485274347688	-0.828086772770
0.056985428586	0.994838186230	-0.083962159018	0.111736731380
-0.482003246887	0.101062884689	0.870321298906	-0.470148233512
0.000000000000	0.000000000000	0.000000000000	1.000000000000
32	35	38
0.861737103608	0.061626442124	0.503598397432	-0.858165187823
0.046923176582	0.978660645264	-0.200053885016	0.097358833117
-0.505180541752	0.196024291968	0.840456481439	-0.502430744893
0.000000000000	0.000000000000	0.000000000000	1.000000000000
32	36	38
0.928443189143	0.050748646349	0.367991602387	-0.786221593280
0.047197967144	0.966480345952	-0.252364999130	0.105738642964
-0.368463833274	0.251675020179	0.894926861697	-0.535085145842
0.000000000000	0.000000000000	0.000000000000	1.000000000000
32	37	38
0.886858035586	0.026867113217	0.461260211751	-0.887348497097
-0.013374898255	0.999382386388	-0.032495505460	0.081492785861
-0.461848391589	0.022649591737	0.886669644896	-0.500548094232
0.000000000000	0.000000000000	0.000000000000	1.000000000000
33	34	38
0.971951982315	-0.000154936234	0.235179335972	-0.348566993604
0.030008904517	0.991907192351	-0.123367691928	0.095195739141
-0.233256960718	0.126964946961	0.964090811345	-0.180758324245
0.000000000000	0.000000000000	0.000000000000	1.000000000000
33	35	38
0.971271869302	0.006882914035	0.237873036298	-0.343793485662
0.049699302296	0.971672782060	-0.231045415353	0.105731156543
-0.232725020688	0.236230036403	0.943416363355	-0.227083230302
0.000000000000	0.000000000000	0.000000000000	1.000000000000
33	36	38
0.994870985098	0.014380380577	0.100124560751	-0.283850483279
0.014509196400	0.959319281442	-0.281950349306	0.068396349702
-0.100105975001	0.281956948679	0.954190270785	-0.254418358961
0.000000000000	0.000000000000	0.000000000000	1.000000000000
33	37	38
0.979828925418	0.055152091437	0.192076869311	-0.367919847987
-0.043341331898	0.996933105892	-0.065160657801	0.063358674525
-0.195081536450	0.055521429970	0.979214258960	-0.247901764153
0.000000000000	0.000000000000	0.000000000000	1.000000000000
34	35	38
0.999960839305	-0.008298057652	0.003076051849	0.022855810312
0.008647801734	0.990054518738	-0.140418180628	0.082149397491
-0.001880260874	0.140439282841	0.990087507473	-0.039069161513
0.000000000000	0.000000000000	0.000000000000	1.000000000000
34	36	38
0.991845646014	-0.001732572322	-0.127433169450	0.068586493743
-0.020764521885	0.984349652591	-0.174998845927	0.005753597184
0.125741994234	0.176217932226	0.976286941042	-0.050974231744
0.000000000000	0.000000000000	0.000000000000	1.000000000000
34	37	38
0.996756293706	0.069906366087	-0.039874690442	-0.011829562352
-0.068037094108	0.996600719185	0.046453851788	-0.013194298429
0.042986565141	-0.043590211071	0.998124265168	-0.055073242977
0.000000000000	0.000000000000	0.000000000000	1.000000000000
35	36	38
0.992004598220	-0.013244519312	-0.125504819905	0.024430582470
0.010877825498	0.999750211665	-0.019524015692	-0.108375213481
0.125732056468	0.018002693812	0.991900878612	-0.008827501549
0.000000000000	0.000000000000	0.000000000000	1.000000000000
35	37	38
0.997289188550	0.053613879969	-0.050396689135	-0.015218409683
-0.043282935474	0.981320344792	0.187448575334	-0.071974393964
0.059505141777	-0.184759120946	0.980980736472	-0.017768621199
0.000000000000	0.000000000000	0.000000000000	1.000000000000
36	37	38
0.994634007384	0.061360326840	0.083295267844	-0.057943509344
-0.078806945460	0.970993341868	0.225746307601	-0.031844546543
-0.067027283269	-0.231099200212	0.970618618696	0.010066456252
0.000000000000	0.000000000000	0.000000000000	1.000000000000
