1	2	60
0.867318009380	-0.108151876681	0.485862781221	-0.192283026546
0.095633746018	0.994130981238	0.050574487307	0.037555511165
-0.488480969157	0.002600714162	0.872570672815	0.281525376155
0.000000000000	0.000000000000	0.000000000000	1.000000000000
2	3	60
0.842282749591	-0.140885819385	0.520298909894	-0.542169462244
0.129332106545	0.989864410748	0.058665616431	-0.016901884394
-0.523290527296	0.017878317335	0.851966777411	0.136003533259
0.000000000000	0.000000000000	0.000000000000	1.000000000000
2	5	60
0.712133394732	-0.151799684637	0.685436272641	-1.021775192631
0.108579671348	0.988410638366	0.106088948225	-0.091785816726
-0.693596772684	-0.001125037630	0.720362583157	0.241776385287
0.000000000000	0.000000000000	0.000000000000	1.000000000000
2	7	60
0.839658174594	-0.088122341922	0.535918466459	-0.931609231562
0.110043055351	0.993886212987	-0.008984520206	-0.071989775097
-0.531850238137	0.066518031304	0.844221935101	0.357418747780
0.000000000000	0.000000000000	0.000000000000	1.000000000000
3	4	60
0.960746128924	-0.024410920500	0.276353003817	-0.347957861281
-0.001420382086	0.995675515236	0.092888378570	0.061109230585
-0.277425410288	-0.089634676990	0.956556724093	-0.364688542913
0.000000000000	0.000000000000	0.000000000000	1.000000000000
3	5	60
0.975593696551	0.030824088440	0.217409325517	-0.456784125764
-0.039181397980	0.998645508867	0.034233984159	-0.015203892315
-0.216059615158	-0.041916860461	0.975479994416	-0.166826277542
0.000000000000	0.000000000000	0.000000000000	1.000000000000
3	6	60
0.985979784626	0.037336147056	0.162634179780	-0.464136992293
-0.002220612348	0.977495957795	-0.210942459870	-0.117075355262
-0.166850032037	0.207623853683	0.963874163048	-0.000792431034
0.000000000000	0.000000000000	0.000000000000	1.000000000000
3	7	60
0.999176620777	0.005429991768	-0.040206910880	-0.304385010028
-0.007405229597	0.998764347236	-0.049142051901	-0.040056941090
0.039890388162	0.049399330763	0.997982195759	-0.015657174878
0.000000000000	0.000000000000	0.000000000000	1.000000000000
3	38	60
0.419091599991	-0.496117975270	0.760413825119	-2.207492165939
0.337519700089	0.862621412638	0.376782099509	-0.531203654328
-0.842877620340	0.098748433266	0.528966978230	1.430169471491
0.000000000000	0.000000000000	0.000000000000	1.000000000000
3	39	60
0.098216753494	-0.309163164942	0.945923679150	-2.201549826277
0.266341859401	0.924010820600	0.274346527852	-0.595177528290
-0.958861555838	0.224993646258	0.173096435202	1.516793848602
0.000000000000	0.000000000000	0.000000000000	1.000000000000
3	40	60
0.056204703325	-0.437547650017	0.897436953378	-1.909481977780
0.234700698249	0.879460022540	0.414084111015	-0.607965313151
-0.970441452930	0.187355604981	0.152122528629	1.758540057174
0.000000000000	0.000000000000	0.000000000000	1.000000000000
3	41	60
-0.161914176472	-0.504040666803	0.848367140846	-1.656732877992
0.203457685391	0.824188321791	0.528505989066	-0.786393761209
-0.965602801214	0.258179426819	-0.030896825970	1.825258124075
0.000000000000	0.000000000000	0.000000000000	1.000000000000
3	45	60
-0.133517216539	-0.034048201130	0.990461444422	-1.999046232172
0.220216317776	0.973404921967	0.063147694140	-0.788303419342
-0.966270110411	0.226547076542	-0.122468346267	1.676796487213
0.000000000000	0.000000000000	0.000000000000	1.000000000000
3	46	60
0.063394830059	-0.193706074095	0.979009219763	-2.448839571900
0.222094567602	0.959120718948	0.175389422504	-0.647885024079
-0.972962023187	0.206313846707	0.103824361752	1.635079769634
0.000000000000	0.000000000000	0.000000000000	1.000000000000
3	47	60
-0.120696606589	-0.484733389902	0.866294332125	-1.706351912863
0.216445679852	0.838826944194	0.499520395347	-0.714445390520
-0.968805241951	0.247796082309	0.003674882444	1.723396000644
0.000000000000	0.000000000000	0.000000000000	1.000000000000
4	5	60
0.996624932127	0.027690536158	-0.077278579636	-0.133720080580
-0.032539553064	0.997532486244	-0.062210259391	-0.086480031642
0.075365258240	0.064514905986	0.995066784068	0.157315240409
0.000000000000	0.000000000000	0.000000000000	1.000000000000
4	6	60
0.987439706138	-0.032577121685	-0.154601286812	-0.102302502195
-0.025471225212	0.932889601912	-0.359260639830	-0.065932020597
0.155929610489	0.358686104815	0.920342455168	0.322263335507
0.000000000000	0.000000000000	0.000000000000	1.000000000000
4	7	60
0.942381299149	0.015187853213	-0.334195775151	-0.025158354177
-0.064547127557	0.988453077253	-0.137091875737	-0.115233923206
0.328254711067	0.150764197288	0.932480027389	0.324735895643
0.000000000000	0.000000000000	0.000000000000	1.000000000000
4	38	60
0.665487870303	-0.509580843788	0.545392755841	-2.218991359566
0.409920748454	0.860151590530	0.303486772850	-0.708990745734
-0.623771492188	0.021601040547	0.781308211003	1.054441803344
0.000000000000	0.000000000000	0.000000000000	1.000000000000
4	39	60
0.348001069397	-0.339655415319	0.873801724960	-2.311458203812
0.344956706653	0.913062917101	0.217533859319	-0.730248580032
-0.871722505293	0.225721749637	0.434913285044	1.278712001527
0.000000000000	0.000000000000	0.000000000000	1.000000000000
4	40	60
0.376482685976	-0.487226598957	0.787953696881	-2.029347380498
0.322774635329	0.866225757290	0.381404604318	-0.832511556558
-0.868376255979	0.110739237289	0.483383387567	1.432411417157
0.000000000000	0.000000000000	0.000000000000	1.000000000000
4	41	60
0.146881242100	-0.555862619189	0.818194750232	-1.847254951087
0.300104198115	0.813220081067	0.498608634124	-0.971080418850
-0.942530302427	0.172307423919	0.286263481201	1.580873151190
0.000000000000	0.000000000000	0.000000000000	1.000000000000
4	46	60
0.365598075623	-0.244711529125	0.898028014382	-2.537142267843
0.292035667799	0.946258143618	0.138962924444	-0.839753088446
-0.883772151538	0.211451633122	0.417414651175	1.192889715580
0.000000000000	0.000000000000	0.000000000000	1.000000000000
4	47	60
0.169684897783	-0.512780907219	0.841583493574	-1.915268851369
0.292514883890	0.841688876278	0.453866586403	-0.876027286051
-0.941085584932	0.169161392586	0.292817938472	1.546896617544
0.000000000000	0.000000000000	0.000000000000	1.000000000000
5	6	60
0.997473121113	-0.040945665738	-0.058058807386	-0.014781970300
0.026231548525	0.971728768311	-0.234638246455	-0.147542910988
0.066024832599	0.232522371600	0.970347395620	0.149889750967
0.000000000000	0.000000000000	0.000000000000	1.000000000000
5	7	60
0.969749133467	-0.005424890626	-0.244043415610	0.081511121795
-0.008700740518	0.998349572967	-0.056766427330	-0.091103457282
0.243948591419	0.057172552147	0.968101432715	0.173750006164
0.000000000000	0.000000000000	0.000000000000	1.000000000000
5	38	60
0.564318100364	-0.528706383120	0.634046245986	-2.056359241927
0.387664083179	0.847786345320	0.361904505778	-0.609320613943
-0.728876971933	0.041567693429	0.683381655189	1.194171228519
0.000000000000	0.000000000000	0.000000000000	1.000000000000
5	39	60
0.259206388660	-0.379914925154	0.887962103765	-2.075243644257
0.294153141229	0.906760632814	0.302091185378	-0.710589048962
-0.919938029208	0.182892876907	0.346791317645	1.327380124499
0.000000000000	0.000000000000	0.000000000000	1.000000000000
5	40	60
0.270146645482	-0.489095573611	0.829340888784	-1.818161299113
0.287306520713	0.863073320447	0.415402704238	-0.661507334092
-0.918953618574	0.126055398168	0.373676709874	1.509592142827
0.000000000000	0.000000000000	0.000000000000	1.000000000000
5	45	60
0.049834444171	-0.034113592419	0.998174729687	-1.971667628662
0.254495837652	0.966859996825	0.020337530736	-0.692330646251
-0.965789002211	0.253017804415	0.056864697811	1.461356727301
0.000000000000	0.000000000000	0.000000000000	1.000000000000
5	46	60
0.291588409561	-0.275428834245	0.916032290193	-2.297195384257
0.286950942838	0.938728833031	0.190911849922	-0.740793228559
-0.912488551059	0.207188646656	0.352757011104	1.221040638237
0.000000000000	0.000000000000	0.000000000000	1.000000000000
6	7	60
0.979447498415	0.022152668579	-0.200479069040	0.146632851094
0.017469046941	0.980898626501	0.193733623638	0.018557049789
0.200941360220	-0.193254091299	0.960351719918	0.019272432493
0.000000000000	0.000000000000	0.000000000000	1.000000000000
6	46	60
0.196928836055	-0.233567593679	0.952189693660	-2.291982731036
0.057920045356	0.972283407266	0.226517646776	-0.209363045606
-0.978705421399	0.010543013719	0.204998885328	1.428611143407
0.000000000000	0.000000000000	0.000000000000	1.000000000000
7	38	60
0.361536855940	-0.530444872543	0.766758983639	-1.767573311166
0.339482297623	0.840828150574	0.421615690889	-0.497380802192
-0.868356419564	0.107871490190	0.484067010037	1.568228511520
0.000000000000	0.000000000000	0.000000000000	1.000000000000
7	46	60
0.086216404493	-0.229853236931	0.969398896775	-2.002201616019
0.212918093475	0.954792622960	0.207453446856	-0.604770239062
-0.973258761619	0.188516674630	0.131258699974	1.584822818982
0.000000000000	0.000000000000	0.000000000000	1.000000000000
8	9	60
-0.990726135656	-0.055917938103	0.123834196919	-1.039589896223
-0.027853233182	-0.808454481193	-0.587899267936	2.060824781556
0.132988426299	-0.585896352640	0.799399488637	0.388043353243
0.000000000000	0.000000000000	0.000000000000	1.000000000000
8	35	60
0.992859235797	-0.091645556228	-0.076365109286	-0.653220839827
0.099620611711	0.989129041920	0.108164098264	-0.205948966268
0.065622188435	-0.114999262843	0.991195691037	-0.231131961294
0.000000000000	0.000000000000	0.000000000000	1.000000000000
8	36	60
0.884495926817	-0.386748156105	0.260946008198	-1.448233873294
0.383221182902	0.921263367282	0.066447972728	-0.559205671263
-0.266098629120	0.041227076712	0.963063781754	0.394569508548
0.000000000000	0.000000000000	0.000000000000	1.000000000000
8	37	60
0.806783538737	-0.415118825936	0.420448191787	-1.444677281932
0.299202156164	0.900656760025	0.315111837875	-0.601686753793
-0.509488362350	-0.128428038121	0.850839495824	1.000082416084
0.000000000000	0.000000000000	0.000000000000	1.000000000000
8	38	60
-0.110985014298	-0.557831782690	0.822499865545	-1.040853613702
0.454305698723	0.707601526067	0.541208289309	-0.774184461745
-0.883905344881	0.433732385843	0.174892992317	1.415649871352
0.000000000000	0.000000000000	0.000000000000	1.000000000000
9	10	60
0.811942339054	0.141536009168	-0.566318987991	0.367945717943
-0.235441973181	0.967150912118	-0.095844616201	-0.153845445640
0.534150461308	0.211155561847	0.818594291078	0.501321038809
0.000000000000	0.000000000000	0.000000000000	1.000000000000
9	11	60
0.793708592026	-0.090743341559	-0.601491743007	0.430456230951
-0.209670939215	0.887403633453	-0.410551931652	-0.274832415749
0.571020812398	0.451973934312	0.685313646815	0.474905284675
0.000000000000	0.000000000000	0.000000000000	1.000000000000
9	32	60
0.664926021848	-0.087686521871	0.741744200754	-1.978780022339
0.344544280810	0.917121549280	-0.200442765915	-0.131600752346
-0.662693461588	0.388843333142	0.640029872928	-0.438223962907
0.000000000000	0.000000000000	0.000000000000	1.000000000000
9	33	60
-0.300470164116	-0.691251743273	-0.657182400782	1.837805607382
-0.789178887872	-0.206770588537	0.578310130167	-1.263040449839
-0.535643877416	0.692399415899	-0.483392889324	3.462761069322
0.000000000000	0.000000000000	0.000000000000	1.000000000000
9	35	60
0.846613769397	-0.307206721766	0.434590790939	-1.697657988715
0.252013149440	0.950636175668	0.181053124858	-0.408205744781
-0.468758464432	-0.043759474555	0.882241809489	0.026823686089
0.000000000000	0.000000000000	0.000000000000	1.000000000000
9	36	60
0.564677198192	-0.387834138193	0.728508299949	-1.464151564093
0.372096924493	0.907538202263	0.194726192939	-0.572614147184
-0.736670578091	0.161118256836	0.656778019341	0.505644882765
0.000000000000	0.000000000000	0.000000000000	1.000000000000
9	37	60
0.357800481308	-0.642765243300	0.677371137251	-0.943794045719
0.449202231060	0.754423871859	0.478604196784	-0.580942637165
-0.818655099041	0.133031814143	0.558664805800	0.867071459919
0.000000000000	0.000000000000	0.000000000000	1.000000000000
10	11	60
0.998704309825	-0.042836597954	-0.027472302658	0.067174666069
0.029769856243	0.929624611793	-0.367303466915	-0.014851175253
0.041272959633	0.366009708921	0.929695345680	-0.028161335851
0.000000000000	0.000000000000	0.000000000000	1.000000000000
10	12	60
0.943226360369	-0.046410578103	-0.328892218433	0.167820681040
-0.057138146764	0.952756899872	-0.298311116002	-0.076299082988
0.327199121774	0.300167200050	0.896013608560	0.345734465747
0.000000000000	0.000000000000	0.000000000000	1.000000000000
10	32	60
0.121157392132	-0.137594623757	0.983050662909	-2.315420889312
0.411035963179	0.908404660398	0.076487972525	-0.455092492855
-0.903532137395	0.394802092801	0.166616278359	0.370066381730
0.000000000000	0.000000000000	0.000000000000	1.000000000000
10	33	60
0.619134935840	-0.220470911089	0.753700543045	-2.142253476900
0.349255910431	0.936939563942	-0.012828193489	-0.434873777318
-0.703343614637	0.271176752107	0.657092785584	0.354837611395
0.000000000000	0.000000000000	0.000000000000	1.000000000000
10	35	60
0.420647374153	-0.471413612932	0.775129016462	-1.840361229749
0.148608861306	0.878659933348	0.453731338867	-0.689817719837
-0.894969939696	-0.075669855763	0.439662233958	0.874286303645
0.000000000000	0.000000000000	0.000000000000	1.000000000000
10	36	60
-0.006061145854	-0.476427246831	0.879193005539	-1.327206896426
0.370427389233	0.815591363873	0.444515777539	-0.643366475244
-0.928841650561	0.328371444636	0.171538282989	0.965164527907
0.000000000000	0.000000000000	0.000000000000	1.000000000000
11	12	60
0.951148866750	-0.013941047580	-0.308417704538	0.116256529720
0.033501154345	0.997741701944	0.058216568593	0.098253270151
0.306909605483	-0.065704972366	0.949467930300	0.385044461343
0.000000000000	0.000000000000	0.000000000000	1.000000000000
11	32	60
0.129012740006	-0.191625656699	-0.972951859349	3.174534823217
-0.916577988969	0.351423745166	-0.190751517611	0.376501604737
0.378471271107	0.916395634553	-0.130301718785	1.607723440515
0.000000000000	0.000000000000	0.000000000000	1.000000000000
11	33	60
-0.431760609416	-0.040980117344	-0.901056827364	2.993821707719
-0.782791738987	0.513334821993	0.351744870472	-0.002284628530
0.448129300014	0.857209420452	-0.253716652898	1.680965415130
0.000000000000	0.000000000000	0.000000000000	1.000000000000
13	14	60
0.907076116935	0.061779175285	-0.416408755416	0.037049352974
-0.037919544745	0.997142536203	0.065336594804	-0.116955073763
0.419255323415	-0.043475234276	0.906826817972	0.462651216223
0.000000000000	0.000000000000	0.000000000000	1.000000000000
13	15	60
0.890994970220	0.183165020944	-0.415425731203	-0.002503433157
-0.069422302325	0.959212173668	0.274030198749	-0.105420325776
0.448674165718	-0.215319718068	0.867368959571	0.597947901839
0.000000000000	0.000000000000	0.000000000000	1.000000000000
13	16	60
0.890028231542	0.151733396160	-0.429914786380	-0.251279056778
-0.047234502024	0.968606258556	0.244071337327	-0.185011319066
0.453451925651	-0.196923569884	0.869253966771	0.932473478434
0.000000000000	0.000000000000	0.000000000000	1.000000000000
14	15	60
0.998942098724	0.044682926770	-0.010868277365	0.006633083856
-0.041800457928	0.980814440133	0.190409442367	0.026578826048
0.019167814549	-0.189753709005	0.981644602086	0.122137514096
0.000000000000	0.000000000000	0.000000000000	1.000000000000
14	16	60
0.999694305446	0.011519320602	-0.021876949317	-0.109734687488
-0.008286691946	0.989761702987	0.142488954090	-0.065307983747
0.023294342557	-0.142264108453	0.989554595286	0.564607049986
0.000000000000	0.000000000000	0.000000000000	1.000000000000
15	16	60
0.999608562384	-0.027419970675	0.005555827338	-0.108491369297
0.027800684914	0.995790322085	-0.087342752189	-0.083586788423
-0.003137503391	0.087463018756	0.996162826260	0.406665624973
0.000000000000	0.000000000000	0.000000000000	1.000000000000
15	57	60
0.816397875988	-0.059248902842	0.574442404070	-2.274101890995
0.237652728137	0.941057649044	-0.240690012224	-0.465025285659
-0.526322799136	0.333016619236	0.782358129262	0.244944446471
0.000000000000	0.000000000000	0.000000000000	1.000000000000
16	24	60
0.981490418578	0.142683854736	-0.127741441346	-0.253110779623
-0.057537824816	0.855899828459	0.513930814759	-0.500772935262
0.182663507453	-0.497068205824	0.848267199533	1.364405237025
0.000000000000	0.000000000000	0.000000000000	1.000000000000
16	55	60
0.685680463518	-0.154349851873	0.711349720726	-1.834096670977
0.170608542262	0.984115637088	0.049082972067	-0.264068678276
-0.707626333072	0.087707103854	0.701122269420	0.189628802544
0.000000000000	0.000000000000	0.000000000000	1.000000000000
16	56	60
0.824229426681	-0.068964732038	0.562040672842	-1.580415057601
0.231864080366	0.946636562154	-0.223871095566	-0.291691763240
-0.516609040213	0.314838188485	0.796236155071	-0.079645472103
0.000000000000	0.000000000000	0.000000000000	1.000000000000
16	57	60
0.800287440456	-0.035152533155	0.598585258807	-2.228901827879
0.186782040485	0.963225710364	-0.193154601926	-0.298336776654
-0.569782837580	0.266384178032	0.777423300200	-0.058857960550
0.000000000000	0.000000000000	0.000000000000	1.000000000000
16	58	60
0.501572689403	-0.626623557706	0.596462701409	-1.497379087586
0.256819164083	0.766229704227	0.589012697079	-2.514529145159
-0.826116671061	-0.142249630184	0.545248831735	0.100437142225
0.000000000000	0.000000000000	0.000000000000	1.000000000000
17	18	60
0.995304548991	0.063243654791	-0.073274107887	-0.299988504684
-0.066923142792	0.996559287025	-0.048896629780	-0.119857340885
0.069929591139	0.053570771636	0.996112455855	0.299644980135
0.000000000000	0.000000000000	0.000000000000	1.000000000000
17	19	60
0.999221072443	-0.008369024017	0.038564333572	-0.620878490086
0.009941411932	0.999119368014	-0.040763424644	-0.232571458019
-0.038189222507	0.041115056815	0.998424326320	0.515776909914
0.000000000000	0.000000000000	0.000000000000	1.000000000000
17	20	60
0.854489724453	-0.243114478103	0.459067164303	-0.556257538890
0.178107752860	0.967271843004	0.180728553648	-0.207626942258
-0.487980470076	-0.072667270961	0.869824423982	0.488114893757
0.000000000000	0.000000000000	0.000000000000	1.000000000000
17	21	60
0.772732414674	-0.405652274459	0.488191404613	-0.515688845710
0.248537854250	0.901088450947	0.355342846522	-0.249201192972
-0.584049270453	-0.153250891664	0.797120200401	0.502426563334
0.000000000000	0.000000000000	0.000000000000	1.000000000000
17	22	60
0.800335492464	-0.399637109548	0.446937669227	-0.576801131129
0.192053145268	0.877057394183	0.440324785472	-0.336341536221
-0.567960112063	-0.266571768912	0.778691725348	0.650006193756
0.000000000000	0.000000000000	0.000000000000	1.000000000000
17	54	60
0.955603678430	-0.222770418392	0.192859924452	-1.458139110138
0.162246805707	0.944182670748	0.286696805523	0.162609734612
-0.245962565868	-0.242677615261	0.938408222067	-1.022544071560
0.000000000000	0.000000000000	0.000000000000	1.000000000000
17	55	60
0.935521530638	0.025790461636	0.352327004077	-1.538269789159
0.017638459558	0.992677611945	-0.119499135927	0.344944249469
-0.352829066912	0.118008520164	0.928216374942	-1.020160447308
0.000000000000	0.000000000000	0.000000000000	1.000000000000
17	56	60
0.982868811028	0.018847278233	0.183340340384	-1.269424928560
0.048378063585	0.933494802383	-0.355312562243	0.284925079555
-0.177843929536	0.358095286240	0.916591131694	-1.193353046024
0.000000000000	0.000000000000	0.000000000000	1.000000000000
17	57	60
0.985492600153	-0.077021609080	0.151234939017	-1.692939529592
0.120473003372	0.945119105266	-0.303704020913	0.238223949501
-0.119543257874	0.317517792565	0.940686909073	-1.533126813936
0.000000000000	0.000000000000	0.000000000000	1.000000000000
17	58	60
0.835428901505	-0.078570591930	0.543953318414	-2.218923330044
0.176458992386	0.975674316621	-0.130084018587	-0.090099703266
-0.520500503876	0.204661403224	0.828971010045	-1.536270567999
0.000000000000	0.000000000000	0.000000000000	1.000000000000
18	19	60
0.994570699384	-0.059729499553	0.085214498823	-0.278529324087
0.062620246983	0.997535099694	-0.031661167793	-0.093849433911
-0.083113347871	0.036825422758	0.995859457777	0.217530200890
0.000000000000	0.000000000000	0.000000000000	1.000000000000
18	20	60
0.833400466105	-0.310314827197	0.457327422224	-0.195229933454
0.275979546499	0.950601925882	0.142095983136	0.002287624742
-0.478830818777	0.007790156010	0.877872633392	0.180944395111
0.000000000000	0.000000000000	0.000000000000	1.000000000000
18	21	60
0.811818213340	-0.355847659268	0.462951003760	-0.146744008376
0.254708362677	0.929249155657	0.267618490942	-0.002362596505
-0.525428242933	-0.099340073006	0.845018763948	0.195673724630
0.000000000000	0.000000000000	0.000000000000	1.000000000000
18	22	60
0.711181497094	-0.378508567822	0.592412138867	-0.321396836233
0.136704619236	0.901054737889	0.411597140913	-0.156000916404
-0.689588808836	-0.211734794999	0.692557327097	0.388690805139
0.000000000000	0.000000000000	0.000000000000	1.000000000000
18	23	60
0.945548363556	-0.244318059144	0.215051105908	-0.399068199943
0.157629737129	0.921798978671	0.354174404629	-0.230014760585
-0.284765092925	-0.300990579417	0.910117307248	0.503314190712
0.000000000000	0.000000000000	0.000000000000	1.000000000000
18	54	60
0.917355973128	-0.258672653376	0.302566483539	-1.357258873228
0.161180836239	0.936364253047	0.311837655914	0.260616157661
-0.363976313234	-0.237298217464	0.900672415139	-1.189143393815
0.000000000000	0.000000000000	0.000000000000	1.000000000000
18	55	60
0.923205603017	-0.087963778563	0.374103980491	-1.250740671592
0.120451568742	0.990633426444	-0.064318224474	0.351433701118
-0.364942233985	0.104440356533	0.925153704949	-1.292808252744
0.000000000000	0.000000000000	0.000000000000	1.000000000000
18	56	60
0.928759610007	-0.069795756052	0.364052385320	-1.331008364329
0.168502158539	0.954271838771	-0.246925657429	0.128337367784
-0.330170576199	0.290678190043	0.898049876369	-1.366001672081
0.000000000000	0.000000000000	0.000000000000	1.000000000000
18	57	60
0.960723454924	-0.014963512177	0.277103836966	-1.707066815224
0.086362359084	0.965081065722	-0.247305639885	0.259835394418
-0.263727105341	0.261523669845	0.928468299954	-1.638027233034
0.000000000000	0.000000000000	0.000000000000	1.000000000000
18	58	60
0.756647383595	-0.089868947573	0.647617409557	-2.161295008511
0.247157256079	0.956325620227	-0.156059600360	0.140960437242
-0.605308208821	0.278145430232	0.745813040899	-1.571352541360
0.000000000000	0.000000000000	0.000000000000	1.000000000000
19	20	60
0.880293885002	-0.228736984641	0.415646566069	0.074001492817
0.170058526156	0.970013518483	0.173648701813	0.069820163578
-0.442902668438	-0.082177647917	0.892795643176	-0.032114912042
0.000000000000	0.000000000000	0.000000000000	1.000000000000
19	22	60
0.785464032110	-0.355236776365	0.506806755065	-0.023458816582
0.174400504804	0.912730111387	0.369470171586	-0.006341761676
-0.593827178719	-0.201818176797	0.778870146641	0.138025853471
0.000000000000	0.000000000000	0.000000000000	1.000000000000
19	23	60
0.986878066220	-0.113575515993	0.114770573675	-0.136621424576
0.055534698599	0.906183789283	0.419221704224	-0.143136137288
-0.151616554724	-0.407346955565	0.900600287656	0.273898026230
0.000000000000	0.000000000000	0.000000000000	1.000000000000
19	54	60
0.948817130591	-0.165039663852	0.269273025110	-0.969283887030
0.087246465471	0.956390700941	0.278755953149	0.487797061861
-0.303536006034	-0.240995303915	0.921839007925	-1.464073878121
0.000000000000	0.000000000000	0.000000000000	1.000000000000
19	55	60
0.942483888803	-0.081115629882	0.324259732216	-0.919034906822
0.112346951016	0.990543295425	-0.078753682365	0.510747538629
-0.314805149172	0.110653669064	0.942684190796	-1.560972551735
0.000000000000	0.000000000000	0.000000000000	1.000000000000
19	56	60
0.969576528218	-0.019075485420	0.244044016081	-0.833969636015
0.102540205380	0.936923997638	-0.334154049700	0.479726646026
-0.222276544444	0.349012246928	0.910375521026	-1.650370175054
0.000000000000	0.000000000000	0.000000000000	1.000000000000
19	57	60
0.986370924471	-0.045112744201	0.158231601357	-1.141036027840
0.086873051263	0.959498840993	-0.267983296303	0.425200714669
-0.139733576214	0.278076993733	0.950340840559	-2.023411721672
0.000000000000	0.000000000000	0.000000000000	1.000000000000
19	58	60
0.833703816725	-0.068691051647	0.547922882714	-1.613589801130
0.219613269029	0.951634161675	-0.214854449337	0.445425587681
-0.506663555078	0.299456109901	0.808466499119	-1.971835280409
0.000000000000	0.000000000000	0.000000000000	1.000000000000
20	21	60
0.988336645689	-0.034945167576	0.148221152512	-0.044464759722
0.018885827646	0.993927768351	0.108401645817	-0.044486590638
-0.151109233017	-0.104338039874	0.982995205040	0.036272288438
0.000000000000	0.000000000000	0.000000000000	1.000000000000
20	22	60
0.989998266482	-0.085280277876	0.112386416297	-0.124102857266
0.054911333002	0.966724722447	0.249856071605	-0.122134285104
-0.129954522317	-0.241185789829	0.961738653125	0.092897235086
0.000000000000	0.000000000000	0.000000000000	1.000000000000
20	23	60
0.969396714875	-0.067961184851	-0.235905249080	-0.380984263631
0.105112639496	0.983285498137	0.148663923571	-0.122251113032
0.221858833964	-0.168910942532	0.960337311201	0.117776234837
0.000000000000	0.000000000000	0.000000000000	1.000000000000
20	54	60
0.968764847209	0.143033529250	-0.202573641729	0.020866681966
-0.113720712694	0.982177057792	0.149652352641	0.707066075762
0.220368487578	-0.121941119630	0.967764482209	-1.645598297992
0.000000000000	0.000000000000	0.000000000000	1.000000000000
20	55	60
0.187845438125	0.979838284410	0.068051655240	0.232116370379
0.010301913407	-0.071246720270	0.997405522058	-1.509731294720
0.982144572838	-0.186657015020	-0.023477580543	1.475836953917
0.000000000000	0.000000000000	0.000000000000	1.000000000000
20	56	60
0.906603553405	0.037465472314	-0.420316946289	0.505347315189
-0.120310794501	0.977659154674	-0.172359769111	-0.051120270326
0.404469170246	0.206830644890	0.890856764387	-1.867563201540
0.000000000000	0.000000000000	0.000000000000	1.000000000000
20	57	60
0.866235165875	-0.050344824067	-0.497093588866	0.428103140066
-0.169719184820	0.906103022618	-0.387521239039	0.886670131923
0.469927691997	0.420050843461	0.776353819596	-2.144086556729
0.000000000000	0.000000000000	0.000000000000	1.000000000000
20	58	60
0.987869157410	0.112431179868	-0.107115627396	-0.004451179966
-0.150686011083	0.860725317602	-0.486256777539	1.257532034689
0.037526709193	0.496498899729	0.867225800277	-2.327409748937
0.000000000000	0.000000000000	0.000000000000	1.000000000000
21	22	60
0.999639272388	0.021803786836	-0.015681835949	-0.140802340767
-0.021624569017	0.999699920378	0.011508571227	-0.014302855768
0.015928060584	-0.011165306824	0.999810798506	0.043152850498
0.000000000000	0.000000000000	0.000000000000	1.000000000000
21	54	60
0.977962683048	0.118154516965	-0.172129313847	-0.323640020160
-0.182532965333	0.884080400511	-0.430213391236	0.378514853498
0.101344497292	0.452151916454	0.886164734863	-0.068415815707
0.000000000000	0.000000000000	0.000000000000	1.000000000000
21	55	60
0.061711862223	0.996461763424	0.057057866190	0.067338111249
-0.278667843764	-0.037691696475	0.959647627449	-1.698815658390
0.958402774888	-0.075121834709	0.275355826227	1.037097887770
0.000000000000	0.000000000000	0.000000000000	1.000000000000
21	56	60
0.865622976351	-0.460656625010	-0.196194639702	0.406825148401
0.091657011725	0.531010505979	-0.842393515373	1.626281636525
0.492235568621	0.711212567644	0.501877304339	-1.249518270317
0.000000000000	0.000000000000	0.000000000000	1.000000000000
21	57	60
0.879559981843	-0.057386577493	-0.472314534039	0.303441814279
-0.248607808076	0.790971264129	-0.559069420632	1.423073840946
0.405670304686	0.609156170490	0.681439919472	-1.924755594334
0.000000000000	0.000000000000	0.000000000000	1.000000000000
21	58	60
0.954254598505	-0.298801279558	-0.010768313084	-0.222888634628
-0.176719745041	-0.534590737066	-0.826427780000	3.110875854695
0.241181037697	0.790525482940	-0.562939755105	2.255527542555
0.000000000000	0.000000000000	0.000000000000	1.000000000000
22	23	60
0.858791071148	0.257217565796	-0.443076765316	-0.126525659000
-0.279036757851	0.960137906240	0.016543541616	-0.027385428953
0.429670087258	0.109427258248	0.896331016572	0.046649331327
0.000000000000	0.000000000000	0.000000000000	1.000000000000
22	54	60
0.950581539033	0.177109761750	-0.255003666527	0.155142054396
-0.222177931074	0.961747422344	-0.160246255987	1.399345534286
0.216867942751	0.208983319685	0.953569225332	-1.344920874669
0.000000000000	0.000000000000	0.000000000000	1.000000000000
22	55	60
0.944852756526	0.156482139845	-0.287691863622	0.355711199479
-0.269117800623	0.871584120497	-0.409776439398	1.232255201191
0.186624965834	0.464601399920	0.865630788108	-1.550652328267
0.000000000000	0.000000000000	0.000000000000	1.000000000000
22	56	60
0.896833745871	0.066172699075	-0.437390450472	0.573493154333
-0.354207706368	0.699732843450	-0.620411837852	1.338262750546
0.265002137758	0.711333340772	0.650982907064	-1.466568628691
0.000000000000	0.000000000000	0.000000000000	1.000000000000
22	57	60
0.812220814768	0.016399118821	-0.583119556317	0.765457766404
-0.354784991328	0.807368095255	-0.471470432469	1.289752445280
0.463060425847	0.589820165530	0.661579333375	-1.968488580190
0.000000000000	0.000000000000	0.000000000000	1.000000000000
22	58	60
0.991377061594	-0.082035120386	-0.102184934152	0.166349322254
0.009984537567	0.824820504932	-0.565306504167	1.513415781072
0.130659216108	0.559411631687	0.818527211264	-2.289453242465
0.000000000000	0.000000000000	0.000000000000	1.000000000000
23	24	60
0.703866961986	0.542513032355	-0.458531252532	0.067786047537
-0.479398243818	0.839142986836	0.256936512527	0.143687885117
0.524164691341	0.038969954704	0.850724819775	-0.073434325800
0.000000000000	0.000000000000	0.000000000000	1.000000000000
23	54	60
0.974267432222	0.045153011743	0.220826121740	-0.581512930119
-0.020543298204	0.993439754758	-0.112496340227	1.308640845503
-0.224456996797	0.105065023657	0.968803590721	-1.418726117900
0.000000000000	0.000000000000	0.000000000000	1.000000000000
23	55	60
0.955109663108	-0.140965473883	0.260565282819	-0.722314924613
0.251845053359	0.849524576125	-0.463553733303	1.351374641835
-0.156011539755	0.508366727603	0.846890588996	-1.456744868842
0.000000000000	0.000000000000	0.000000000000	1.000000000000
23	56	60
0.997643650286	-0.032834157042	0.060241722881	-0.311953475167
0.060779773843	0.830284507389	-0.554015754181	1.005057935453
-0.031827128930	0.556371777610	0.830323719367	-1.830186557894
0.000000000000	0.000000000000	0.000000000000	1.000000000000
23	57	60
0.952525235271	-0.007434715885	-0.304368857100	0.333224838234
-0.175460591723	0.803588550667	-0.568734579562	1.459513580074
0.248815708758	0.595138778972	0.764133873636	-2.096025794955
0.000000000000	0.000000000000	0.000000000000	1.000000000000
23	58	60
0.957383748351	0.113828286624	0.265442045571	-0.714258418144
0.083196056045	0.771415225161	-0.630870007726	1.761647509522
-0.276576887413	0.626068424019	0.729070335287	-2.037080969373
0.000000000000	0.000000000000	0.000000000000	1.000000000000
24	25	60
0.902564906058	0.200334685279	-0.381107077114	-0.132109530230
-0.304647205208	0.922639464830	-0.236487839638	-0.007130442290
0.304247712745	0.329548830694	0.893773403877	-0.094954883786
0.000000000000	0.000000000000	0.000000000000	1.000000000000
25	26	60
0.920227886475	0.222149152640	-0.322227234936	-0.065393653693
-0.222301822000	0.974282022809	0.036829878713	0.035034505795
0.322121928606	0.037739819977	0.945945648068	-0.129239890105
0.000000000000	0.000000000000	0.000000000000	1.000000000000
26	27	60
0.976249394936	0.057979169025	-0.208747538540	-0.107040357086
-0.066320421496	0.997246634103	-0.033177589770	0.081137966207
0.206249171102	0.046233826680	0.977406626072	-0.091127356672
0.000000000000	0.000000000000	0.000000000000	1.000000000000
26	28	60
0.908371723060	0.084792929380	-0.409476460706	-0.185649816799
-0.148530450123	0.980796993140	-0.126396058618	0.128517079119
0.390895789350	0.175634328578	0.903522586598	-0.237434204029
0.000000000000	0.000000000000	0.000000000000	1.000000000000
26	50	60
0.984943426676	-0.171423416938	-0.022370926960	-1.877624559461
0.172332783641	0.983847117644	0.048438216177	0.174026024326
0.013706127481	-0.051564146739	0.998575626000	-0.439685549274
0.000000000000	0.000000000000	0.000000000000	1.000000000000
26	51	60
0.822642876488	-0.199158181212	0.532536117668	-2.004591382043
0.230407618510	0.973061477528	0.007980619295	0.153972843456
-0.519779787118	0.116135179030	0.846369655112	-0.329688263203
0.000000000000	0.000000000000	0.000000000000	1.000000000000
27	28	60
0.982246140404	0.042855913307	-0.182635950340	-0.174752545883
-0.064325605684	0.991476143412	-0.113301692387	0.026153612089
0.176223540185	0.123038318174	0.976630347750	-0.122986691616
0.000000000000	0.000000000000	0.000000000000	1.000000000000
27	50	60
0.948822681477	-0.252927735740	0.189111288951	-1.824899799626
0.239440899951	0.966595677770	0.091437689965	-0.036235900705
-0.205921282402	-0.041477176963	0.977689147554	0.076865707869
0.000000000000	0.000000000000	0.000000000000	1.000000000000
27	51	60
0.644818510909	-0.315025195455	0.696396592623	-1.956301631697
0.378049777666	0.923312170549	0.067623970030	0.090540863350
-0.664294703874	0.219667389352	0.714463984019	0.243983499452
0.000000000000	0.000000000000	0.000000000000	1.000000000000
28	50	60
0.876967664538	-0.261551798753	0.403135674338	-1.681748104029
0.195743679197	0.960581001471	0.197404538113	-0.008731667774
-0.438875981809	-0.094206136648	0.893595588848	0.560219111207
0.000000000000	0.000000000000	0.000000000000	1.000000000000
28	51	60
0.496679897557	-0.312828083337	0.809597226797	-1.689998176066
0.245948272067	0.945280530217	0.214369229741	-0.128521053558
-0.832357211076	0.092646151934	0.546441363462	0.639232837118
0.000000000000	0.000000000000	0.000000000000	1.000000000000
29	41	60
-0.229144973410	-0.750246712365	-0.620179370623	2.385441951372
0.973234412182	-0.165110589131	-0.159853909248	-0.065641922881
0.017531688621	-0.640209625000	0.768000179656	1.403458510460
0.000000000000	0.000000000000	0.000000000000	1.000000000000
29	42	60
0.632351687141	0.215814388178	0.744013100440	-1.522604241068
-0.283365824611	0.958292774817	-0.037131754274	0.916884994699
-0.720995945351	-0.187347558265	0.667132474999	0.794129331617
0.000000000000	0.000000000000	0.000000000000	1.000000000000
29	43	60
0.668428405008	0.022963511597	0.743421915546	-1.799448756426
0.026169032808	0.998178325238	-0.054361868493	-0.004125802070
-0.743315982003	0.055791649548	0.666609812964	0.820938119604
0.000000000000	0.000000000000	0.000000000000	1.000000000000
29	45	60
-0.930678649164	-0.306070381479	0.200395043781	1.458762508354
0.266394600594	-0.942418092540	-0.202193114691	1.401474611292
0.250741238660	-0.134792657202	0.958623894340	1.461327730755
0.000000000000	0.000000000000	0.000000000000	1.000000000000
29	47	60
-0.432738582682	0.738484322692	-0.517086283125	2.312926654468
0.231619420312	0.645391936575	0.727888516422	-1.452884079445
0.871257575687	0.195218219798	-0.450333302639	3.423588986024
0.000000000000	0.000000000000	0.000000000000	1.000000000000
29	48	60
-0.292663292257	-0.834727179623	0.466453355613	-0.619048193723
0.037302314964	-0.497406977601	-0.866714968102	2.874860761367
0.955487694669	-0.236255866026	0.176710019819	1.246569036503
0.000000000000	0.000000000000	0.000000000000	1.000000000000
29	49	60
-0.277279731404	0.765255060861	-0.580948054802	1.618895605986
-0.522469748731	-0.627536458669	-0.577255017044	0.798247405255
-0.806313408182	0.143466668141	0.573825760069	2.249002504812
0.000000000000	0.000000000000	0.000000000000	1.000000000000
29	50	60
0.590932287228	-0.334971981260	0.733888822427	-1.469091072306
0.207022578388	0.942220824999	0.263365846260	0.063823872142
-0.779705511042	-0.003699825639	0.626135470438	1.195260849927
0.000000000000	0.000000000000	0.000000000000	1.000000000000
31	32	60
0.882511981030	0.142127499740	-0.448299428011	0.010721378316
-0.070254028789	0.982386204912	0.173152290883	0.027852441904
0.465012875926	-0.121314130326	0.876952625292	-0.102807300811
0.000000000000	0.000000000000	0.000000000000	1.000000000000
32	33	60
0.853963461806	0.146950953723	-0.499151102473	-0.078743037200
-0.089711289742	0.986507457413	0.136948607008	0.012460456281
0.512541013376	-0.072169617351	0.855624483017	0.133582809283
0.000000000000	0.000000000000	0.000000000000	1.000000000000
32	35	60
0.946811467072	0.218004617630	-0.236689738928	-0.197065395691
-0.093458734005	0.890135450989	0.446009354085	-0.025371185912
0.307918026202	-0.400166047517	0.863164887814	0.553286474182
0.000000000000	0.000000000000	0.000000000000	1.000000000000
32	36	60
0.996455595504	-0.030423095306	0.078426280419	-0.322287963460
0.002162581243	0.941266140711	0.337658667287	-0.036435802591
-0.084092624116	-0.336292265186	0.937995705185	1.060761488915
0.000000000000	0.000000000000	0.000000000000	1.000000000000
33	34	60
0.934211012575	0.239812304766	-0.264083021919	-0.027382852942
-0.138510987805	0.926082473412	0.350978572986	0.083771601147
0.328731638636	-0.291309647834	0.898373084436	0.117743820343
0.000000000000	0.000000000000	0.000000000000	1.000000000000
33	35	60
0.975343316793	-0.070326977670	0.209187787880	0.096576379852
0.001159315348	0.949487272272	0.313803403074	-0.008211326312
-0.220689987028	-0.305823537362	0.926157596536	0.397376799416
0.000000000000	0.000000000000	0.000000000000	1.000000000000
33	36	60
0.819127488336	-0.239916344207	0.521028123650	0.167525777807
0.096752667762	0.953102945252	0.286764183663	-0.201772990412
-0.565392853804	-0.184485564567	0.803925368012	0.969141926381
0.000000000000	0.000000000000	0.000000000000	1.000000000000
34	35	60
0.804796938294	-0.340362236331	0.486266836409	0.201072732251
0.359880261117	0.931301699379	0.056243598683	-0.089481509141
-0.472004328127	0.129733160041	0.871998406774	0.183307724905
0.000000000000	0.000000000000	0.000000000000	1.000000000000
35	36	60
0.913169644011	-0.271807351385	0.303713623320	0.082226496146
0.293237742677	0.955675139754	-0.026394194907	-0.306704322364
-0.283077423202	0.113162674890	0.952397701323	0.455590325818
0.000000000000	0.000000000000	0.000000000000	1.000000000000
35	37	60
-0.892680940743	0.391861882853	-0.222631989619	1.266430204924
-0.447304732256	-0.830757640499	0.331300798753	-0.031208344795
-0.055129071606	0.395330251207	0.916883186641	0.812721555201
0.000000000000	0.000000000000	0.000000000000	1.000000000000
36	37	60
0.955673654861	0.017481973994	0.293908567398	-0.176046678501
-0.060882431705	0.988394516850	0.139174741134	-0.011560179748
-0.288064567267	-0.150899501806	0.945646945451	0.614511503539
0.000000000000	0.000000000000	0.000000000000	1.000000000000
37	38	60
0.515918133178	-0.392824593507	0.761260348760	0.015082167157
0.534838563691	0.841884505224	0.071959646003	-0.314283766485
-0.669160810753	0.370026105296	0.644441223660	0.510423906817
0.000000000000	0.000000000000	0.000000000000	1.000000000000
38	39	60
0.924698954988	-0.025312664358	0.379856698858	-0.184041014533
0.109197045202	0.973496106457	-0.200951078706	-0.095045268371
-0.364702410142	0.227298481598	0.902954900479	0.071277727374
0.000000000000	0.000000000000	0.000000000000	1.000000000000
38	40	60
0.929829829514	-0.068611390686	0.361536948616	-0.145941280215
0.085527917981	0.995854093660	-0.030977401208	-0.256484360984
-0.357912647712	0.059725214172	0.931843031524	0.333388183022
0.000000000000	0.000000000000	0.000000000000	1.000000000000
38	41	60
0.852017772478	-0.139091999782	0.504697068526	-0.072421338528
0.135856385463	0.989776270098	0.043427844529	-0.480510759623
-0.505577647757	0.031565024125	0.862203509237	0.460256209542
0.000000000000	0.000000000000	0.000000000000	1.000000000000
38	46	60
0.932901653227	0.044675961930	0.357349358236	-0.259833834248
0.062768009746	0.956916662381	-0.283497227869	-0.089198808231
-0.354619066547	0.286905140565	0.889904915122	-0.149496811063
0.000000000000	0.000000000000	0.000000000000	1.000000000000
38	47	60
0.858830064292	-0.090020693688	0.504288801557	-0.082296511905
0.108617167715	0.994055121312	-0.007531711066	-0.342106029663
-0.500612855953	0.061242881235	0.863502216530	0.418695147403
