0	30	60
0.103798555754	0.400649536341	-0.910332801152	2.917135043327
-0.947470957231	-0.238571425441	-0.213031594293	2.015411761223
-0.302530403476	0.884626262324	0.354840430306	1.082673660128
0.000000000000	0.000000000000	0.000000000000	1.000000000000
0	31	60
0.774099574608	-0.260666479464	0.576907995330	-0.278839816532
0.106486979646	0.951925049631	0.287226779828	-0.200120181062
-0.624043565593	-0.160908938125	0.764642362071	-0.290627122637
0.000000000000	0.000000000000	0.000000000000	1.000000000000
0	33	60
-0.106652394151	-0.511474083761	0.852654401539	-2.721893201024
0.214343409965	0.825555741897	0.522029328319	-1.145533133338
-0.970918209442	0.238436529630	0.021583602844	1.208567904578
0.000000000000	0.000000000000	0.000000000000	1.000000000000
0	34	60
0.687182454435	0.259412958654	-0.678590591740	1.671398077382
-0.215654999472	0.964810580622	0.150444224624	-0.523621098334
0.693738564244	0.042958822171	0.718944604318	0.635406596905
0.000000000000	0.000000000000	0.000000000000	1.000000000000
0	35	60
0.533850766668	-0.264754611622	0.803061862220	-2.159570167819
0.466315118931	0.884427035921	-0.018412712697	-1.190324368123
-0.705374771865	0.384309528580	0.595611129395	1.715196733918
0.000000000000	0.000000000000	0.000000000000	1.000000000000
0	36	60
0.302245426492	-0.560290870657	0.771182107172	-1.680805300944
0.327754934691	0.820777583212	0.467868423473	-1.122745375828
-0.895111392482	0.111347649976	0.431714368413	1.770433947267
0.000000000000	0.000000000000	0.000000000000	1.000000000000
0	37	60
0.011337235113	-0.687990225547	0.725631391722	-1.376596397802
0.380457193161	0.674066588284	0.633156030320	-1.266298453629
-0.924729036676	0.268893443785	0.269392881527	2.002522065615
0.000000000000	0.000000000000	0.000000000000	1.000000000000
0	38	60
-0.327865029992	-0.540015527064	0.775169499296	-1.319813364405
0.276785248822	0.729610814434	0.625346292462	-1.265629557547
-0.903268757427	0.419584663675	-0.089745539531	1.976979328622
0.000000000000	0.000000000000	0.000000000000	1.000000000000
0	41	60
0.994483342873	-0.084204493237	0.062549852647	0.517517027957
0.071970359460	0.981556292871	0.177108755528	-0.307547590530
-0.076309554491	-0.171629971870	0.982201610999	0.410889474943
0.000000000000	0.000000000000	0.000000000000	1.000000000000
0	42	60
-0.087185852249	0.408318743151	-0.908666292518	0.986752702596
-0.348296278617	0.842079193407	0.411815898590	-0.823210470811
0.933321128802	0.352389608277	0.068798506591	2.019095945093
0.000000000000	0.000000000000	0.000000000000	1.000000000000
0	47	60
0.957796201597	-0.057984446075	0.281539056295	0.279412134339
0.042752991928	0.997285379328	0.059950428357	-0.104047932241
-0.284250976933	-0.045383655563	0.957675156783	-0.142438411781
0.000000000000	0.000000000000	0.000000000000	1.000000000000
0	49	60
-0.379693096817	-0.261790268061	0.887298713950	-2.049693315012
0.325521318572	0.859979915401	0.393027246209	-1.324334530477
-0.865949781099	0.438064379578	-0.241310124031	4.020899784439
0.000000000000	0.000000000000	0.000000000000	1.000000000000
0	50	60
-0.026113665457	-0.348697088445	0.936871611795	-2.243630264178
0.198584328620	0.916703568041	0.346725875537	-1.174755618554
-0.979735852617	0.195102303550	0.045307286902	3.731680733496
0.000000000000	0.000000000000	0.000000000000	1.000000000000
0	51	60
-0.654502357636	0.182410343187	-0.733725514445	2.165888191817
-0.222335051207	0.881113140435	0.417380831803	-0.884659632911
0.722629773019	0.436309638273	-0.536134414766	2.263928816975
0.000000000000	0.000000000000	0.000000000000	1.000000000000
1	3	60
0.912968238461	-0.013478023555	-0.407807967605	0.034821557557
-0.006814550855	0.998811246074	-0.048266516486	-0.124007700123
0.407973721529	0.046844824667	0.911791097206	-0.082989458099
0.000000000000	0.000000000000	0.000000000000	1.000000000000
1	31	60
0.273221387514	-0.500655812314	0.821397486605	-3.511276552900
0.160383191508	0.865643754519	0.474276419552	-0.434446864264
-0.948486850350	0.002155888983	0.316809164728	0.720807679674
0.000000000000	0.000000000000	0.000000000000	1.000000000000
1	33	60
0.006200691242	-0.464843197023	0.885371308328	-2.960336907017
0.103504221234	0.880931084872	0.461787072028	-0.750223196969
-0.994609686065	0.088776268718	0.053575614767	0.982497795833
0.000000000000	0.000000000000	0.000000000000	1.000000000000
1	35	60
0.692143486393	-0.229279642975	0.684374341688	-2.278293204833
0.196000471980	0.972278518829	0.127508026446	-0.934970101507
-0.694637466041	0.045883844015	0.717895162005	1.591060531761
0.000000000000	0.000000000000	0.000000000000	1.000000000000
1	36	60
0.422480381272	-0.464991684747	0.778005822957	-1.991627480533
0.231177917133	0.885265555421	0.403561230812	-0.655530939869
-0.876394373596	0.009361063008	0.481503138546	1.582076155432
0.000000000000	0.000000000000	0.000000000000	1.000000000000
1	37	60
0.134853667013	-0.662149698869	0.737137887224	-1.621612929809
0.243957608145	0.743220378169	0.622983270163	-0.880946958660
-0.960364084044	0.095818817371	0.261762450165	1.981197984230
0.000000000000	0.000000000000	0.000000000000	1.000000000000
1	38	60
-0.315013847138	-0.518320328482	0.795053654286	-1.618176789298
0.161520992078	0.796204965697	0.583068282208	-0.944288665478
-0.935241811100	0.312092437718	-0.167095975684	2.174417524776
0.000000000000	0.000000000000	0.000000000000	1.000000000000
1	39	60
-0.592962617409	-0.306279939770	0.744706608571	-1.724002016721
0.207992980294	0.835194060082	0.509106867124	-0.703776764063
-0.777903756582	0.456775087432	-0.431534778434	1.867527101783
0.000000000000	0.000000000000	0.000000000000	1.000000000000
1	47	60
0.847711211054	-0.283136670654	0.448574774574	-0.507399005861
0.310579571259	0.950458593028	0.012992030479	0.741742457985
-0.430030269365	0.128304671273	0.893650870732	-0.892118542768
0.000000000000	0.000000000000	0.000000000000	1.000000000000
1	48	60
-0.685721366862	-0.177110465678	0.705987315733	-2.393232606916
0.112594936111	0.932456995211	0.343287536104	-0.615971918793
-0.719102626467	0.314890195194	-0.619463943728	3.734689853002
0.000000000000	0.000000000000	0.000000000000	1.000000000000
1	49	60
0.289956939319	0.223135714351	-0.930663970680	1.529144168172
-0.223936790371	0.961263223499	0.160702610641	0.078053454051
0.930471540274	0.161813065386	0.328693237855	0.597832590607
0.000000000000	0.000000000000	0.000000000000	1.000000000000
1	50	60
-0.039339966095	-0.346756209899	0.937129925872	-2.516854528563
0.220428847155	0.911739723843	0.346614770759	-0.853477889522
-0.974609404023	0.220206282524	0.040567261768	3.862163606014
0.000000000000	0.000000000000	0.000000000000	1.000000000000
1	51	60
0.029960478248	0.828852964825	0.558663702459	-0.935789253317
-0.515271761990	-0.466119881157	0.719185141453	-0.935163031781
0.856502995347	-0.309410761112	0.413119353056	-0.698721618884
0.000000000000	0.000000000000	0.000000000000	1.000000000000
2	3	60
0.805287454525	0.090410164540	-0.585950610319	-0.113598225815
-0.190314575679	0.975422082658	-0.111050092059	-0.097676424406
0.561509107557	0.200942187731	0.802701538133	0.049153867431
0.000000000000	0.000000000000	0.000000000000	1.000000000000
2	31	60
0.415184665112	-0.499726892251	0.760193874625	-3.753089968014
0.298466857526	0.864191121120	0.405081770924	-0.391602385257
-0.859383051272	0.058708937466	0.507950816367	0.201412860089
0.000000000000	0.000000000000	0.000000000000	1.000000000000
2	33	60
0.154442797700	-0.468232711907	0.870003189499	-3.308936903942
0.206302896035	0.876441144464	0.435074746886	-0.801881181381
-0.966222819709	0.112290016435	0.231957786855	0.573291971646
0.000000000000	0.000000000000	0.000000000000	1.000000000000
2	35	60
0.861850961852	-0.099761690278	0.497252978581	-2.703003170903
0.155805290963	0.985130706419	-0.072403056415	-0.739461057031
-0.482636126769	0.139875288822	0.864579246058	1.036493745643
0.000000000000	0.000000000000	0.000000000000	1.000000000000
2	37	60
0.349276758713	-0.598468726995	0.720999950508	-2.181286293151
0.353669575836	0.796746571166	0.490012992137	-0.917472203412
-0.867711689993	0.083845597053	0.489945240720	1.607005666533
0.000000000000	0.000000000000	0.000000000000	1.000000000000
2	39	60
-0.411094574461	-0.314906210931	0.855473745457	-2.285115499399
0.321997611875	0.827783309353	0.459447854173	-0.739863744791
-0.852829870956	0.464337023157	-0.238898179420	1.575469220827
0.000000000000	0.000000000000	0.000000000000	1.000000000000
2	48	60
0.519698969701	0.170777170277	-0.837107005707	1.143034721095
-0.233486706660	0.970908003256	0.053118801063	-0.209370750868
0.821825369957	0.167847571700	0.544454088027	1.227581716946
0.000000000000	0.000000000000	0.000000000000	1.000000000000
2	49	60
0.162727745947	0.163738568733	-0.972989908380	1.244484068747
-0.351979982438	0.930885576045	0.097786176296	0.049160679789
0.921753639896	0.326560446810	0.209113610071	0.951064370857
0.000000000000	0.000000000000	0.000000000000	1.000000000000
2	50	60
-0.181335804143	0.296238593226	-0.937741980515	1.382307760369
-0.406561762104	0.845665795125	0.345770005278	-0.212405459181
0.895446737517	0.443950513953	-0.032910202530	1.049404496716
0.000000000000	0.000000000000	0.000000000000	1.000000000000
2	51	60
-0.400287695250	0.892782038524	0.206663960866	0.299576872203
0.217386941749	-0.126571994823	0.967844226972	-2.884121270255
0.890231811715	0.432342181398	-0.143413944912	1.552000118214
0.000000000000	0.000000000000	0.000000000000	1.000000000000
3	24	60
-0.216558297589	-0.966266972582	-0.139393835738	-0.343099707856
0.631194090274	-0.247504346787	0.735075246981	-1.168528486054
-0.744779513781	0.071202078747	0.663501122707	0.600151240754
0.000000000000	0.000000000000	0.000000000000	1.000000000000
3	25	60
0.300985567835	0.953574505793	-0.010166113165	0.126772029533
0.916027664186	-0.292065443574	-0.274938347845	0.807332494451
-0.265143369521	0.073440033849	-0.961408110548	5.073979026960
0.000000000000	0.000000000000	0.000000000000	1.000000000000
3	26	60
0.430839464525	0.802569123704	-0.412625929244	1.361048178811
-0.279090585825	0.553323254600	0.784819610371	-1.522056071634
0.858187509063	-0.222971248362	0.462382981621	1.656799872577
0.000000000000	0.000000000000	0.000000000000	1.000000000000
3	29	60
-0.403630777657	0.896281688052	-0.183742567172	1.203750060291
-0.907469246744	-0.366605342371	0.205183062553	-0.754915821691
0.116540814919	0.249558928127	0.961321267761	0.210860248102
0.000000000000	0.000000000000	0.000000000000	1.000000000000
3	30	60
-0.961832553054	0.096298482457	-0.256134226848	0.300684274278
-0.001467357659	-0.937832338876	-0.347085509667	2.710608458571
-0.273634768894	-0.333462301371	0.902178977153	0.867914519219
0.000000000000	0.000000000000	0.000000000000	1.000000000000
3	32	60
-0.647028343908	-0.433649482714	0.627138300793	-2.801604251383
0.131615172925	0.746643909451	0.652073859878	-0.345371070284
-0.751020484698	0.504451185569	-0.426024920565	2.604164241022
0.000000000000	0.000000000000	0.000000000000	1.000000000000
3	33	60
-0.430857571276	-0.405994692349	0.805934279615	-2.254528853066
0.072345322716	0.874666819879	0.479295429234	-0.599486823385
-0.899515373718	0.264813640110	-0.347485004650	2.267893634600
0.000000000000	0.000000000000	0.000000000000	1.000000000000
3	34	60
0.042699570454	-0.380445146781	0.923817209719	-1.486615383647
0.095683597621	0.921967447979	0.375260807991	-0.541292870779
-0.994495548421	0.072370678860	0.075769974342	2.361057036052
0.000000000000	0.000000000000	0.000000000000	1.000000000000
3	35	60
0.362256045715	-0.196541045840	0.911121383046	-1.425304160053
0.131799985447	0.978494813206	0.158671561301	-0.661158417147
-0.922713022114	0.062606052662	0.380369768766	2.464993929571
0.000000000000	0.000000000000	0.000000000000	1.000000000000
3	36	60
0.036915543265	-0.448273136602	0.893134053581	-1.143201673998
0.169365228232	0.883620422698	0.436497844276	-0.436003075589
-0.984861747725	0.135152297771	0.108541210035	2.356168596109
0.000000000000	0.000000000000	0.000000000000	1.000000000000
3	37	60
-0.229657385934	-0.623924340937	0.746977845637	-0.627548233753
0.222067776559	0.713655420580	0.664365745122	-0.712648276502
-0.947598748258	0.318456209648	-0.025342747216	2.471474016693
0.000000000000	0.000000000000	0.000000000000	1.000000000000
3	38	60
-0.624355206318	-0.381165504678	0.681830942673	-0.591475865191
0.118644030806	0.816465401747	0.565073306487	-0.667095804926
-0.772077826580	0.433701632224	-0.464541412480	2.622873329595
0.000000000000	0.000000000000	0.000000000000	1.000000000000
3	40	60
0.992714389129	0.104234019017	0.060443452049	0.847272528089
-0.082479649623	0.953544239410	-0.289742111000	0.659510259939
-0.087836490219	0.282645807979	0.955194272500	-0.137049500771
0.000000000000	0.000000000000	0.000000000000	1.000000000000
3	41	60
-0.998671495762	0.042885552980	-0.028566989643	-0.380840330813
0.018177268055	0.811943109706	0.583453488744	-0.422215646739
0.048216495908	0.582159098484	-0.811643982036	3.207782032314
0.000000000000	0.000000000000	0.000000000000	1.000000000000
3	42	60
-0.960641514600	0.154868490667	-0.230615764909	-0.286715706952
-0.022138880276	0.784854517581	0.619284471154	-0.596833327748
0.276907476256	0.600015947147	-0.750535217537	3.589164019324
0.000000000000	0.000000000000	0.000000000000	1.000000000000
3	44	60
-0.819236344978	0.129810896028	-0.558570445280	-0.079726855605
-0.112847741670	0.918503205602	0.378968664270	-0.519969052473
0.562243006420	0.373498316691	-0.737822342547	3.824483245827
0.000000000000	0.000000000000	0.000000000000	1.000000000000
3	45	60
0.598173885267	-0.670185960215	0.439361789094	-1.786605205448
0.638224080309	0.729973759652	0.244557423796	0.126528071878
-0.484621528926	0.134123409405	0.864380058048	-0.679857277319
0.000000000000	0.000000000000	0.000000000000	1.000000000000
3	46	60
-0.862411107853	-0.027777031088	-0.505445860202	-0.078605651722
0.212009721716	-0.926521325265	-0.310821671906	2.489259369497
-0.459672665001	-0.375215498577	0.804931283203	0.937050792145
0.000000000000	0.000000000000	0.000000000000	1.000000000000
3	48	60
-0.924655747718	-0.073848354768	0.373574850211	-0.634884997494
0.095777340540	0.904379544922	0.415841724416	-0.511437576253
-0.368562680220	0.420290446269	-0.829166745308	4.367753933992
0.000000000000	0.000000000000	0.000000000000	1.000000000000
3	49	60
0.705045014704	0.265033179868	0.657775752677	-1.265630336588
-0.655648239279	0.597084725308	0.462185262783	-0.510165401304
-0.270253424718	-0.757130929478	0.594740146665	1.559213972848
0.000000000000	0.000000000000	0.000000000000	1.000000000000
4	8	60
0.946396194582	0.317785512999	0.057849897219	0.494916434019
-0.303031862141	0.935517265802	-0.181601585658	0.156295910944
-0.111829930733	0.154336687518	0.981669116087	1.495575706686
0.000000000000	0.000000000000	0.000000000000	1.000000000000
4	24	60
0.616363581473	0.497238306184	0.610614446518	-0.202536493674
-0.349818458819	0.867603754814	-0.353398882995	0.530935438620
-0.705494848531	0.004217996598	0.708702495552	1.266886310312
0.000000000000	0.000000000000	0.000000000000	1.000000000000
4	25	60
-0.545115389330	-0.830037446415	0.117843327618	0.862931395070
-0.817274646047	0.557456236192	0.145961288223	0.073914214328
-0.186845832827	-0.016744619411	-0.982246533451	5.679920264663
0.000000000000	0.000000000000	0.000000000000	1.000000000000
4	26	60
-0.827112589791	0.193655161761	-0.527619599838	-1.105986588446
0.122514673578	-0.854066236956	-0.505530431972	2.548095059225
-0.548520663756	-0.482771727854	0.682683338172	0.861311419923
0.000000000000	0.000000000000	0.000000000000	1.000000000000
4	29	60
0.246115352306	0.947363351877	0.204767948857	0.896297156792
-0.845568041501	0.106600883987	0.523116563230	-1.227616971083
0.473753016404	-0.301892250734	0.827296288155	1.290390890527
0.000000000000	0.000000000000	0.000000000000	1.000000000000
4	30	60
-0.718021791767	0.008677586526	-0.695966526523	1.935950083300
-0.594087022608	-0.528614554259	0.606322737982	-1.351559537116
-0.362636617176	0.848817620292	0.384712010946	2.295786305550
0.000000000000	0.000000000000	0.000000000000	1.000000000000
4	31	60
0.998315797552	-0.020335279719	0.054332722703	2.065309120867
0.006678314064	0.970610017976	0.240565153597	0.102245519372
-0.057627844648	-0.239797142190	0.969111119593	0.050867290884
0.000000000000	0.000000000000	0.000000000000	1.000000000000
4	32	60
-0.331311428238	0.537863536389	-0.775200331361	0.407224135723
-0.371683775373	0.680766963756	0.631195304310	-0.553196154082
0.867227714412	0.497251603598	-0.025630725219	1.592250150704
0.000000000000	0.000000000000	0.000000000000	1.000000000000
4	42	60
0.908600226836	0.016096137755	-0.417356612674	-1.358920899410
0.155837580167	0.914031152421	0.374515288089	-0.458526608046
0.387505195321	-0.405324520297	0.827980529267	0.318948318455
0.000000000000	0.000000000000	0.000000000000	1.000000000000
4	44	60
0.086043210331	-0.502015382273	0.860567906627	-2.126102744946
0.737402408553	0.612928154072	0.283825238141	-0.061652026846
-0.669950933887	0.610163612408	0.422925658098	0.411521027674
0.000000000000	0.000000000000	0.000000000000	1.000000000000
4	45	60
0.041704509809	-0.413257977530	0.909658495189	-2.189619596239
0.695510246267	0.665647102671	0.270516971821	-0.084832760372
-0.717304838405	0.621395026303	0.315185643846	0.666288882649
0.000000000000	0.000000000000	0.000000000000	1.000000000000
4	47	60
0.708359883359	0.013959043196	-0.705713412627	-0.364914146199
-0.052996379298	0.998034176005	-0.033453958026	0.506706413834
0.703859119021	0.061097697497	0.707707151251	0.066121018309
0.000000000000	0.000000000000	0.000000000000	1.000000000000
5	6	60
0.919638674726	-0.048606962381	0.389746162464	0.087638632637
0.033475841531	0.998402095436	0.045526078927	0.011554774502
-0.391336269698	-0.028820462118	0.919796338861	-0.087599874254
0.000000000000	0.000000000000	0.000000000000	1.000000000000
5	11	60
0.735560211697	0.250153004293	-0.629582917027	1.898159321877
-0.108199925354	0.960779385860	0.255334580227	-0.203144517700
0.668763000713	-0.119693133259	0.733777624849	1.737699001189
0.000000000000	0.000000000000	0.000000000000	1.000000000000
5	15	60
-0.479796612296	0.409797104159	-0.775797360302	1.193284317512
-0.114301414937	0.847490619638	0.518357826379	-0.481484909993
0.869902521765	0.337381065041	-0.359782739413	4.468077760958
0.000000000000	0.000000000000	0.000000000000	1.000000000000
5	40	60
0.434767615622	-0.389957311260	0.811732970749	-0.651782201503
0.671173425407	0.741292726192	-0.003365579039	-0.177035134787
-0.600419314674	0.546276843268	0.584019055405	1.184493843380
0.000000000000	0.000000000000	0.000000000000	1.000000000000
6	8	60
0.994832627988	-0.018744636301	0.099783169429	0.516007565492
0.001367374358	0.985193680033	0.171439619433	-0.339452027963
-0.101519321209	-0.170417286194	0.980128448719	1.493792051838
0.000000000000	0.000000000000	0.000000000000	1.000000000000
6	9	60
0.924504291170	0.148554615880	-0.351031824352	1.170428762291
-0.110575435172	0.985850179212	0.125986099566	-0.182645793431
0.364780603574	-0.077659192940	0.927849212430	2.090519406716
0.000000000000	0.000000000000	0.000000000000	1.000000000000
6	10	60
0.707954903185	0.258696300000	-0.657172792668	1.249979364008
-0.028144730461	0.940094897411	0.339749110388	-0.506803042664
0.705696626890	-0.222031097435	0.672825729716	2.188004242069
0.000000000000	0.000000000000	0.000000000000	1.000000000000
6	24	60
0.970518804840	0.230181348221	-0.071482839786	1.547477933347
-0.222048865408	0.969228254796	0.106258606600	-0.259910023647
0.093741937381	-0.087253292410	0.991765754672	1.105244916281
0.000000000000	0.000000000000	0.000000000000	1.000000000000
6	25	60
-0.894948875629	0.206211083949	-0.395655783310	2.230846449103
-0.091892941011	0.782581745304	0.615728429837	-1.284836125192
0.436603020378	0.587403439531	-0.681421310075	4.514189143876
0.000000000000	0.000000000000	0.000000000000	1.000000000000
6	26	60
0.978303087104	0.198091358288	0.060686765732	-0.019862183513
-0.205095149090	0.967423475298	0.148417651447	0.032545819344
-0.029309547640	-0.157644007857	0.987060949083	1.216127543028
0.000000000000	0.000000000000	0.000000000000	1.000000000000
6	29	60
-0.586384888757	0.358204851434	-0.726527388780	2.677980272712
-0.121090165093	0.848070151232	0.515862569400	-0.539553602546
0.800930667508	0.390469336823	-0.453920436691	4.631727517898
0.000000000000	0.000000000000	0.000000000000	1.000000000000
6	30	60
-0.967400300473	-0.145718723443	0.207129699179	0.042196822913
0.236458516310	-0.226848591415	0.944789440372	-1.656347377149
-0.090686430674	0.962967169851	0.253909828640	2.635272703258
0.000000000000	0.000000000000	0.000000000000	1.000000000000
6	31	60
0.999784304549	0.001108569199	0.020739224954	2.291285316989
-0.008587694419	0.931276799655	0.364211166672	-0.095326421689
-0.018910205761	-0.364310710107	0.931085447539	0.032923413361
0.000000000000	0.000000000000	0.000000000000	1.000000000000
6	42	60
-0.990302320457	0.100014609480	-0.096428170098	1.099521427137
-0.025558018608	-0.813386557261	-0.581161850220	2.605445981921
-0.136558052794	-0.573061415868	0.808054770334	1.102987998672
0.000000000000	0.000000000000	0.000000000000	1.000000000000
6	43	60
-0.125504223949	0.303980413570	-0.944375242124	2.292891778455
0.003768736185	0.952041061961	0.305947075435	-0.619815272459
0.992085926923	0.034838549125	-0.120630796633	2.999479296018
0.000000000000	0.000000000000	0.000000000000	1.000000000000
6	44	60
-0.136246534904	0.160414634360	-0.977601159374	2.432491599564
-0.162229957843	0.969869239260	0.181755603809	-0.175433708060
0.977301551470	0.183359766091	-0.106117263789	2.696849321028
0.000000000000	0.000000000000	0.000000000000	1.000000000000
6	45	60
-0.089277409762	0.144814266725	-0.985422940802	2.424309387713
-0.121763582557	0.980365651327	0.155102610103	-0.149722252887
0.988535873941	0.133835786883	-0.069891402049	2.605521131417
0.000000000000	0.000000000000	0.000000000000	1.000000000000
6	46	60
-0.855460174196	-0.241690917366	0.458010251879	-0.378585946866
0.083317994949	0.808659468706	0.582346954478	-0.876572791394
-0.511122296600	0.536335122973	-0.671638767332	3.498273186862
0.000000000000	0.000000000000	0.000000000000	1.000000000000
6	47	60
-0.952575435527	0.023338196143	0.303406275860	0.111551111038
-0.151568850420	-0.900962246820	-0.406563541636	2.437889628135
0.263869140319	-0.433269383185	0.861771848218	0.564845375708
0.000000000000	0.000000000000	0.000000000000	1.000000000000
7	9	60
0.925768505360	0.160041975955	-0.342548157807	0.587537738402
-0.108359309680	0.980297173943	0.165153597495	-0.384739804526
0.362230499116	-0.115775717196	0.924870287563	1.619477156759
0.000000000000	0.000000000000	0.000000000000	1.000000000000
7	10	60
0.634048564617	0.283345235235	-0.719512262145	0.841314065727
-0.233592428963	0.957164500614	0.171086808068	-0.341753674903
0.737168226959	0.059595271903	0.673076079451	1.631247318345
0.000000000000	0.000000000000	0.000000000000	1.000000000000
7	24	60
0.286143598893	0.072618077814	0.955431031309	-1.863364218021
0.017180246387	0.996574910840	-0.080890581760	0.189253781182
-0.958032713401	0.039560862705	0.283915935085	1.615342943888
0.000000000000	0.000000000000	0.000000000000	1.000000000000
7	25	60
0.332176164748	-0.064466607146	0.941011717322	-2.102059137583
0.020929790787	0.997919707704	0.060977051689	-0.331042156818
-0.942985121532	-0.000559944796	0.332834413832	2.787935228578
0.000000000000	0.000000000000	0.000000000000	1.000000000000
7	26	60
0.977455122000	0.210768908461	-0.012567883755	-0.415841331448
-0.207558013358	0.970076483553	0.125981296817	-0.055027910025
0.038744748896	-0.120532498865	0.991953003499	0.700067012331
0.000000000000	0.000000000000	0.000000000000	1.000000000000
7	28	60
0.904621076258	0.358266065044	0.230881214107	-1.369423507869
-0.381412366849	0.922230740374	0.063364563622	0.264630314795
-0.190224380152	-0.145381870074	0.970916472746	1.203748508812
0.000000000000	0.000000000000	0.000000000000	1.000000000000
7	29	60
0.962261869872	-0.113380868281	0.247380016369	-0.297472604883
0.049264892018	0.966628554922	0.251400491692	-0.042185813460
-0.267628593773	-0.229725957429	0.935735496964	0.554387603107
0.000000000000	0.000000000000	0.000000000000	1.000000000000
7	30	60
0.382814790802	-0.052388010987	0.922338512829	-1.396534244030
0.049555206460	0.998117882682	0.036124420857	-0.402839996057
-0.922495050098	0.031877712816	0.384690387156	1.826000696949
0.000000000000	0.000000000000	0.000000000000	1.000000000000
7	31	60
0.991246255757	0.126601438078	0.037455791600	1.302646559104
-0.132008592293	0.954998454076	0.265615670231	-0.094253356054
-0.002142897247	-0.268235024909	0.963351119480	-0.259152241004
0.000000000000	0.000000000000	0.000000000000	1.000000000000
7	43	60
-0.181938281037	0.280105776376	-0.942570536317	1.877059454992
-0.253383506889	0.912842438661	0.320180387620	-0.595732400719
0.950102763037	0.297084897327	-0.095106800230	2.369753535949
0.000000000000	0.000000000000	0.000000000000	1.000000000000
7	44	60
-0.158921858141	0.277757192203	-0.947414790461	1.830646074119
-0.250046155892	0.917000677101	0.310783973398	-0.525775720123
0.955102488181	0.286287792922	-0.076279333339	2.087405568370
0.000000000000	0.000000000000	0.000000000000	1.000000000000
7	45	60
-0.010114282712	0.163072575481	-0.986562231393	1.929723946409
-0.176122206566	0.970898163362	0.162289016064	-0.229685118055
0.984316346323	0.175396954097	0.018900763316	1.853585469337
0.000000000000	0.000000000000	0.000000000000	1.000000000000
7	47	60
0.670065143329	0.215977695047	-0.710187537864	2.086277966241
-0.141591836830	0.976357863861	0.163331177125	-0.135539221564
0.728673078574	-0.008885770631	0.684804050544	1.000247245570
0.000000000000	0.000000000000	0.000000000000	1.000000000000
8	11	60
-0.281459480654	-0.346538567894	0.894813713413	-2.397926393288
0.238167491335	0.878103865722	0.414981743063	-0.933958507961
-0.929546559792	0.329916083220	-0.164616436640	3.648322460327
0.000000000000	0.000000000000	0.000000000000	1.000000000000
8	25	60
0.976478129272	0.062007561634	0.206507930486	-0.965277326538
-0.055968041029	0.997820091351	-0.034966322088	0.126263288323
-0.208225938434	0.022586004454	0.977819937906	-0.133397723033
0.000000000000	0.000000000000	0.000000000000	1.000000000000
8	30	60
-0.476763576602	-0.161335476032	0.864099158777	-1.698454100090
0.256195497777	0.914832369466	0.312162782370	-0.639623007666
-0.840868811970	0.370206158716	-0.394825329866	2.248720240109
0.000000000000	0.000000000000	0.000000000000	1.000000000000
8	44	60
0.722765280821	0.580669282330	0.374744624243	0.096259563288
0.433132279466	0.041934327533	-0.900354341723	2.683014874644
-0.538522773264	0.813058851949	-0.221197933856	2.093774393287
0.000000000000	0.000000000000	0.000000000000	1.000000000000
8	45	60
-0.116405307114	0.166245145732	-0.979189642509	1.703888863138
-0.210095257338	0.959460409737	0.187871511920	-0.093745858664
0.970726422490	0.227592340968	-0.076758966985	1.138650125664
0.000000000000	0.000000000000	0.000000000000	1.000000000000
9	11	60
0.578482047362	0.310260550339	-0.754385121660	-0.010849322607
-0.267457764979	0.945855150456	0.183914051418	-0.336269512208
0.770600327558	0.095375181570	0.630141817299	0.591691442479
0.000000000000	0.000000000000	0.000000000000	1.000000000000
9	24	60
-0.872293865828	-0.159331372465	0.462295279435	-1.576242590341
0.149047541174	0.813796644791	0.561711537532	-1.044634604771
-0.465712617511	0.558881503250	-0.686121871985	2.682451359778
0.000000000000	0.000000000000	0.000000000000	1.000000000000
9	26	60
-0.244439384931	-0.380362736978	0.891949312132	-1.743618908129
0.377580378700	0.809914420345	0.448855978391	-1.041372631587
-0.893130698563	0.446500638337	-0.054357476485	2.200021964883
0.000000000000	0.000000000000	0.000000000000	1.000000000000
9	28	60
0.867503807665	0.473746697537	0.151661498935	-1.294041316354
-0.479757605345	0.877394138894	0.003487857213	0.667050166499
-0.131414549425	-0.075786486965	0.988426337464	-0.416728105098
0.000000000000	0.000000000000	0.000000000000	1.000000000000
9	29	60
-0.780841954779	-0.333730725681	0.528118968031	-1.421084891814
0.224670480719	0.638788313911	0.735848262283	-1.165484037860
-0.582931399695	0.693233937966	-0.423813273154	2.762165552152
0.000000000000	0.000000000000	0.000000000000	1.000000000000
9	30	60
-0.788162021015	-0.117738661709	0.604101180407	-1.347420596588
0.220895824520	0.862021231161	0.456206566959	-0.906064806714
-0.574461193937	0.493008118154	-0.653404416953	2.266524862288
0.000000000000	0.000000000000	0.000000000000	1.000000000000
9	43	60
0.170048435622	0.318690210448	-0.932480605325	1.392204159622
-0.349211898062	0.904342017646	0.245390638312	-0.315031375511
0.921484986201	0.283905027931	0.265072358652	0.275879094177
0.000000000000	0.000000000000	0.000000000000	1.000000000000
9	44	60
0.164769376427	0.203334286014	-0.965145699220	1.407562759306
-0.273802366930	0.949491224319	0.153292787845	-0.031173874171
0.947567051166	0.239001219815	0.212120485742	0.278696089678
0.000000000000	0.000000000000	0.000000000000	1.000000000000
9	45	60
0.279660029124	0.137019888174	-0.950271444565	1.360682772230
-0.283835363500	0.957322650921	0.054505306720	0.173322118065
0.917184689437	0.254477685227	0.306615970204	0.007840299952
0.000000000000	0.000000000000	0.000000000000	1.000000000000
10	12	60
0.828332846647	0.238391450564	-0.506985415434	-0.019846094262
-0.151834138357	0.966607083306	0.206439194274	-0.461232275648
0.539269032668	-0.094022671741	0.836868357392	1.509685683704
0.000000000000	0.000000000000	0.000000000000	1.000000000000
10	13	60
0.680977977450	0.396516985959	-0.615664904046	0.150721442552
-0.247319717457	0.915854539107	0.316296412492	-0.654226843049
0.689276397090	-0.063124821137	0.721743240614	2.139994727425
0.000000000000	0.000000000000	0.000000000000	1.000000000000
10	15	60
-0.184635096757	0.431675776705	-0.882930294447	0.280674636661
-0.329279335545	0.819282805919	0.469415384397	-1.069718089257
0.926004859722	0.377401255605	-0.009126447218	3.249943801443
0.000000000000	0.000000000000	0.000000000000	1.000000000000
10	17	60
-0.090422900341	0.636041350893	-0.766338762590	0.078427793080
-0.291077025615	0.719012186824	0.631106679063	-1.319199030375
0.952416854247	0.280130103974	0.120121857273	2.974681582876
0.000000000000	0.000000000000	0.000000000000	1.000000000000
10	22	60
-0.841845009526	0.279737601267	-0.461566738807	-0.610253647936
-0.307129791267	0.454933260106	0.835886966142	-1.103348816613
0.443811076080	0.845448167120	-0.297067543601	3.392540322516
0.000000000000	0.000000000000	0.000000000000	1.000000000000
10	28	60
0.896814800001	0.397995705535	0.193190664563	-1.011573962868
-0.385809120560	0.917280287288	-0.098732958252	0.859588959662
-0.216505281671	0.014010457813	0.976180910529	-0.387203469177
0.000000000000	0.000000000000	0.000000000000	1.000000000000
10	29	60
-0.907746517126	-0.202617338788	0.367345171014	-0.503892742417
0.168810012475	0.625200270277	0.761989371142	-1.177111071532
-0.384056558769	0.753704740643	-0.533319532362	2.984990496762
0.000000000000	0.000000000000	0.000000000000	1.000000000000
10	43	60
0.625383670039	0.223692272020	-0.747567410129	1.247266756896
-0.252173057239	0.964560469576	0.077664983963	-0.033398869820
0.738447028873	0.139945946600	0.659629530554	-0.255414373228
0.000000000000	0.000000000000	0.000000000000	1.000000000000
10	44	60
0.638532966727	0.094552157495	-0.763764060372	1.149996191460
-0.179729673280	0.983302242321	-0.028529717668	0.268117565640
0.748313366809	0.155488230296	0.644864726353	-0.309754327165
0.000000000000	0.000000000000	0.000000000000	1.000000000000
10	45	60
0.711184439144	0.059611679066	-0.700473512160	0.975675179223
-0.170467120246	0.981284445929	-0.089564485670	0.366727155395
0.682024672893	0.183104570935	0.708036059582	-0.462692847945
0.000000000000	0.000000000000	0.000000000000	1.000000000000
11	13	60
0.936494394687	0.212709332368	-0.278806364067	0.682052170123
-0.135082456471	0.952496503161	0.272952635854	-0.450078001163
0.323621659774	-0.217956764954	0.920740935299	1.366979411516
0.000000000000	0.000000000000	0.000000000000	1.000000000000
11	18	60
0.547951189329	0.610844940740	-0.571504989029	0.906034466373
-0.290406570748	0.779620202996	0.554848053747	-1.110870344571
0.784482962071	-0.138060846918	0.604587201956	2.351196294424
0.000000000000	0.000000000000	0.000000000000	1.000000000000
11	20	60
0.611042020248	0.419449465431	-0.671334339537	0.653690592002
-0.298669109188	0.907555457299	0.295194605546	-1.221673364789
0.733092363013	0.020130521017	0.679831118304	2.819236172848
0.000000000000	0.000000000000	0.000000000000	1.000000000000
11	21	60
-0.003841347846	0.686887377379	-0.726753723653	0.459962194267
-0.372180279725	0.673566207536	0.638584687766	-1.130333835731
0.928152510868	0.272936430075	0.253058534152	2.830387124511
0.000000000000	0.000000000000	0.000000000000	1.000000000000
11	22	60
-0.521626664758	0.603848443358	-0.602721063235	0.519389059809
-0.389742603533	0.459775493582	0.797939345121	-0.961149238565
0.758950805787	0.651132515664	-0.004485692801	2.770560606927
0.000000000000	0.000000000000	0.000000000000	1.000000000000
11	23	60
-0.655199023803	0.197863564503	-0.729084528055	0.733324110558
0.284081282973	-0.829727240075	-0.480469074698	1.287319426289
-0.700008616998	-0.521922136836	0.487427142463	1.452033129723
0.000000000000	0.000000000000	0.000000000000	1.000000000000
11	44	60
0.946753953622	0.056877881783	-0.316894079884	0.097512297556
-0.116659258315	0.977989121491	-0.172996808334	0.805163914631
0.300079270778	0.200754040578	0.932550398875	-1.243199949494
0.000000000000	0.000000000000	0.000000000000	1.000000000000
11	45	60
0.931139866979	0.025817100461	-0.363747199915	0.341737558119
-0.096307839332	0.979484858507	-0.177014722664	0.724649951763
0.351714867763	0.199857172201	0.914523790021	-1.288581249646
0.000000000000	0.000000000000	0.000000000000	1.000000000000
12	19	60
0.860756381505	0.361358201450	-0.358495051491	0.618253756091
-0.274354711665	0.922587521562	0.271222707833	-1.351167108048
0.428751610943	-0.135101870091	0.893263421848	1.880594585992
0.000000000000	0.000000000000	0.000000000000	1.000000000000
12	20	60
0.700088794806	0.391916157583	-0.596889776099	0.726211311580
-0.347086005597	0.917294481942	0.195197689838	-1.280786972611
0.624024826513	0.070516372741	0.778216202010	1.763447423019
0.000000000000	0.000000000000	0.000000000000	1.000000000000
12	22	60
-0.402625604418	0.674228840887	-0.619118803448	0.576066520591
-0.523452071259	0.385270672441	0.759976603621	-0.966142485606
0.750926462286	0.630065059397	0.197806645908	1.710899871547
0.000000000000	0.000000000000	0.000000000000	1.000000000000
13	19	60
0.959144631805	0.191097545370	-0.208622394372	0.472955193809
-0.176177310350	0.980410271826	0.088075275853	-1.115437984538
0.221366507398	-0.047722395710	0.974022300746	1.259983839331
0.000000000000	0.000000000000	0.000000000000	1.000000000000
13	20	60
0.860390344705	0.276151053107	-0.428332873599	0.510439872326
-0.289325081735	0.956570688944	0.035545943951	-1.091657986404
0.419546721852	0.093344056695	0.902921610807	1.129254284966
0.000000000000	0.000000000000	0.000000000000	1.000000000000
13	21	60
0.373284515205	0.631372902297	-0.679725627701	0.335111196021
-0.552264345656	0.739950793766	0.384027232527	-0.995092279399
0.745427906122	0.232036809689	0.624896916078	1.207209957504
0.000000000000	0.000000000000	0.000000000000	1.000000000000
13	22	60
-0.172286098071	0.724326939648	-0.667583691316	0.346338453214
-0.618461225911	0.447951586451	0.645635414333	-0.842094989586
0.766696297406	0.524108634442	0.370792296101	1.190728184547
0.000000000000	0.000000000000	0.000000000000	1.000000000000
14	19	60
0.995883515605	-0.003611036522	0.090570324944	0.369114323956
-0.019675250939	0.966770357177	0.254888134255	-0.876983971973
-0.088481115758	-0.255620885099	0.962719614039	1.056425607639
0.000000000000	0.000000000000	0.000000000000	1.000000000000
14	22	60
0.182210149646	0.743261173034	-0.643709787114	0.227503720494
-0.521802064624	0.627971299372	0.577386051545	-0.535664036073
0.833379905397	0.230683497079	0.502257959076	1.004047211935
0.000000000000	0.000000000000	0.000000000000	1.000000000000
15	19	60
0.813596866259	-0.314497560006	0.489031107358	0.439785334256
0.165250408249	0.931474982554	0.324109024018	-0.749301274706
-0.557451739425	-0.182881496129	0.809815976989	0.800831755447
0.000000000000	0.000000000000	0.000000000000	1.000000000000
15	22	60
0.647366085127	0.617298136459	-0.447057225142	0.261163014119
-0.439143939864	0.781497259178	0.443186906371	-0.451702439317
0.622952447550	-0.090581701364	0.776997556927	0.846087478431
0.000000000000	0.000000000000	0.000000000000	1.000000000000
15	23	60
0.523582982126	0.288915482018	-0.801491550223	0.178071293895
-0.376271313145	0.922442930434	0.086711815784	-0.462256582906
0.764382600360	0.256177446983	0.591686028164	0.643914285853
0.000000000000	0.000000000000	0.000000000000	1.000000000000
16	22	60
0.416224284035	0.713484797953	-0.563645977959	0.086943978722
-0.504999028233	0.696890478891	0.509234368357	-0.156107313543
0.756130495922	0.072684960761	0.650371870252	0.807166941155
0.000000000000	0.000000000000	0.000000000000	1.000000000000
17	19	60
0.841574841686	-0.255912377599	0.475668625024	0.467204306253
0.227562089584	0.966654284430	0.117452074386	-0.573060431683
-0.489864553958	0.009399435352	0.871747881781	0.659379668168
0.000000000000	0.000000000000	0.000000000000	1.000000000000
17	20	60
0.949245507097	-0.101211309221	0.297807384297	0.422170265657
0.147996600579	0.979177743760	-0.138953058056	-0.377757397022
-0.277542741705	0.175975046560	0.944459003618	0.535076789565
0.000000000000	0.000000000000	0.000000000000	1.000000000000
17	23	60
0.493784521692	0.407726235756	-0.768073019194	0.115812774327
-0.600513662335	0.798714410715	0.037929295615	-0.245735289102
0.628935757838	0.442509442603	0.639237988327	0.462278846440
0.000000000000	0.000000000000	0.000000000000	1.000000000000
18	22	60
0.386212774068	0.706568420651	-0.592959324141	0.129980599320
-0.674923372830	0.654642908406	0.340471883247	-0.287628070522
0.628743297344	0.268707516479	0.729710995280	0.582739998830
0.000000000000	0.000000000000	0.000000000000	1.000000000000
19	21	60
0.611154532995	0.546101404630	-0.572942748153	-0.000946660621
-0.550525059251	0.813369306186	0.188022687170	0.117451407351
0.568693499115	0.200508422805	0.797736846616	0.038484887614
0.000000000000	0.000000000000	0.000000000000	1.000000000000
20	22	60
-0.412017354915	-0.613189750078	0.673973315234	-1.949782582296
0.887918005958	-0.436250585736	0.145900792115	-0.388239961487
0.204556383289	0.658546700579	0.724205032579	0.424505999721
0.000000000000	0.000000000000	0.000000000000	1.000000000000
21	23	60
0.683865280857	0.289839863383	-0.669567869026	-0.181635105549
-0.488788561217	0.863326330741	-0.125512505643	-0.025718623898
0.541677044060	0.413110760261	0.732069313450	-0.141489370605
0.000000000000	0.000000000000	0.000000000000	1.000000000000
22	31	60
0.949908113488	0.098484515560	-0.296606433045	-1.091295035330
-0.198666428218	0.922908123897	-0.329806375232	-0.577458012497
0.241259665564	0.372211492353	0.896243481835	0.191458405787
0.000000000000	0.000000000000	0.000000000000	1.000000000000
22	32	60
0.995361831784	-0.089488016085	0.035308905450	-1.023555638770
0.094289667633	0.980307329651	-0.173513682488	-0.758020935910
-0.019086183605	0.176038161800	0.984198294647	0.038175434517
0.000000000000	0.000000000000	0.000000000000	1.000000000000
22	42	60
-0.916532883014	0.397556382520	0.043776672688	0.973667921309
-0.170458442115	-0.289255071729	-0.941952983429	2.182283248104
-0.361816795997	-0.870792986993	0.332878626435	0.653776428936
0.000000000000	0.000000000000	0.000000000000	1.000000000000
22	43	60
-0.838758484160	0.464506311344	-0.284109295819	0.301358809646
-0.412507459835	-0.201491211403	0.888391179216	-3.131534485200
0.355417783503	0.862342842754	0.360614781618	0.842090307390
0.000000000000	0.000000000000	0.000000000000	1.000000000000
23	24	60
0.869599173299	0.135195796531	-0.474888802141	-0.076157294279
-0.160031095628	0.987038497721	-0.012043772203	-0.044796712516
0.467105262474	0.086470229659	0.879963393075	0.083084473147
0.000000000000	0.000000000000	0.000000000000	1.000000000000
23	30	60
