0	11	37
0.827163354916	0.144184879068	-0.543149615605	-0.836472073639
0.080260956186	0.926304833800	0.368127062018	-0.019186305424
0.556200470331	-0.348094923155	0.754632997740	0.988546735606
0.000000000000	0.000000000000	0.000000000000	1.000000000000
0	27	37
-0.639197143490	-0.627922227574	-0.444005279104	1.368478884875
0.390989049575	-0.762503853871	0.515475931488	-1.085246929459
-0.662234531617	0.155889540862	0.732901000261	-0.130964735381
0.000000000000	0.000000000000	0.000000000000	1.000000000000
1	11	37
0.708651082023	0.336575985803	-0.620105031207	0.908953540542
0.042350656666	0.857008648858	0.513558757751	0.273865029950
0.704286920103	-0.390195824636	0.593065892300	-0.165794267177
0.000000000000	0.000000000000	0.000000000000	1.000000000000
1	12	37
0.884188361715	-0.150645584485	-0.442172872169	-0.732779940420
0.263485818490	0.942457633091	0.205788321545	0.044706454007
0.385728096542	-0.298461920024	0.873003045718	0.435147644136
0.000000000000	0.000000000000	0.000000000000	1.000000000000
1	13	37
0.949322013256	-0.121041273120	-0.290063312656	-0.726819207779
0.210945131578	0.929512277654	0.302504672944	0.010109467482
0.233001859673	-0.348361788793	0.907939534054	0.280097834167
0.000000000000	0.000000000000	0.000000000000	1.000000000000
3	5	37
0.791083931142	-0.224035748297	0.569204881720	-0.208837200440
0.247499002308	0.968177822268	0.037093777435	0.182483553186
-0.559401874993	0.111533349061	0.821358541869	-0.200155827844
0.000000000000	0.000000000000	0.000000000000	1.000000000000
5	7	37
0.276601570957	-0.530970035592	0.800975899917	-0.163221635512
0.543441916662	0.773846621039	0.325318751875	0.140506921515
-0.792567002946	0.345300200421	0.502598564891	-0.210434520298
0.000000000000	0.000000000000	0.000000000000	1.000000000000
8	14	37
0.080543019012	-0.428919780940	0.899744765813	-0.260838184821
0.490172613178	0.803028099998	0.338934624823	-0.277892117635
-0.867896094806	0.413731425120	0.274923037392	0.660454416580
0.000000000000	0.000000000000	0.000000000000	1.000000000000
8	16	37
0.932121272974	-0.226684257448	0.282425529821	0.644615419726
0.218002145921	0.973961804615	0.062237187644	-0.543415044567
-0.289179869360	0.003556764991	0.957268171716	1.036985785975
0.000000000000	0.000000000000	0.000000000000	1.000000000000
9	10	37
0.884568306187	-0.313008832998	0.345780829650	-0.141300494851
0.062320351375	0.814037499317	0.577459196403	0.177950909891
-0.462228391051	-0.489252920453	0.739578592399	0.074774638904
0.000000000000	0.000000000000	0.000000000000	1.000000000000
9	15	37
0.984751549804	-0.170291982179	-0.035567203482	0.096553030107
0.139102754090	0.647990380436	0.748838360841	0.192813972965
-0.104473963084	-0.742367232351	0.661797615113	0.909529220648
0.000000000000	0.000000000000	0.000000000000	1.000000000000
9	16	37
0.992822916066	-0.090874084364	-0.077746756362	0.491074494031
0.119485159357	0.781411191957	0.612470281546	0.249936872251
0.005094509524	-0.617364114502	0.786661042697	1.434819303378
0.000000000000	0.000000000000	0.000000000000	1.000000000000
10	11	37
0.671248704702	-0.285342149620	0.684108934371	-0.173224795004
0.371326813454	0.928221879442	0.022815348649	-0.124113337215
-0.641515061433	0.238713217428	0.729022925414	0.223573613477
0.000000000000	0.000000000000	0.000000000000	1.000000000000
10	13	37
0.147711928108	-0.058152421431	0.987319341539	-0.719732188392
0.590820396211	0.805764070227	-0.040933147366	-0.001793120157
-0.793166089615	0.589374718675	0.153378601083	0.101079290019
0.000000000000	0.000000000000	0.000000000000	1.000000000000
10	17	37
0.591230253147	-0.131629276461	-0.795688708819	1.505481082933
-0.256946069829	-0.965924217409	-0.031130747216	-0.924883554801
-0.764477275635	0.222854526096	-0.604905244841	3.393243115463
0.000000000000	0.000000000000	0.000000000000	1.000000000000
11	14	37
0.991333375733	0.050048297064	-0.121463188329	-0.248244765151
-0.044623057267	0.997898448320	0.046983716332	0.071795794177
0.123559382153	-0.041156467307	0.991483345438	-0.120588740377
0.000000000000	0.000000000000	0.000000000000	1.000000000000
11	27	37
0.988238353405	-0.056735266973	-0.142007275660	2.373216064180
0.061949747399	-0.700485292817	0.710972983555	-0.280594565489
-0.139811250105	-0.711408085439	-0.688731696900	3.203112922191
0.000000000000	0.000000000000	0.000000000000	1.000000000000
12	27	37
-0.765185452782	-0.471400583114	-0.438489125397	2.303706830077
0.209477496640	-0.826321074968	0.522793132573	-1.233942641631
-0.608777793003	0.308180095567	0.731036679957	-0.907058928645
0.000000000000	0.000000000000	0.000000000000	1.000000000000
13	14	37
0.771408656248	0.351021482526	-0.530766053805	-0.250141920538
-0.096359170351	0.888910046668	0.447832378487	0.014417674332
0.629002063077	-0.294317596718	0.719537043457	0.261704744782
0.000000000000	0.000000000000	0.000000000000	1.000000000000
13	27	37
-0.062133935526	-0.751731096535	-0.656536162414	1.425966617342
-0.476053556963	-0.555836060711	0.681483150574	0.104875087189
-0.877218550282	0.354889605532	-0.323327980426	2.475035596134
0.000000000000	0.000000000000	0.000000000000	1.000000000000
14	16	37
-0.466454254011	-0.238574131769	-0.851764528825	-0.269771973416
-0.501249480594	-0.722113862968	0.476760450450	-0.035517356790
-0.728813684777	0.649333467919	0.217247923629	0.481071041080
0.000000000000	0.000000000000	0.000000000000	1.000000000000
14	17	37
0.896093908796	0.218015181203	-0.386633013831	-0.044190756609
-0.111990164768	0.953929820658	0.278345289622	-0.167705711180
0.429504260298	-0.206124423649	0.879226257775	0.261842129671
0.000000000000	0.000000000000	0.000000000000	1.000000000000
16	18	37
0.836581842593	0.069025005112	0.543476190199	0.261241084102
0.118075611838	0.945998069875	-0.301903629791	-0.339151833796
-0.534966326541	0.316738378573	0.783254638675	0.734723766512
0.000000000000	0.000000000000	0.000000000000	1.000000000000
16	19	37
0.925284233064	-0.049185842223	0.376071590215	0.763233391714
0.100171505880	0.988039020606	-0.117237208983	-0.799632905914
-0.365806994810	0.146149398511	0.919143947302	1.009752165595
0.000000000000	0.000000000000	0.000000000000	1.000000000000
18	20	37
0.817279476630	-0.507816330644	0.272354238835	0.165928291773
0.341873924784	0.807773076159	0.480234189730	-0.160514379593
-0.463871185387	-0.299374734680	0.833785518945	1.019356281435
0.000000000000	0.000000000000	0.000000000000	1.000000000000
20	33	37
0.120674837413	-0.784438903400	-0.608352850283	0.772849943126
0.700699538698	0.501411068420	-0.507550093029	0.597715955667
0.703176891033	-0.365024036604	0.610163676908	0.671074618826
0.000000000000	0.000000000000	0.000000000000	1.000000000000
20	34	37
-0.073678480847	-0.945522671705	-0.317109379793	-0.457306116878
-0.326456131940	-0.277588141116	0.903532632411	-1.340370923821
-0.942336391836	0.170093213280	-0.288219401527	2.114215143552
0.000000000000	0.000000000000	0.000000000000	1.000000000000
20	36	37
-0.307254444493	0.950451217613	0.047298935273	-0.516329151743
-0.948079683693	-0.301442836774	-0.101376178301	0.548528036780
-0.082095186878	-0.075991440942	0.993723141119	0.048779679208
0.000000000000	0.000000000000	0.000000000000	1.000000000000
21	24	37
0.808959756524	-0.209307401749	0.549340080367	0.005695465635
0.395892472684	0.884766105520	-0.245882265719	-0.551838415076
-0.434572505339	0.416388460571	0.798603398132	0.566984407938
0.000000000000	0.000000000000	0.000000000000	1.000000000000
21	29	37
0.989750631055	0.105415182717	0.096339646968	0.220417894067
-0.073514412290	0.954464659077	-0.289124273902	-0.751912574968
-0.122430876461	0.279078580021	0.952431533845	0.693597662283
0.000000000000	0.000000000000	0.000000000000	1.000000000000
21	30	37
0.945024904032	0.206556039161	-0.253500559062	0.142547542717
-0.325824146477	0.660441816121	-0.676502204794	-0.702913082595
0.027686753708	0.721908034451	0.691434909058	0.558704182449
0.000000000000	0.000000000000	0.000000000000	1.000000000000
21	31	37
0.876094458353	0.390820804340	-0.282343051869	0.086000283714
-0.312949965348	0.906432694927	0.283623145664	-0.904423449414
0.366770799317	-0.160121417878	0.916428018071	1.099997020765
0.000000000000	0.000000000000	0.000000000000	1.000000000000
22	24	37
0.954394502302	-0.174581861560	0.242182384971	-0.020509127355
0.153899428765	0.982808881335	0.101988570899	-0.223820846540
-0.255824353418	-0.060065600659	0.964855441927	0.714480365653
0.000000000000	0.000000000000	0.000000000000	1.000000000000
22	27	37
0.647675417215	0.268535842753	0.713025283628	-0.207407727768
0.204028788397	0.840526494937	-0.501883915676	-0.271655727619
-0.734090462709	0.470535559194	0.489599305650	0.586851405800
0.000000000000	0.000000000000	0.000000000000	1.000000000000
22	30	37
0.806720242213	0.035611601307	-0.589859529597	0.178078004132
-0.247445633650	0.926814311800	-0.282463962004	-0.442370431817
0.536631259983	0.373827560910	0.756491801352	0.897916012095
0.000000000000	0.000000000000	0.000000000000	1.000000000000
22	31	37
0.721870843233	0.607370250341	-0.331668305225	-0.335554060861
-0.278634170497	0.693799234251	0.664082541244	-0.306588517266
0.633455195513	-0.386967700918	0.670067544151	1.251143705726
0.000000000000	0.000000000000	0.000000000000	1.000000000000
23	24	37
0.906405113172	-0.335866519149	0.256170747999	0.031886521870
0.105721799912	0.767528706249	0.632236179056	0.175196984406
-0.408965367530	-0.545979272865	0.731200356785	0.421500775508
0.000000000000	0.000000000000	0.000000000000	1.000000000000
23	27	37
0.587587209240	0.105478985262	0.802256477198	-0.106018396947
-0.083821640719	0.994067748867	-0.069305434196	0.089458775112
-0.804807557174	-0.026523467532	0.592942915958	0.350373572599
0.000000000000	0.000000000000	0.000000000000	1.000000000000
24	25	37
0.644971995260	-0.416588082451	0.640675811069	0.000336162624
0.423694584229	0.892637655436	0.153886046776	0.050455610410
-0.635998447030	0.172198680765	0.752232404060	0.061479819863
0.000000000000	0.000000000000	0.000000000000	1.000000000000
24	30	37
0.680383826415	0.303157867470	-0.667212976600	1.530706901914
-0.690290150284	0.570865819723	-0.444535402743	-0.704851472078
0.246124678106	0.763025244185	0.597674760689	0.942898752200
0.000000000000	0.000000000000	0.000000000000	1.000000000000
25	26	37
0.950358458635	0.047467814658	0.307515213726	0.000809662472
0.123500366220	0.849572407142	-0.512810281260	-0.068756897399
-0.285598423743	0.525331829984	0.801536030857	-0.178321450876
0.000000000000	0.000000000000	0.000000000000	1.000000000000
25	28	37
-0.917642946208	-0.279366868832	-0.282640364904	-0.198115618957
-0.211260693280	0.945319558092	-0.248475054207	0.548940844709
0.336601162727	-0.168300581363	-0.926485062785	2.092080429899
0.000000000000	0.000000000000	0.000000000000	1.000000000000
27	28	37
0.973517226010	0.115159379780	-0.197490576764	0.006564823749
0.088786038105	0.605601576498	0.790799449912	0.180680616383
0.210668578814	-0.787391292682	0.579339021738	0.133616152480
0.000000000000	0.000000000000	0.000000000000	1.000000000000
28	31	37
0.141691287648	0.865687180304	-0.480113824901	-0.585783454286
-0.655789602561	0.445399171227	0.609556868096	-0.078212082361
0.741527866083	0.228484756881	0.630817834002	0.274261654909
0.000000000000	0.000000000000	0.000000000000	1.000000000000
29	31	37
0.747086194260	0.320393238475	-0.582417711857	0.005773729134
-0.049680660829	0.900637589265	0.431721860395	0.049969178693
0.662868048925	-0.293598544858	0.688771256784	0.481664533841
0.000000000000	0.000000000000	0.000000000000	1.000000000000
30	32	37
0.576766645075	0.423701728428	-0.698439032741	-0.214657036388
0.029302728798	0.843697071382	0.536019217777	0.080289600562
0.816383235505	-0.329624175492	0.474200712481	0.872978131776
0.000000000000	0.000000000000	0.000000000000	1.000000000000
30	33	37
0.042654803033	-0.996711632840	-0.068894765692	0.099172815141
0.998263055559	0.045322894172	-0.037639170676	0.452189559607
0.040637909438	-0.067169607900	0.996913639234	0.071425696831
0.000000000000	0.000000000000	0.000000000000	1.000000000000
31	35	37
0.353270600653	-0.630560905076	0.691080912560	-2.219327527940
-0.254238558634	0.646200916860	0.719574270214	-1.324423493468
-0.900312522416	-0.429903849761	0.067970890404	1.225735849676
0.000000000000	0.000000000000	0.000000000000	1.000000000000
31	36	37
0.144002951785	-0.233480005096	0.961639348767	-2.491782510897
0.790545491903	0.611661895960	0.030125574904	-0.951250096562
-0.595231866678	0.755881480294	0.272657683991	0.868113904065
0.000000000000	0.000000000000	0.000000000000	1.000000000000
