0	1	38
0.997313311580	0.070212755731	-0.020888453217	-0.203544862639
-0.068132223327	0.993822870916	0.087601948549	-0.069447574535
0.026910196760	-0.085943412649	0.995936529671	0.474123495082
0.000000000000	0.000000000000	0.000000000000	1.000000000000
0	6	38
-0.680697349835	0.005140673917	-0.732546716189	-0.489063852833
0.097021958649	-0.990533788185	-0.097105890676	1.548393889124
-0.726111463528	-0.137172839643	0.673754966288	0.850690831778
0.000000000000	0.000000000000	0.000000000000	1.000000000000
0	8	38
-0.977539346848	0.013293360800	-0.210333335263	-0.672517551095
-0.026618560672	-0.997804160839	0.060649062973	2.156402256885
-0.209065247212	0.064885616052	0.975746677800	0.050182268017
0.000000000000	0.000000000000	0.000000000000	1.000000000000
0	9	38
-0.158561245680	0.214417686314	-0.963785965432	2.220945758961
0.144787341702	0.970631937705	0.192120449693	-0.507439413676
0.976675461477	-0.109081150080	-0.184949575955	3.102162347566
0.000000000000	0.000000000000	0.000000000000	1.000000000000
0	10	38
0.458082336725	0.068239391347	0.886286611796	-3.194653054331
-0.066084724926	0.996904228680	-0.042600093556	0.327201376383
-0.886449875578	-0.039055656545	0.461173799971	2.374135905046
0.000000000000	0.000000000000	0.000000000000	1.000000000000
0	11	38
-0.914862618569	0.086947404086	-0.394292452460	0.893288427982
-0.045661204322	-0.992553559495	-0.112926905357	2.259042938845
-0.401175078444	-0.085308736107	0.912020271693	0.312169900378
0.000000000000	0.000000000000	0.000000000000	1.000000000000
0	27	38
0.943217347652	0.159163662672	-0.291561251837	1.163594640919
-0.070907831972	0.953974279252	0.291384889607	-0.231423353162
0.324519821356	-0.254165306466	0.911091039653	0.489867589974
0.000000000000	0.000000000000	0.000000000000	1.000000000000
0	28	38
0.967512555946	0.115017346353	-0.225145428835	1.191027029552
-0.056027733851	0.965925321036	0.252683927507	-0.170535432786
0.246536705435	-0.231860484384	0.940989037478	0.995238317527
0.000000000000	0.000000000000	0.000000000000	1.000000000000
1	2	38
0.999695672425	-0.023264732092	0.008204558162	-0.056263832103
0.022689943043	0.997672659850	0.064299535554	-0.054966061120
-0.009681374833	-0.064093806475	0.997896915995	0.878250908130
0.000000000000	0.000000000000	0.000000000000	1.000000000000
1	6	38
0.562670382924	0.110502073625	-0.819262675767	1.356968105749
-0.028438715985	0.993026754958	0.114407619373	-0.108572008464
0.826192035554	-0.041075000449	0.561889281554	2.654559428191
0.000000000000	0.000000000000	0.000000000000	1.000000000000
1	8	38
0.730011923902	-0.081587354620	-0.678547046657	2.342264499824
-0.002959315353	0.992462157705	-0.122515745830	0.088190210048
0.683428001631	0.091445990014	0.724267766435	1.119927596739
0.000000000000	0.000000000000	0.000000000000	1.000000000000
1	9	38
-0.243731907572	0.279319491778	-0.928749362715	2.248363392762
0.026060379039	0.959169351264	0.281629210559	-0.730090998740
0.969492451686	0.044438464293	-0.241059347497	2.693816702799
0.000000000000	0.000000000000	0.000000000000	1.000000000000
1	10	38
-0.343724995099	0.078679983227	-0.935768447846	2.399020903249
0.042809095611	0.996760750310	0.068083683611	-0.201827083661
0.938094083276	-0.016657337138	-0.345979802940	2.768583512431
0.000000000000	0.000000000000	0.000000000000	1.000000000000
1	27	38
0.960558666346	0.019899497067	-0.277364486775	1.318459569796
0.028817425841	0.984942408316	0.170464096717	0.059639982296
0.276580195379	-0.171733695931	0.945521513878	-0.076958675510
0.000000000000	0.000000000000	0.000000000000	1.000000000000
1	28	38
0.974436271338	0.071039495843	-0.213136911706	1.358600137627
-0.039236941662	0.987923388910	0.149892761848	-0.059505769526
0.221211246346	-0.137698103385	0.965455756011	0.412563006488
0.000000000000	0.000000000000	0.000000000000	1.000000000000
2	3	38
0.999335770963	0.022134295811	-0.028949781048	0.228659031160
-0.021522657469	0.999542049798	0.021271245860	-0.056557697504
0.029407347538	-0.020634040659	0.999354513812	0.748281778179
0.000000000000	0.000000000000	0.000000000000	1.000000000000
2	5	38
0.831788121306	0.100164244371	-0.545981359942	0.988690637138
-0.052877527495	0.993409766361	0.101690723195	-0.185606795184
0.552568989666	-0.055714991228	0.831602880834	1.713278941963
0.000000000000	0.000000000000	0.000000000000	1.000000000000
2	8	38
0.180376245615	0.093243058973	-0.979168086679	2.009907436051
-0.038732579730	0.995397736741	0.087653482299	-0.462476571854
0.982834776188	0.022115099934	0.183157650863	1.597235284428
0.000000000000	0.000000000000	0.000000000000	1.000000000000
3	4	38
0.983946945292	0.008190935951	-0.178273153946	0.426496486597
-0.000523124813	0.999074239756	0.043016157381	-0.059128418829
0.178460458338	-0.042232357543	0.983040331210	0.493229757794
0.000000000000	0.000000000000	0.000000000000	1.000000000000
3	5	38
0.848918214899	0.075578831208	-0.523092443729	0.747219694555
-0.036533870911	0.995746713540	0.084579895661	-0.143909453776
0.527260031379	-0.052690822227	0.848068709813	0.979420033399
0.000000000000	0.000000000000	0.000000000000	1.000000000000
3	6	38
0.592982595869	0.080276722297	-0.801203650050	1.192593348013
-0.051497719668	0.996761817883	0.061756483706	-0.109308420875
0.803566814811	0.004639640947	0.595196478372	0.978784989429
0.000000000000	0.000000000000	0.000000000000	1.000000000000
4	5	38
0.929234580298	0.068817400667	-0.363025150841	0.454527166633
-0.055447074097	0.997348390115	0.047136087130	-0.110206866578
0.365306332756	-0.023671799704	0.930586336213	0.407849773176
0.000000000000	0.000000000000	0.000000000000	1.000000000000
4	6	38
0.767910095856	0.149524682347	-0.622861504712	0.743870021658
-0.113433401329	0.988748961261	0.097510794625	-0.181433077953
0.630433936385	-0.004226224611	0.776231402920	0.269141886353
0.000000000000	0.000000000000	0.000000000000	1.000000000000
4	7	38
0.484950126697	0.050507286263	-0.873082120222	1.217245231754
-0.078534927171	0.996812448208	0.014043087708	-0.207741154355
0.871008403996	0.061757243563	0.487370909099	0.303710033870
0.000000000000	0.000000000000	0.000000000000	1.000000000000
5	6	38
0.932421700017	0.074851122342	-0.353535122473	0.359154983594
-0.074828094761	0.997101579342	0.013754879408	0.008269240079
0.353539997132	0.013629011605	0.935320116575	-0.230547553059
0.000000000000	0.000000000000	0.000000000000	1.000000000000
5	7	38
0.800062049336	0.089428591415	-0.593214332472	0.601514353809
-0.122144772213	0.992396981222	-0.015128988169	-0.099195791293
0.587351148661	0.084562158792	0.804902397479	-0.442438356310
0.000000000000	0.000000000000	0.000000000000	1.000000000000
5	8	38
0.670943317891	-0.019944420818	-0.741240368744	0.868987113768
-0.048043566286	0.996368524654	-0.070296364189	-0.087152119840
0.739950592888	0.082776706614	0.667548602670	-0.657719355426
0.000000000000	0.000000000000	0.000000000000	1.000000000000
6	7	38
0.956229669763	-0.005512935863	-0.292565251189	0.225790053178
-0.019755346645	0.996325065922	-0.083343201855	-0.029528969447
0.291949558904	0.085474970340	0.952606678804	-0.305335575119
0.000000000000	0.000000000000	0.000000000000	1.000000000000
6	8	38
0.893976689701	-0.006729018805	-0.448062940420	0.339441167530
-0.041363757148	0.994379232751	-0.097462716297	-0.095605529030
0.446200311370	0.105662963139	0.888673517302	-0.591236304302
0.000000000000	0.000000000000	0.000000000000	1.000000000000
7	8	38
0.989694651903	-0.003384320749	-0.143153911466	-0.029524275783
-0.007846846492	0.996936709481	-0.077817891836	0.050592642250
0.142978750152	0.078139258140	0.986636373413	-0.295246013487
0.000000000000	0.000000000000	0.000000000000	1.000000000000
9	10	38
0.986137553548	0.004958436963	-0.165855778875	0.231719643108
-0.004964038802	0.999987606595	0.000380755084	0.039987719511
0.165855611307	0.000447837634	0.986149945819	-0.043176409288
0.000000000000	0.000000000000	0.000000000000	1.000000000000
9	11	38
0.998530326323	-0.054169289136	-0.001695738236	-0.018264253055
0.054049261742	0.993042844681	0.104616375075	-0.043440428174
-0.003983053948	-0.104554276542	0.994511205838	0.319600044005
0.000000000000	0.000000000000	0.000000000000	1.000000000000
10	11	38
0.987768541273	-0.050186652596	0.147629972474	-0.156827618559
0.040145182217	0.996722697400	0.070229828655	-0.003369931607
-0.150670744394	-0.063444183258	0.986546077178	0.360825836319
0.000000000000	0.000000000000	0.000000000000	1.000000000000
14	15	38
0.994794704383	0.046739515366	-0.090547853836	0.176452781513
-0.043674491894	0.998413411947	0.035541491267	-0.052554589384
0.092065383770	-0.031401855790	0.995257699575	0.120319750502
0.000000000000	0.000000000000	0.000000000000	1.000000000000
14	16	38
0.993188025216	-0.004250630259	-0.116445174699	0.123198372601
0.011196949300	0.998191392659	0.059064134200	-0.015074909312
0.115983511305	-0.059965621525	0.991439332153	0.171315202129
0.000000000000	0.000000000000	0.000000000000	1.000000000000
14	17	38
0.924023285249	0.113493201697	-0.365103083371	0.282334115705
-0.102856544253	0.993512094096	0.048520616124	-0.089117920477
0.368241088993	-0.007280937661	0.929701827644	0.715749376078
0.000000000000	0.000000000000	0.000000000000	1.000000000000
15	16	38
0.997100385468	-0.065825452645	-0.038181554246	-0.018839443454
0.066793540131	0.997462088746	0.024657747489	0.039591257523
0.036461545460	-0.027136530702	0.998966548191	0.056177139440
0.000000000000	0.000000000000	0.000000000000	1.000000000000
15	17	38
0.929804992863	0.112142657847	-0.350551992632	0.345536967969
-0.115280493461	0.993260772307	0.011976895382	-0.080112654206
0.349532663817	0.029275629569	0.936466686241	0.634663757974
0.000000000000	0.000000000000	0.000000000000	1.000000000000
16	17	38
0.969151973288	0.127087338412	-0.211171165377	0.064860203128
-0.129205993328	0.991610521871	0.003792651189	-0.124315302993
0.209881547449	0.023608924801	0.977441739804	0.507486738267
0.000000000000	0.000000000000	0.000000000000	1.000000000000
17	18	38
0.971227300983	0.053569385885	-0.232051396725	0.197293777766
-0.027999094511	0.993300422955	0.112117440500	-0.185268775021
0.236502812949	-0.102394290142	0.966220383150	0.605300745361
0.000000000000	0.000000000000	0.000000000000	1.000000000000
18	19	38
0.893366929054	0.016024894545	-0.449042016773	0.293393096919
-0.018176616561	0.999834675794	-0.000481342209	-0.006972358926
0.448960065800	0.008592079770	0.893510512239	0.529001777856
0.000000000000	0.000000000000	0.000000000000	1.000000000000
19	20	38
0.911682577691	0.060890176495	-0.406358541120	0.357977733089
-0.060597053477	0.998069625875	0.013602169512	-0.089266855302
0.406402355610	0.012223269284	0.913612454514	0.163116663250
0.000000000000	0.000000000000	0.000000000000	1.000000000000
19	21	38
-0.588708844443	-0.014652075619	0.808212356473	-3.063000206606
0.210214576343	0.962660005540	0.170574164595	-0.492551638495
-0.780532977117	0.270316537442	-0.563646379584	4.898882610532
0.000000000000	0.000000000000	0.000000000000	1.000000000000
20	21	38
0.925009324179	0.069669757750	-0.373502175411	0.248845954703
-0.040569878760	0.995535544852	0.085223611007	-0.051621980484
0.377772200034	-0.063679696848	0.923706155165	-0.274810170461
0.000000000000	0.000000000000	0.000000000000	1.000000000000
21	22	38
0.933624744301	0.046144673885	-0.355268216846	0.072291540789
-0.040235509571	0.998901766959	0.024007576644	0.059678472179
0.355985871347	-0.008119669867	0.934456061226	-0.097230961036
0.000000000000	0.000000000000	0.000000000000	1.000000000000
22	23	38
0.994537318202	0.048576159283	-0.092389823320	-0.057297766364
-0.037947121653	0.992811922732	0.113509920441	0.049512269190
0.097239594107	-0.109383924000	0.989231832539	-0.004578425831
0.000000000000	0.000000000000	0.000000000000	1.000000000000
22	24	38
0.954978310055	0.037236779448	-0.294329491523	0.125242185270
-0.001014844282	0.992496130938	0.122271828988	0.025392817573
0.296673890687	-0.116468246013	0.947850067392	0.407278046161
0.000000000000	0.000000000000	0.000000000000	1.000000000000
23	24	38
0.953744941476	0.047843522361	-0.296785417392	0.391332509372
-0.038792157104	0.998587154890	0.036316148420	-0.135045600529
0.298103598025	-0.023123396312	0.954253401035	0.489919958220
0.000000000000	0.000000000000	0.000000000000	1.000000000000
23	25	38
0.845566652479	0.117957604843	-0.520675560858	0.731441330314
-0.133376103665	0.991033881384	0.007915865041	-0.196261534056
0.516940858499	0.062752286077	0.853717927308	0.975998982422
0.000000000000	0.000000000000	0.000000000000	1.000000000000
24	25	38
0.990765976428	0.065589793166	-0.118662373922	0.321417044383
-0.064512054820	0.997833480467	0.012905039418	-0.113353395748
0.119251728437	-0.005130720409	0.992850794920	0.259939764431
0.000000000000	0.000000000000	0.000000000000	1.000000000000
25	26	38
0.916956481524	0.106422898034	-0.384532154398	0.385922829614
-0.111511160114	0.993721406564	0.009111932140	-0.106825898734
0.383087551562	0.034524381403	0.923066625400	0.465177485653
0.000000000000	0.000000000000	0.000000000000	1.000000000000
26	27	38
0.948355826366	-0.038172652927	-0.314903279065	0.288137060478
0.053484539585	0.997762235108	0.040123885877	-0.121596682538
0.312666964393	-0.054894177843	0.948275275759	0.369637048048
0.000000000000	0.000000000000	0.000000000000	1.000000000000
26	28	38
0.963061336932	0.073031501365	-0.259189623858	0.331951796264
-0.051834260190	0.994797078632	0.087703944124	-0.491107981729
0.264246231341	-0.071029375281	0.961836138367	0.911261606103
0.000000000000	0.000000000000	0.000000000000	1.000000000000
27	28	38
0.996740532961	0.003447603170	0.080600396932	0.155799805421
-0.003891694553	0.999978097945	0.005353348857	-0.227174489642
-0.080580175395	-0.005649571918	0.996732119313	0.463875419314
0.000000000000	0.000000000000	0.000000000000	1.000000000000
29	30	38
0.964463287971	-0.006232332771	0.264143378080	0.097409714432
-0.005427542467	0.999043491079	0.043389453964	0.288110146350
-0.264161140099	-0.043281184835	0.963506943982	0.312844268831
0.000000000000	0.000000000000	0.000000000000	1.000000000000
30	31	38
0.954884360361	-0.010836401460	0.296780105030	-0.060598975317
0.017759579864	0.999629195874	-0.020641416583	0.016002544520
-0.296446379066	0.024980855848	0.954722735238	0.669629850749
0.000000000000	0.000000000000	0.000000000000	1.000000000000
31	32	38
0.822186149085	-0.011284684993	0.569106837190	-0.466740896959
0.028918140322	0.999340483456	-0.021962224062	0.093410336744
-0.568483665036	0.034514547803	0.821970235822	0.277429221042
0.000000000000	0.000000000000	0.000000000000	1.000000000000
31	33	38
0.656172495322	-0.075708633611	0.750803475738	-0.963456602619
0.075304695365	0.996557450818	0.034676361911	0.082003853604
-0.750844097825	0.033785352096	0.659614804825	0.126760326697
0.000000000000	0.000000000000	0.000000000000	1.000000000000
31	34	38
0.439027346663	-0.011312306345	0.898402482525	-1.397865646892
0.091115614737	0.995326266614	-0.031993245228	0.035917577768
-0.893841671457	0.095904404040	0.438006177642	0.364788201971
0.000000000000	0.000000000000	0.000000000000	1.000000000000
31	35	38
0.461913085192	0.084017536783	0.882936778734	-1.348019815157
0.125808396235	0.979230272909	-0.158997861797	0.122740167233
-0.877957031503	0.184524052991	0.441749164914	0.259836196050
0.000000000000	0.000000000000	0.000000000000	1.000000000000
31	36	38
0.541425325501	0.150636104936	0.827144111262	-1.439718959246
0.069348967574	0.972464216610	-0.222495096823	0.061655566594
-0.837883844935	0.177826070371	0.516070296659	0.311926049362
0.000000000000	0.000000000000	0.000000000000	1.000000000000
31	37	38
0.539801997966	-0.041836326572	0.840751761682	-1.327705780929
0.024559115205	0.999121778293	0.033948814438	-0.048433890084
-0.841433688922	0.002322481511	0.540355395297	0.182153385163
0.000000000000	0.000000000000	0.000000000000	1.000000000000
32	33	38
0.959864427913	-0.026635807777	0.279196729514	-0.459034020021
0.019644519736	0.999420197466	0.027809382238	0.028115838671
-0.279775575903	-0.021208551109	0.959831143737	-0.381690422964
0.000000000000	0.000000000000	0.000000000000	1.000000000000
32	34	38
0.867425203745	-0.025683044801	0.496904313845	-0.871658401808
0.069238577885	0.995181145046	-0.069429877410	0.087613885091
-0.492726633379	0.094630173594	0.865023465002	-0.457214622498
0.000000000000	0.000000000000	0.000000000000	1.000000000000
32	35	38
0.859987612518	0.086981154075	0.502847477026	-0.865585412900
0.027538429943	0.976021172520	-0.215926621027	0.131682345943
-0.509571330819	0.199541849314	0.836970793505	-0.491979361388
0.000000000000	0.000000000000	0.000000000000	1.000000000000
32	36	38
0.927233795772	0.043813375745	0.371911113150	-0.794706021863
0.056714860242	0.965246982194	-0.255111128712	0.111595269277
-0.370163359352	0.257640547024	0.892524753675	-0.546254452211
0.000000000000	0.000000000000	0.000000000000	1.000000000000
32	37	38
0.897247656292	0.029896244171	0.440514310622	-0.818035126708
-0.017670796756	0.999337093608	-0.031829487595	0.076503491605
-0.441173873003	0.020774694295	0.897181155540	-0.535033097393
0.000000000000	0.000000000000	0.000000000000	1.000000000000
33	34	38
0.974494007583	-0.012087361877	0.224087761531	-0.330989719373
0.039111014302	0.992414259166	-0.116551562687	0.087111012433
-0.220979088932	0.122343099059	0.967574497580	-0.177113678146
0.000000000000	0.000000000000	0.000000000000	1.000000000000
33	35	38
0.970270973874	0.006368488823	0.241937346449	-0.345929259455
0.050578538819	0.972244775528	-0.228433596194	0.099856975654
-0.236677097895	0.233879325314	0.943018776336	-0.229939077699
0.000000000000	0.000000000000	0.000000000000	1.000000000000
33	36	38
0.996189139818	0.009334314817	0.086718327221	-0.244860558503
0.013966795355	0.964353612230	-0.264248063771	0.021621783878
-0.086093706719	0.264452228476	0.960548224983	-0.265562104623
0.000000000000	0.000000000000	0.000000000000	1.000000000000
33	37	38
0.983899279917	0.041735012423	0.173782610515	-0.333498404723
-0.031201495081	0.997531283980	-0.062911081580	0.056143113639
-0.175979185371	0.056475890598	0.982772506787	-0.251253694989
0.000000000000	0.000000000000	0.000000000000	1.000000000000
34	35	38
0.999627628571	-0.027100292584	-0.003190351138	0.031244994890
0.026343468601	0.988914386530	-0.146131303203	0.104308504000
0.007115185210	0.145992843165	0.989260058773	-0.032135242194
0.000000000000	0.000000000000	0.000000000000	1.000000000000
34	36	38
0.991895534620	0.000760788318	-0.127053805933	0.070069311351
-0.020999180187	0.987211474789	-0.158027018184	-0.041315135722
0.125308750023	0.159414319450	0.979226629500	-0.058915863395
0.000000000000	0.000000000000	0.000000000000	1.000000000000
34	37	38
0.994604350016	0.097768460558	-0.034691714412	-0.013653680776
-0.096231765757	0.994407835980	0.043502907960	-0.008640379154
0.038750924996	-0.039929736560	0.998450790951	-0.064105483935
0.000000000000	0.000000000000	0.000000000000	1.000000000000
35	36	38
0.992389643041	0.005873122754	-0.122997165875	0.019606179768
-0.009831482411	0.999452229325	-0.031600367890	-0.088454067441
0.122744198794	0.032569122284	0.991903782600	-0.018086943039
0.000000000000	0.000000000000	0.000000000000	1.000000000000
35	37	38
0.996858707193	0.052519524992	-0.059282521771	0.000825737862
-0.041401460024	0.983652226231	0.175254720162	-0.044622264821
0.067517679172	-0.172249810815	0.982736671583	-0.003473184839
0.000000000000	0.000000000000	0.000000000000	1.000000000000
36	37	38
0.994501310140	0.077055241379	0.070919911919	-0.022256606683
-0.090840809499	0.971689808833	0.218098286878	-0.028689090923
-0.052106539515	-0.223341454248	0.973346548437	0.009784670570
0.000000000000	0.000000000000	0.000000000000	1.000000000000
