0	1	37
0.960903039462	0.032128142588	0.275014783614	-0.126878576007
0.027919584880	0.976940038180	-0.211680557873	-0.030754682107
-0.275473856350	0.211082790050	0.937847647655	-0.101666065080
0.000000000000	0.000000000000	0.000000000000	1.000000000000
0	12	37
0.990332779750	-0.080081613682	-0.113260410129	-0.867664387634
0.085262910238	0.995487154251	0.041660075110	-0.046723157515
0.109413077327	-0.050914250171	0.992691552114	0.585897420952
0.000000000000	0.000000000000	0.000000000000	1.000000000000
2	3	37
0.654782548470	-0.293914036422	0.696329199024	-0.262111158138
0.302726042047	0.946150836765	0.114697591758	0.033648867747
-0.692543686482	0.135695000948	0.708498489082	0.039593781465
0.000000000000	0.000000000000	0.000000000000	1.000000000000
3	4	37
0.881202077167	0.114228156296	0.458731759861	-0.197085743185
0.123799246970	0.880744083518	-0.457125372078	0.097919178390
-0.456241871868	0.459610473833	0.761972156117	-0.228428784124
0.000000000000	0.000000000000	0.000000000000	1.000000000000
4	5	37
0.982030239554	-0.140005027369	0.126551179024	-0.000082161548
0.064938067201	0.880293926313	0.469963456798	0.073414822288
-0.177199480894	-0.453300337093	0.873566911211	-0.038416634077
0.000000000000	0.000000000000	0.000000000000	1.000000000000
5	6	37
0.809354692885	-0.348214450456	0.472960545499	0.123775872584
0.324425630563	0.936342677789	0.134202831507	-0.000758424486
-0.489584508884	0.044822831726	0.870803033077	0.036705798941
0.000000000000	0.000000000000	0.000000000000	1.000000000000
6	7	37
0.802577228087	-0.353284438142	0.480686903008	0.014309874606
0.365215028832	0.928108234550	0.072340083463	0.156547056826
-0.471686098663	0.117495577476	0.873903320512	-0.305345290763
0.000000000000	0.000000000000	0.000000000000	1.000000000000
7	8	37
0.852296045259	-0.144248765041	0.502776038629	0.078078121538
0.280636587976	0.937265724165	-0.206823760226	0.126363048741
-0.441400675945	0.317372424903	0.839309351304	-0.287582916084
0.000000000000	0.000000000000	0.000000000000	1.000000000000
8	9	37
0.951027418659	0.163971989385	0.262030600609	-0.111608157315
0.002951153644	0.842848001198	-0.538143603111	-0.049924725189
-0.309092445153	0.512562614296	0.801087652367	-0.030604197302
0.000000000000	0.000000000000	0.000000000000	1.000000000000
8	10	37
0.776376996406	-0.307465343265	0.550185261656	-0.023833780936
0.271884692268	0.950919892495	0.147750032720	-0.086636279614
-0.568610124393	0.034877223934	0.821867450194	0.080785684868
0.000000000000	0.000000000000	0.000000000000	1.000000000000
8	15	37
0.910244404131	-0.302606310599	0.282638542195	0.150400185496
0.229840957717	0.937016912245	0.263006540455	-0.346464748756
-0.344424532960	-0.174438318474	0.922465725186	0.779703525449
0.000000000000	0.000000000000	0.000000000000	1.000000000000
8	16	37
0.946105160506	-0.189032057850	0.262967500594	0.655124759452
0.168383878298	0.980720156405	0.099170783756	-0.640093430893
-0.276643985644	-0.049546502667	0.959694352010	1.027972632035
0.000000000000	0.000000000000	0.000000000000	1.000000000000
10	14	37
0.749066636103	-0.294171525152	0.593601118991	-0.463063034760
0.337234861295	0.940546820039	0.040550310015	-0.190409393211
-0.570238391381	0.169808106711	0.803737136065	0.333165773798
0.000000000000	0.000000000000	0.000000000000	1.000000000000
10	15	37
0.941961161717	0.188960072345	-0.277494614139	-0.203789898178
-0.126248767310	0.965265494047	0.228743906485	-0.382606681116
0.311079440930	-0.180434522918	0.933098582343	0.726268688898
0.000000000000	0.000000000000	0.000000000000	1.000000000000
10	16	37
0.917695443978	0.171644592960	-0.358292067746	-0.104901637097
-0.153894225315	0.985025996398	0.077719713292	-0.714659573078
0.366267169586	-0.016183946593	0.930368980758	1.186172551246
0.000000000000	0.000000000000	0.000000000000	1.000000000000
11	12	37
0.859170014211	0.020500986901	0.511279371985	-0.331851480733
0.175339629348	0.926906823121	-0.331812832229	0.141399313990
-0.480710828941	0.374731171359	0.792775912949	-0.194896137039
0.000000000000	0.000000000000	0.000000000000	1.000000000000
11	13	37
0.794243485317	-0.083007870487	0.601902799020	-0.379178190651
0.308927345670	0.908193307576	-0.282398320058	0.215423402766
-0.523202810704	0.410237260024	0.746970019050	-0.427647640246
0.000000000000	0.000000000000	0.000000000000	1.000000000000
12	13	37
0.990429251614	-0.096917037479	0.098269961809	0.098047989226
0.094852693705	0.995165266703	0.025476625460	0.004409524068
-0.100263971817	-0.015911624500	0.994833632404	-0.208103418302
0.000000000000	0.000000000000	0.000000000000	1.000000000000
14	15	37
0.474784931206	0.572400930712	-0.668533053499	-0.048953260048
-0.353971066917	0.819656987747	0.450407489084	-0.138379525714
0.805781454791	0.022794669497	0.591774154688	0.401617369936
0.000000000000	0.000000000000	0.000000000000	1.000000000000
15	16	37
0.998773690659	0.034967019676	-0.035048857073	0.274631235910
-0.041350602649	0.978479773166	-0.202157021065	-0.359435531910
0.027225769185	0.203358405383	0.978725761617	0.355893494813
0.000000000000	0.000000000000	0.000000000000	1.000000000000
16	17	37
0.702975695339	-0.444255226628	0.555393973119	-0.047370822245
0.409056843937	0.891375156212	0.195250683267	-0.171869089572
-0.581805526092	0.089931220950	0.808340711153	0.389565200514
0.000000000000	0.000000000000	0.000000000000	1.000000000000
17	18	37
0.954214094337	0.233853010299	-0.186516036157	-0.100144359982
-0.289844286473	0.876964586456	-0.383305887904	-0.377991935738
0.073930722764	0.419816488096	0.904592927540	0.392693928970
0.000000000000	0.000000000000	0.000000000000	1.000000000000
17	19	37
0.928096431353	0.220173368408	-0.300267717135	-0.074171474836
-0.306959984273	0.908878139114	-0.282340390834	-0.668959082511
0.210742929098	0.354209282889	0.911110971150	0.827638895745
0.000000000000	0.000000000000	0.000000000000	1.000000000000
18	19	37
0.991499391847	-0.013872676458	-0.129369644102	0.116769814499
0.026403847932	0.995064042447	0.095657661713	-0.148794368684
0.127404053238	-0.098260369824	0.986971684974	0.535849054800
0.000000000000	0.000000000000	0.000000000000	1.000000000000
19	20	37
0.774039196555	-0.494296065698	0.395644691146	0.113702405947
0.362615667794	0.858354013992	0.362957661628	-0.062807671401
-0.519011752917	-0.137476492901	0.843639149301	0.458265936334
0.000000000000	0.000000000000	0.000000000000	1.000000000000
20	21	37
0.387067325501	-0.558617839949	0.733570033753	-0.101090480086
0.719985081924	0.680126257614	0.138020851727	-0.197029672673
-0.576021151813	0.474736118907	0.665451162798	0.189265176793
0.000000000000	0.000000000000	0.000000000000	1.000000000000
21	22	37
0.944781249788	-0.050194935308	0.323834615998	-0.195216342624
0.174766866704	0.913114908940	-0.368344547094	-0.111830424998
-0.277209185186	0.404600582724	0.871466256437	0.030013989404
0.000000000000	0.000000000000	0.000000000000	1.000000000000
21	28	37
0.587700715462	-0.465457402344	0.661783405389	0.041701750968
0.562223920535	0.823139544331	0.079658984031	-0.531773443634
-0.581817954538	0.325254818815	0.745450984716	0.573051020029
0.000000000000	0.000000000000	0.000000000000	1.000000000000
22	23	37
0.985322102239	0.143105562243	-0.093065315208	-0.075829696430
-0.170681085634	0.835108918452	-0.522935045037	-0.145718667208
0.002884761092	0.531143946945	0.847276687852	0.258143947715
0.000000000000	0.000000000000	0.000000000000	1.000000000000
22	29	37
0.962467847758	0.182562689361	-0.200814607251	0.053577869346
-0.152173998499	0.975695783441	0.157673118688	-0.376501422347
0.224719194135	-0.121196545451	0.966857115172	0.942404682060
0.000000000000	0.000000000000	0.000000000000	1.000000000000
23	28	37
0.763392215589	-0.518025570078	0.385852088141	0.083094936853
0.030099499883	0.625233829570	0.779856832033	0.226085706485
-0.645233558709	-0.583722679966	0.492890949003	0.392569023793
0.000000000000	0.000000000000	0.000000000000	1.000000000000
23	29	37
0.975475953243	0.019566146856	-0.219234647220	0.165010383308
0.125431385160	0.769067435247	0.626739377779	0.187227961439
0.180869102561	-0.638868097450	0.747752580604	0.711075951957
0.000000000000	0.000000000000	0.000000000000	1.000000000000
23	30	37
0.846212472722	-0.062131956868	-0.529210800103	0.272935265795
0.144149080342	0.982838629405	0.115105478526	0.079067637217
0.512977088813	-0.173688941749	0.840646571317	0.676711906627
0.000000000000	0.000000000000	0.000000000000	1.000000000000
24	27	37
0.855727846240	0.196917659134	0.478490635949	-0.095546904824
0.182773948588	0.750099357149	-0.635566391593	0.022723030086
-0.484069764484	0.631327482315	0.605889489253	-0.170323232967
0.000000000000	0.000000000000	0.000000000000	1.000000000000
24	28	37
0.953672806639	-0.192420257346	0.231263102202	0.051598489569
0.139142756804	0.963663760548	0.228016336773	0.025458470393
-0.266734832945	-0.185274394262	0.945793808250	0.024658587819
0.000000000000	0.000000000000	0.000000000000	1.000000000000
25	27	37
0.935477018702	0.000367473532	-0.353387340525	0.127409119116
-0.267862809662	0.653007783785	-0.708399851437	0.027996290196
0.230504365858	0.757351107003	0.610972207258	-0.206733436465
0.000000000000	0.000000000000	0.000000000000	1.000000000000
26	27	37
0.748390125317	-0.155063017793	-0.644878035632	0.167029808212
-0.061834014798	0.951741084516	-0.300608487335	-0.018134113098
0.660370180234	0.264847821506	0.702685460574	-0.016373369030
0.000000000000	0.000000000000	0.000000000000	1.000000000000
28	29	37
0.642005453292	0.418122673841	-0.642652649230	-0.117986979289
-0.534514209268	0.845011682339	0.015805593965	-0.211590094708
0.549657673496	0.333359695119	0.765994618543	0.166593004926
0.000000000000	0.000000000000	0.000000000000	1.000000000000
28	30	37
0.402020483159	0.063064766478	-0.913456275007	-0.061805927903
-0.604920845152	0.767195630563	-0.213264238789	-0.268727822026
0.687350203478	0.638305334205	0.346577549913	0.069229092901
0.000000000000	0.000000000000	0.000000000000	1.000000000000
29	30	37
0.943581848281	-0.062968250117	-0.325097362451	0.103197299354
-0.113691831903	0.860471886236	-0.496651085125	0.025013946921
0.311010390428	0.505591863537	0.804766677100	-0.097704367879
0.000000000000	0.000000000000	0.000000000000	1.000000000000
30	31	37
0.958041462322	0.228207513151	-0.173429776607	-0.128494302730
0.027155507699	0.530078802655	0.847513446134	0.221136057064
0.285340384233	-0.816662594905	0.501640380361	0.532760524695
0.000000000000	0.000000000000	0.000000000000	1.000000000000
31	32	37
0.745028601414	0.355158870713	-0.564618950824	0.074947384600
-0.560153470562	0.792707979788	-0.240503946325	-0.373192981528
0.362160837879	0.495455583614	0.789533591542	0.131090917004
0.000000000000	0.000000000000	0.000000000000	1.000000000000
31	33	37
0.418225862110	0.313210730193	-0.852634837873	0.228117997967
-0.745832429937	0.654200587862	-0.125521222485	-0.502623285874
0.518479618419	0.688418934467	0.507206324834	0.147377621305
0.000000000000	0.000000000000	0.000000000000	1.000000000000
31	34	37
-0.013319831181	-0.612206001072	0.790586108118	-2.359894123690
0.840892888827	0.420954484999	0.340141839648	-0.833193286517
-0.541037643438	0.669328868204	0.509192630123	0.944756609838
0.000000000000	0.000000000000	0.000000000000	1.000000000000
32	33	37
0.913765852193	0.090683480196	-0.395990497090	0.214975152822
-0.181354273430	0.963303212310	-0.197882663875	0.011388546054
0.363514229260	0.252632989875	0.896679417380	-0.047853122419
0.000000000000	0.000000000000	0.000000000000	1.000000000000
32	34	37
-0.655768440473	-0.445395155464	0.609582568623	-1.322392258494
0.454948571054	0.411225810973	0.789882985059	-0.852800193035
-0.602486141066	0.795309051803	-0.067037019211	2.029193263314
0.000000000000	0.000000000000	0.000000000000	1.000000000000
32	35	37
-0.566899323333	0.044213208396	0.822599750430	-1.378299989986
0.457082761657	0.847629630335	0.269442681797	-0.938202088663
-0.685346996930	0.528743039653	-0.500729759270	2.166737855375
0.000000000000	0.000000000000	0.000000000000	1.000000000000
32	36	37
-0.510979270769	-0.160917003622	0.844396768581	-1.424243570078
0.503882964301	0.739780160840	0.445900517959	-0.977202956111
-0.696420952537	0.653323068300	-0.296928990324	2.047134188635
0.000000000000	0.000000000000	0.000000000000	1.000000000000
33	34	37
0.913341653045	0.203037535292	-0.352962865009	0.132266726184
0.022689937196	0.840093496618	0.541966865860	0.086532289020
0.406561424096	-0.503009618400	0.762685473989	0.268006839547
0.000000000000	0.000000000000	0.000000000000	1.000000000000
33	35	37
0.818864773144	0.144491754003	-0.555502129906	0.166037648922
-0.179092967791	0.983798772437	-0.008104581394	-0.028170604722
0.545331268306	0.106123081263	0.831475615656	0.123930458124
0.000000000000	0.000000000000	0.000000000000	1.000000000000
33	36	37
0.814878964008	0.147728605469	-0.560489547756	0.169336172288
-0.058915681780	0.983078013115	0.173454785376	-0.026099933266
0.576629184535	-0.108323031973	0.809793124376	0.170779839146
0.000000000000	0.000000000000	0.000000000000	1.000000000000
34	35	37
0.974918067809	0.057764687388	-0.214937204669	0.083818273198
-0.170092721779	0.816207079728	-0.552154388735	-0.035340464162
0.143538242492	0.574864543952	0.805560382001	-0.202519200614
0.000000000000	0.000000000000	0.000000000000	1.000000000000
34	36	37
0.983486132785	0.111226610922	-0.142771382438	-0.050891782331
-0.160361929818	0.901247043417	-0.402539213242	-0.009231659956
0.083899213855	0.418786828536	0.904200483388	-0.159024616856
0.000000000000	0.000000000000	0.000000000000	1.000000000000
35	36	37
0.999428962387	-0.033538283211	0.004114936436	-0.044438040760
0.032012379878	0.978786612174	0.202365944179	0.029860592243
-0.010814651042	-0.202118656705	0.979301328466	0.029857062283
0.000000000000	0.000000000000	0.000000000000	1.000000000000
