0	1	60
0.993292264548	-0.011325016255	0.115074850406	-0.033716256420
0.022687306896	0.994936230688	-0.097914161239	-0.086840553156
-0.113383258442	0.099868117396	0.988519395780	-0.019708324484
0.000000000000	0.000000000000	0.000000000000	1.000000000000
0	2	60
0.946593497425	-0.146055404397	0.287451855931	0.102190694453
0.143578443162	0.989190160416	0.029800288505	-0.030185435117
-0.288697040669	0.013063130638	0.957331381146	-0.189262312871
0.000000000000	0.000000000000	0.000000000000	1.000000000000
1	2	60
0.975122298297	-0.133835200554	0.176704958777	0.132562040572
0.109943443008	0.984209130486	0.138725725113	0.003983559518
-0.192481019073	-0.115846996341	0.974438572069	-0.156650754026
0.000000000000	0.000000000000	0.000000000000	1.000000000000
1	34	60
0.416964669222	-0.383539506703	0.824037566752	-2.324070062637
0.163129999462	0.923466185674	0.347273389698	-0.727331469292
-0.894163893197	-0.010375486244	0.447619572169	1.448606824032
0.000000000000	0.000000000000	0.000000000000	1.000000000000
1	37	60
0.121361996890	-0.662243261480	0.739395109759	-1.632595397475
0.272219524046	0.738546873854	0.616802274517	-0.882407687590
-0.954551096819	0.126421429139	0.269907068850	1.976213092850
0.000000000000	0.000000000000	0.000000000000	1.000000000000
1	38	60
-0.312741232733	-0.526482200750	0.790575368730	-1.608547414056
0.173366403131	0.786704757273	0.592486046375	-0.964862507925
-0.933882761172	0.322354024601	-0.154760690130	2.130622584202
0.000000000000	0.000000000000	0.000000000000	1.000000000000
1	50	60
0.045373825222	-0.332253147830	0.942098222980	-2.596983777708
0.332888305715	0.894197250381	0.299327000667	-0.848137127845
-0.941873978780	0.300031870253	0.151176337203	3.539595072061
0.000000000000	0.000000000000	0.000000000000	1.000000000000
2	34	60
0.560082524350	-0.322171562698	0.763225425485	-2.758635422919
0.223799526978	0.945870633870	0.235037264505	-0.730413449399
-0.797634839787	0.039169224781	0.601867455664	1.094802651299
0.000000000000	0.000000000000	0.000000000000	1.000000000000
2	36	60
0.597249450990	-0.362529774336	0.715447591381	-2.494858963699
0.258985500471	0.931404010961	0.255759807068	-0.594795525457
-0.759091301385	0.032538148158	0.650170489238	1.259498087042
0.000000000000	0.000000000000	0.000000000000	1.000000000000
2	37	60
0.343435970552	-0.597874199915	0.724291498782	-2.180925942371
0.350983735694	0.797025651998	0.491488074460	-0.913691474085
-0.871126943338	0.085419852107	0.483571398509	1.615575898991
0.000000000000	0.000000000000	0.000000000000	1.000000000000
2	38	60
-0.102070752222	-0.480123162108	0.871242394944	-2.253306792007
0.303041203260	0.819181784486	0.486936580155	-0.967862562709
-0.947495430420	0.313724326716	0.061882599810	1.819873338385
0.000000000000	0.000000000000	0.000000000000	1.000000000000
3	4	60
0.727877405962	0.183123062613	-0.660802864575	0.054960059330
-0.124422440843	0.982954907688	0.135346613061	-0.060120335390
0.674324505046	-0.016297036294	0.738255286810	0.175299058375
0.000000000000	0.000000000000	0.000000000000	1.000000000000
3	6	60
0.655927823202	0.140604563746	-0.741612464434	0.295855740496
-0.124368756899	0.989201187710	0.077546260649	-0.051812261664
0.744507288787	0.041368670358	0.666331396571	0.316052161702
0.000000000000	0.000000000000	0.000000000000	1.000000000000
3	31	60
-0.163976800309	-0.475196478120	0.864465104063	-2.866820075605
0.092560261904	0.865049021763	0.493074829882	-0.294311373013
-0.982112115228	0.160867949356	-0.097863660228	2.316763328817
0.000000000000	0.000000000000	0.000000000000	1.000000000000
3	47	60
-0.983469715433	0.124107697857	-0.131850666126	-0.462204802476
0.041840636486	0.864216529248	0.501377254881	-0.580073414792
0.176172301920	0.487572630391	-0.855123529164	4.196832165637
0.000000000000	0.000000000000	0.000000000000	1.000000000000
4	6	60
0.996601385427	0.016962241581	-0.080609930685	0.213560628147
-0.020834754050	0.998656567976	-0.047444412328	-0.021792262209
0.079696873139	0.048962655137	0.995615923343	-0.049768914517
0.000000000000	0.000000000000	0.000000000000	1.000000000000
4	7	60
0.999750452574	-0.022254273055	-0.001944199011	0.510417659853
0.022320654979	0.998667361983	0.046532660264	-0.156996010849
0.000906057570	-0.046564443954	0.998914877064	0.474198083214
0.000000000000	0.000000000000	0.000000000000	1.000000000000
6	7	60
0.996684818305	-0.016943482047	0.079575695893	0.343857626700
0.009920781032	0.996085921488	0.087831743218	-0.098121688415
-0.080752405936	-0.086751111976	0.992951808250	0.527395477676
0.000000000000	0.000000000000	0.000000000000	1.000000000000
8	9	60
0.952728186292	0.106083027556	-0.284702290664	0.399986019126
-0.084125884458	0.992534258769	0.088309573290	-0.096582070513
0.291944923931	-0.060184187584	0.954539692708	0.585722043190
0.000000000000	0.000000000000	0.000000000000	1.000000000000
8	10	60
0.669936927289	0.277581828997	-0.688573047443	0.589819877960
-0.231386217852	0.959344379143	0.161613057625	-0.139396963923
0.705439530819	0.051055757927	0.706928835131	0.642769395516
0.000000000000	0.000000000000	0.000000000000	1.000000000000
8	24	60
-0.629177015608	-0.211602450642	0.747904195678	-2.063874550179
0.172073365485	0.900432742315	0.399514246878	-0.634213246299
-0.757975619609	0.380059573554	-0.530120439739	2.644838769206
0.000000000000	0.000000000000	0.000000000000	1.000000000000
8	26	60
-0.035331049130	-0.347945669881	0.936848721928	-1.978012169867
0.268488923376	0.899665441172	0.344261226376	-0.706869765391
-0.962634621750	0.263696615019	0.061633434397	2.536567069171
0.000000000000	0.000000000000	0.000000000000	1.000000000000
8	28	60
0.095054388832	-0.288704074586	0.952688102414	-1.910652264930
0.272586822552	0.927991845771	0.254022751646	-0.716511231769
-0.957424194041	0.235544245313	0.166906624091	2.698371360559
0.000000000000	0.000000000000	0.000000000000	1.000000000000
8	29	60
-0.487540375536	-0.412421777453	0.769553545704	-1.968478944211
0.234744341687	0.787030310509	0.570507129129	-0.693699589671
-0.840951530273	0.458793600460	-0.286895374498	2.810503676415
0.000000000000	0.000000000000	0.000000000000	1.000000000000
9	10	60
0.873466485470	0.165674120130	-0.457830082759	0.225495730149
-0.164720346015	0.985431305603	0.042336149405	-0.041891410384
0.458174100500	0.038434722019	0.888031117571	-0.018099254308
0.000000000000	0.000000000000	0.000000000000	1.000000000000
9	29	60
-0.722357267498	-0.354827997257	0.593546182243	-1.557495119743
0.302792299633	0.609370598889	0.732792123656	-1.173021790685
-0.621704754185	0.709058929548	-0.332744095443	2.552168181678
0.000000000000	0.000000000000	0.000000000000	1.000000000000
10	11	60
0.871634536005	0.127874038043	-0.473182275702	0.294170384458
-0.133500476195	0.990808040325	0.021841476209	-0.187441140465
0.471625761065	0.044132274152	0.880693751470	0.707026393726
0.000000000000	0.000000000000	0.000000000000	1.000000000000
11	12	60
0.995515861626	0.045261756360	-0.083063485728	0.146587207675
-0.031855891829	0.987219729044	0.156148675118	-0.254368113613
0.089069475163	-0.152802421436	0.984234752789	0.838748136309
0.000000000000	0.000000000000	0.000000000000	1.000000000000
11	15	60
0.320168038469	0.431240215824	-0.843519000022	1.336145137667
-0.299013085446	0.890874413984	0.341956069167	-0.749440887760
0.898934703899	0.142739814921	0.414175981150	2.223815826907
0.000000000000	0.000000000000	0.000000000000	1.000000000000
11	17	60
0.379121773019	0.590733924399	-0.712250034600	1.090171459916
-0.265296087744	0.806788793994	0.527929756420	-1.069018648279
0.886501363254	-0.011192517609	0.462590597072	2.133677912531
0.000000000000	0.000000000000	0.000000000000	1.000000000000
12	13	60
0.969649448751	0.164633443019	-0.180764421211	0.570059980645
-0.147872451964	0.983662706939	0.102671402680	-0.228127552606
0.194714366409	-0.072825190819	0.978152752435	0.426685691517
0.000000000000	0.000000000000	0.000000000000	1.000000000000
12	14	60
0.822819387373	0.266557459246	-0.501911722003	1.040295742342
-0.272312266741	0.960112656662	0.063480043319	-0.463254824271
0.498812875882	0.084444108368	0.862586173908	0.816545346065
0.000000000000	0.000000000000	0.000000000000	1.000000000000
12	15	60
0.399303954851	0.420628253652	-0.814633797403	1.364439331292
-0.442383068755	0.866658795979	0.230650713917	-0.663440523204
0.803027753019	0.268280456950	0.532139102396	1.211656436123
0.000000000000	0.000000000000	0.000000000000	1.000000000000
12	16	60
0.665797025261	0.372766333847	-0.646343238152	1.047169091318
-0.323929975282	0.924771964256	0.199665182842	-1.000917858800
0.672148564134	0.076433464374	0.736460612155	1.107797542135
0.000000000000	0.000000000000	0.000000000000	1.000000000000
12	17	60
0.485524408169	0.549747748576	-0.679737789157	1.065472753376
-0.382939359399	0.832709930810	0.399939518120	-0.927879724016
0.785890257031	0.066117955701	0.614821047003	1.032802062910
0.000000000000	0.000000000000	0.000000000000	1.000000000000
12	18	60
0.644949565519	0.553629161037	-0.526815726783	0.928593945730
-0.377056479439	0.830121283202	0.410764003400	-1.012669273564
0.664731877714	-0.066282782270	0.744135823304	1.251041043698
0.000000000000	0.000000000000	0.000000000000	1.000000000000
12	21	60
0.139356738241	0.700909745258	-0.699503558610	0.504496781886
-0.530776619961	0.649220650144	0.544783192774	-1.145419785361
0.835976003968	0.295360925696	0.462499777689	1.725313099281
0.000000000000	0.000000000000	0.000000000000	1.000000000000
13	14	60
0.941817753382	0.143845593492	-0.303789013375	0.526143325741
-0.173507830142	0.982132839958	-0.072870553415	-0.210374500726
0.287879058450	0.121340553437	0.949948481654	0.253649059038
0.000000000000	0.000000000000	0.000000000000	1.000000000000
13	15	60
0.637477497720	0.323810836155	-0.699120148680	0.927898757721
-0.407560153299	0.911770987144	0.050679270367	-0.347849472870
0.653847965008	0.252626620510	0.713205881401	0.539249625851
0.000000000000	0.000000000000	0.000000000000	1.000000000000
13	16	60
0.829422650824	0.255284798861	-0.496877990829	0.709283840945
-0.264375797040	0.962938983566	0.053422391071	-0.771221886138
0.492101111804	0.087052773641	0.866174526503	0.507910733668
0.000000000000	0.000000000000	0.000000000000	1.000000000000
13	17	60
0.684554263688	0.435504149024	-0.584569582043	0.680858358562
-0.362083196077	0.899141466684	0.245846256853	-0.670802924501
0.632677816258	0.043367719255	0.773199858860	0.418206548454
0.000000000000	0.000000000000	0.000000000000	1.000000000000
13	18	60
0.825140625684	0.397963514130	-0.400958837373	0.578047731343
-0.309957951963	0.912306862564	0.267623348260	-0.774453038602
0.472301827078	-0.096546516977	0.876133411187	0.637706669509
0.000000000000	0.000000000000	0.000000000000	1.000000000000
14	15	60
0.854856528373	0.228635894426	-0.465774563150	0.504823841072
-0.223898839812	0.972350009142	0.066368435660	-0.108211068161
0.468070107386	0.047550893801	0.882411064680	0.172224663091
0.000000000000	0.000000000000	0.000000000000	1.000000000000
14	16	60
0.969298057799	0.094782530973	-0.226886639029	0.334136413306
-0.080221379730	0.994130989053	0.072581725241	-0.479451037433
0.232434518481	-0.052152166083	0.971212822296	0.226475506789
0.000000000000	0.000000000000	0.000000000000	1.000000000000
14	17	60
0.884306367994	0.255900883329	-0.390534230814	0.328567983736
-0.159027479389	0.951494037876	0.263380630810	-0.439034757531
0.438990328281	-0.170803494690	0.882107509251	0.172518544661
0.000000000000	0.000000000000	0.000000000000	1.000000000000
14	18	60
0.968043465202	0.183340394381	-0.171108589114	0.255451168700
-0.128752415152	0.948853913688	0.288269086224	-0.470492078663
0.215208422402	-0.257026361037	0.942137349148	0.384467236098
0.000000000000	0.000000000000	0.000000000000	1.000000000000
14	20	60
0.987456684686	0.104032520549	-0.118770916212	0.347717559625
-0.089679484623	0.988667563535	0.120391190921	-0.803654749594
0.129949551393	-0.108229771698	0.985595977371	0.915873594547
0.000000000000	0.000000000000	0.000000000000	1.000000000000
14	21	60
0.675343515332	0.524360291264	-0.518611050061	0.257551449518
-0.367224801206	0.848914213218	0.380119197064	-0.728566687919
0.639575704416	-0.066264195028	0.765866812689	1.051081080609
0.000000000000	0.000000000000	0.000000000000	1.000000000000
15	16	60
0.952436897782	-0.187483878761	0.240236864258	-0.032557182117
0.177019330336	0.982083444952	0.064624019059	-0.385585579706
-0.248048609009	-0.019023731402	0.968560780340	0.099344966790
0.000000000000	0.000000000000	0.000000000000	1.000000000000
15	17	60
0.997436092707	-0.066958972856	0.025253453623	-0.071819857553
0.059219968268	0.970421767949	0.234039713829	-0.417398566371
-0.040177559957	-0.231944148978	0.971899004748	0.068470111684
0.000000000000	0.000000000000	0.000000000000	1.000000000000
15	18	60
0.958389386029	-0.168360889337	0.230530682748	-0.026032547796
0.094647345059	0.949293088957	0.299807457100	-0.418544921566
-0.269317034032	-0.265513167660	0.925727331874	0.285488045189
0.000000000000	0.000000000000	0.000000000000	1.000000000000
15	21	60
0.956243616770	0.244978964875	-0.159948279625	0.298373374309
-0.198740942894	0.945106788853	0.259374623433	-0.587976850437
0.214709531703	-0.216237056103	0.952439684476	0.830215827747
0.000000000000	0.000000000000	0.000000000000	1.000000000000
16	17	60
0.975718207647	0.149523617486	-0.160052076151	-0.089924723887
-0.116864992960	0.973423222275	0.196951272545	-0.005992449389
0.185247274438	-0.173464457888	0.967260838225	-0.044660742086
0.000000000000	0.000000000000	0.000000000000	1.000000000000
16	18	60
0.998241656109	0.038956890664	0.044676130977	-0.060291997886
-0.048027066513	0.973312599933	0.224401389689	-0.009364993414
-0.034741860793	-0.226152478391	0.973472166847	0.183170084814
0.000000000000	0.000000000000	0.000000000000	1.000000000000
16	19	60
0.947708406860	-0.115150370864	0.297639324781	0.241171436957
0.061682669624	0.981142274435	0.183180472715	-0.406039137002
-0.313119823445	-0.155242485827	0.936939564091	0.763470510826
0.000000000000	0.000000000000	0.000000000000	1.000000000000
16	20	60
0.993105803312	0.011931090422	0.116612660158	0.178592337616
-0.015934569430	0.999313034583	0.033459653462	-0.346310518692
-0.116133341142	-0.035087148559	0.992613690758	0.627591433173
0.000000000000	0.000000000000	0.000000000000	1.000000000000
16	21	60
0.829373780029	0.435964416656	-0.349391128121	0.089943875404
-0.347073074551	0.892106836737	0.289284760692	-0.300043967823
0.437812076035	-0.118660942423	0.891201529858	0.803674877597
0.000000000000	0.000000000000	0.000000000000	1.000000000000
17	18	60
0.980171858762	-0.095477216302	0.173629572532	0.117603649704
0.085012903381	0.994141151173	0.066754608850	-0.070431693095
-0.178985847343	-0.050670234963	0.982545975382	0.205391845538
0.000000000000	0.000000000000	0.000000000000	1.000000000000
17	21	60
0.935292382783	0.289412337521	-0.203638546448	0.376476253415
-0.279241135201	0.957074412599	0.077672113136	-0.396980263908
0.217376510047	-0.015781876890	0.975960237531	0.722430981088
0.000000000000	0.000000000000	0.000000000000	1.000000000000
17	22	60
0.587996345108	0.662546957246	-0.463995503840	0.336320452077
-0.590353105686	0.743662669403	0.313765907555	-0.276756879678
0.552940782315	0.089427979854	0.828407585475	0.765973703925
0.000000000000	0.000000000000	0.000000000000	1.000000000000
18	19	60
0.944541798088	-0.179295478787	0.275125285916	0.297016797529
0.191003050864	0.981456796436	-0.016136644304	-0.515676481591
-0.267130354367	0.067791504006	0.961272950707	0.477878723039
0.000000000000	0.000000000000	0.000000000000	1.000000000000
18	20	60
0.995392815591	-0.048052528039	0.082970459920	0.253076276434
0.064149387771	0.976904220046	-0.203821002120	-0.380562473913
-0.071260078016	0.208204465383	0.975485982409	0.370861695106
0.000000000000	0.000000000000	0.000000000000	1.000000000000
18	21	60
0.865717189320	0.372115089670	-0.334759776789	0.077849005588
-0.386936273297	0.921793935793	0.024005423194	-0.354301804904
0.317512312396	0.108748792985	0.941997681261	0.510107479846
0.000000000000	0.000000000000	0.000000000000	1.000000000000
19	20	60
0.968876763016	0.132093712856	-0.209353932639	-0.025125993719
-0.162890496804	0.977033070559	-0.137379274581	0.112481675534
0.186398777191	0.167205352957	0.968141449275	-0.116082269900
0.000000000000	0.000000000000	0.000000000000	1.000000000000
20	21	60
0.792635837338	0.433976929219	-0.428243452107	-0.143389141345
-0.367765929338	0.900539511912	0.231898272317	0.063124466651
0.486288649451	-0.026317530108	0.873401818766	0.139122461861
0.000000000000	0.000000000000	0.000000000000	1.000000000000
21	22	60
0.840136784745	0.424365688522	-0.337763149743	-0.076027286830
-0.403612196517	0.905164328422	0.133321916335	0.127782624756
0.362308401424	0.024316680644	0.931741016217	0.050775487706
0.000000000000	0.000000000000	0.000000000000	1.000000000000
22	23	60
0.978227196410	-0.024863258625	-0.206042157276	-0.143125460304
-0.074653636786	0.884187183869	-0.461128895642	-0.047702274816
0.193645001792	0.466470623139	0.863079817299	-0.117048288665
0.000000000000	0.000000000000	0.000000000000	1.000000000000
23	31	60
0.992943417140	0.084725839124	-0.082975312857	-0.863970667467
-0.072414051492	0.987279246187	0.141548208027	-0.339586611907
0.093912595031	-0.134540782791	0.986447769657	0.736995695790
0.000000000000	0.000000000000	0.000000000000	1.000000000000
23	32	60
0.960970247568	-0.122039513674	0.248279158191	-0.799231673295
0.039968271736	0.949271234262	0.311908097132	-0.554996441723
-0.273749375422	-0.289811112459	0.917099121443	0.678457575569
0.000000000000	0.000000000000	0.000000000000	1.000000000000
23	42	60
0.113752188308	-0.419913231438	0.900407306566	-2.860972393084
0.389946123365	0.852434728154	0.348277267574	-0.826341281132
-0.913784690465	0.311493037321	0.260709852466	2.458514406212
0.000000000000	0.000000000000	0.000000000000	1.000000000000
24	25	60
0.813552375895	0.145805979239	-0.562914867537	0.047346944927
-0.176958980644	0.984217887364	-0.000818145538	-0.028530111815
0.553911591182	0.100278445395	0.826514478121	0.108393492151
0.000000000000	0.000000000000	0.000000000000	1.000000000000
24	26	60
0.790743796565	0.246816553198	-0.560183753122	0.022876039324
-0.221011606145	0.968497649204	0.114743947270	-0.017575565268
0.570857353586	0.033074046517	0.820382830942	0.125200346589
0.000000000000	0.000000000000	0.000000000000	1.000000000000
24	28	60
0.638750877020	0.212995682347	-0.739344409871	0.043179667047
-0.229447475029	0.969928495338	0.081194643507	0.051627174844
0.734405319499	0.117777558272	0.668413998551	0.109511041616
0.000000000000	0.000000000000	0.000000000000	1.000000000000
24	29	60
0.956712848771	0.117235376293	-0.266376409506	0.080861679434
-0.063784099181	0.977488152512	0.201118125463	0.103667595368
0.283957943519	-0.175421715427	0.942653227899	0.051874070402
0.000000000000	0.000000000000	0.000000000000	1.000000000000
24	30	60
0.995383085459	0.014391421348	-0.094896786951	-0.107650030999
-0.024420957203	0.994130973412	-0.105390818159	-0.110644099683
0.092823111515	0.107221708131	0.989892607950	0.402924705109
0.000000000000	0.000000000000	0.000000000000	1.000000000000
24	31	60
0.925944653249	-0.101915395496	0.363647839648	-0.348309415539
0.032861238354	0.980989716128	0.191257198202	-0.295646886892
-0.376226843984	-0.165143661735	0.911691248645	0.940562338192
0.000000000000	0.000000000000	0.000000000000	1.000000000000
25	26	60
0.995107994254	0.086913186496	-0.046969966840	0.040660958141
-0.081349070937	0.990639781845	0.109613645518	0.024202075463
0.056057188919	-0.105256451770	0.992863873314	0.013909575883
0.000000000000	0.000000000000	0.000000000000	1.000000000000
25	27	60
0.890775519908	0.155064015657	-0.427169900837	0.071876021095
-0.157418158948	0.987074794369	0.030047854410	0.037357235915
0.426307982996	0.040478406213	0.903671955006	0.076275255349
0.000000000000	0.000000000000	0.000000000000	1.000000000000
25	28	60
0.958267301032	0.089758511277	-0.271417002831	0.008641298253
-0.077194592816	0.995405891814	0.056640139320	0.042864479783
0.275254018341	-0.033324468420	0.960793789110	-0.024186699656
0.000000000000	0.000000000000	0.000000000000	1.000000000000
25	29	60
0.950426843185	-0.172280076813	0.258859790017	-0.007669727392
0.109427811546	0.964544926355	0.240163775586	0.153292340498
-0.291057330804	-0.199931638759	0.935581621243	-0.081377310074
0.000000000000	0.000000000000	0.000000000000	1.000000000000
26	27	60
0.923783903314	0.068205681758	-0.376790770793	0.027911405659
-0.109477133637	0.989978532056	-0.089203493651	-0.010808755397
0.366930589062	0.123654725121	0.921993195076	0.045102395098
0.000000000000	0.000000000000	0.000000000000	1.000000000000
26	28	60
0.977390420252	0.003176004005	-0.211418730009	-0.028078900989
-0.021004641949	0.996399730188	-0.082136366477	0.036880555187
0.210396700108	0.084720072474	0.973938261854	-0.022695308470
0.000000000000	0.000000000000	0.000000000000	1.000000000000
26	29	60
0.942285546781	-0.207796914338	0.262523124161	0.036936356544
0.162652257862	0.969460547673	0.183549692232	0.065132578718
-0.292646871399	-0.130256243220	0.947307299540	-0.080161246290
0.000000000000	0.000000000000	0.000000000000	1.000000000000
27	28	60
0.986370531423	-0.076118371449	0.145873809400	-0.016931252291
0.073503812618	0.997024157477	0.023238307573	0.038809326514
-0.147208574042	-0.012199300638	0.989030238563	-0.052743099384
0.000000000000	0.000000000000	0.000000000000	1.000000000000
28	29	60
0.844939818302	-0.248188907476	0.473792116495	-0.004921009336
0.147398725399	0.959569451183	0.239791751540	0.057126302462
-0.514150094037	-0.132773244901	0.847361166351	-0.063752313989
0.000000000000	0.000000000000	0.000000000000	1.000000000000
29	30	60
0.977500148540	-0.044681557332	0.206148048836	-0.072171265535
0.099951405208	0.958737845962	-0.266141803024	-0.340373731139
-0.185750306060	0.280758439151	0.941632371281	0.339475253224
0.000000000000	0.000000000000	0.000000000000	1.000000000000
29	31	60
0.795516346907	-0.231023149987	0.560162517466	-0.065230921427
0.222574600064	0.971249019840	0.084474190529	-0.609724591637
-0.563572789628	0.057477348838	0.824064357415	0.824676508682
0.000000000000	0.000000000000	0.000000000000	1.000000000000
30	31	60
0.913954021300	-0.120009331286	0.387667134736	-0.089918072463
0.000133605122	0.955362901670	0.295434778355	-0.135187440034
-0.405817728913	-0.269962009394	0.873173799643	0.540220020803
0.000000000000	0.000000000000	0.000000000000	1.000000000000
30	32	60
0.681656399798	-0.360026408317	0.636965884431	-0.069313543662
0.036816166333	0.886336145321	0.461576437217	-0.352307504645
-0.730745593562	-0.291185890475	0.617431497963	0.524679138636
0.000000000000	0.000000000000	0.000000000000	1.000000000000
31	32	60
0.919817043006	-0.226890537182	0.320089505504	0.056023730614
0.165423957051	0.964043005132	0.207980765191	-0.218859789987
-0.355768916335	-0.138353779829	0.924276316789	-0.061606345586
0.000000000000	0.000000000000	0.000000000000	1.000000000000
31	33	60
0.971228224459	-0.061648352962	0.230033077168	-0.032550408196
0.074690642995	0.996030566451	-0.048419196038	-0.542172106941
-0.226135012466	0.064207408242	0.971977553683	0.402845012775
0.000000000000	0.000000000000	0.000000000000	1.000000000000
31	47	60
0.055287116671	-0.311176425429	0.948742624207	-2.216600849944
0.570371037479	0.789744388304	0.225789018217	-0.704618485062
-0.819524383003	0.528652091076	0.221148710748	1.686513348276
0.000000000000	0.000000000000	0.000000000000	1.000000000000
31	48	60
0.585017465462	-0.224150811877	0.779429906174	-2.353801625480
0.464131509693	0.880645790134	-0.095104858076	-0.574155328324
-0.665083834426	0.417395982077	0.619228622830	1.579464576382
0.000000000000	0.000000000000	0.000000000000	1.000000000000
33	34	60
0.884685816997	0.130901755207	-0.447432381134	-0.354440874395
-0.151817623472	0.988346993577	-0.011028576052	-0.286250738946
0.440774788761	0.077684945583	0.894249760874	0.617980849789
0.000000000000	0.000000000000	0.000000000000	1.000000000000
33	36	60
0.880366968447	0.127603256879	-0.456805658570	-0.527617219292
-0.109250121160	0.991787713697	0.066494676373	-0.331880612386
0.461539176987	-0.008633643111	0.887077814125	0.952651883686
0.000000000000	0.000000000000	0.000000000000	1.000000000000
33	38	60
0.975796289353	-0.176858733936	0.128617999970	-0.983024808196
0.161819064418	0.979581665502	0.119307799419	-0.670107195138
-0.147092460978	-0.095607263541	0.984491269175	1.180375009960
0.000000000000	0.000000000000	0.000000000000	1.000000000000
33	41	60
0.496734421026	-0.472858388386	0.727777341981	-1.496486821454
0.378590379238	0.872615868420	0.308562588350	-0.419841029194
-0.780976465533	0.122255841227	0.612477974763	1.203605043666
0.000000000000	0.000000000000	0.000000000000	1.000000000000
33	42	60
0.188639955021	-0.530841294698	0.826209711401	-2.013306485962
0.489622583862	0.780129942412	0.389444473995	-0.310271621056
-0.851284143364	0.331066145650	0.407075563577	1.065828376025
0.000000000000	0.000000000000	0.000000000000	1.000000000000
33	47	60
0.375099206896	-0.363400028150	0.852784266111	-2.364801230425
0.467354059008	0.868615981139	0.164579648923	0.022873203630
-0.800550291059	0.336818492443	0.495653643822	0.682694452944
0.000000000000	0.000000000000	0.000000000000	1.000000000000
33	48	60
0.794492404926	-0.207978264512	0.570549612221	-2.453837374479
0.335770343463	0.933294783795	-0.127354320663	0.245496686030
-0.506004046393	0.292755679760	0.811328550590	0.540185298078
0.000000000000	0.000000000000	0.000000000000	1.000000000000
34	35	60
0.948989116650	0.048807488896	-0.311508403589	-0.152253981707
-0.116974293039	0.971942802887	-0.204069112518	-0.045765003941
0.292808249964	0.230097842110	0.928072363455	0.017684821486
0.000000000000	0.000000000000	0.000000000000	1.000000000000
34	36	60
0.998485022751	-0.047470316073	-0.027824960631	0.022055966186
0.049248667562	0.996526215483	0.067157059184	-0.032904809202
0.024540335888	-0.068425660003	0.997354350754	0.370528447760
0.000000000000	0.000000000000	0.000000000000	1.000000000000
34	37	60
0.954083384901	-0.254744765079	0.157575376629	-0.178718854093
0.203010113048	0.936727150772	0.285182641488	-0.413684348759
-0.220253918592	-0.240098624883	0.945431574295	0.760760326583
0.000000000000	0.000000000000	0.000000000000	1.000000000000
35	50	60
0.782592931726	-0.195582644283	0.591012463886	-1.548289807837
0.089890820998	0.974919091452	0.203598638067	0.123865023211
-0.616009694334	-0.106208259461	0.780545874442	1.168831263890
0.000000000000	0.000000000000	0.000000000000	1.000000000000
36	37	60
0.961544924457	-0.200210919232	0.188007835134	-0.183981757802
0.157319736964	0.962615785357	0.220502494640	-0.423031384354
-0.225126317016	-0.182445711381	0.957095451763	0.372391966222
0.000000000000	0.000000000000	0.000000000000	1.000000000000
36	48	60
0.334493875596	-0.229046226133	0.914139854444	-1.964630490907
0.462224178844	0.885198033903	0.052661648911	0.065334420097
-0.821256753811	0.404922544529	0.401964024822	0.669424749186
0.000000000000	0.000000000000	0.000000000000	1.000000000000
36	49	60
0.822308728022	-0.127142548447	0.554655864652	-1.958211218289
0.236022955595	0.963128025469	-0.129141670224	0.155088117964
-0.517785206674	0.237105839090	0.821997141612	0.442505012128
0.000000000000	0.000000000000	0.000000000000	1.000000000000
37	38	60
0.904729260099	-0.154676536825	0.396913258630	-0.151642233378
0.217712359176	0.968764393721	-0.118730274658	-0.012938363927
-0.366150644656	0.193831675467	0.910144486883	0.017486951999
0.000000000000	0.000000000000	0.000000000000	1.000000000000
37	49	60
0.940574510985	-0.025398866539	0.338636216115	-1.644772124326
0.158135508992	0.915239197517	-0.370581127588	0.852396852999
-0.300520798085	0.402109573260	0.864867123326	-0.132724570701
0.000000000000	0.000000000000	0.000000000000	1.000000000000
38	39	60
0.934706797459	-0.145711905264	0.324177796046	0.193244307188
0.194733241445	0.972967967228	-0.124146282364	0.151863018815
-0.297325019904	0.179168567033	0.937814724307	0.051739735317
0.000000000000	0.000000000000	0.000000000000	1.000000000000
39	40	60
0.899030018207	-0.179504196866	0.399403642535	-0.136056679124
0.171813810178	0.983575644784	0.055307916426	0.052843177061
-0.402771698354	0.018899584512	0.915105329845	0.007088666560
0.000000000000	0.000000000000	0.000000000000	1.000000000000
40	41	60
0.998507679471	-0.020838618701	0.050479362202	-0.191533573766
0.015679834776	0.994811713879	0.100517643772	0.258406511213
-0.052312109679	-0.099576131170	0.993653882034	-0.463083340775
0.000000000000	0.000000000000	0.000000000000	1.000000000000
41	42	60
0.975067939238	-0.135634345897	0.175629832556	-0.013219040303
0.139322537932	0.990208096191	-0.008783886542	0.253063934767
-0.172718685424	0.033034080158	0.984417089070	-0.362237003473
0.000000000000	0.000000000000	0.000000000000	1.000000000000
41	43	60
0.818844032156	-0.123204907844	0.560638030895	-0.186564435942
0.212504474459	0.972364617128	-0.096689708306	0.211980782959
-0.533231937657	0.198311880734	0.822396558007	-0.553389095131
0.000000000000	0.000000000000	0.000000000000	1.000000000000
41	44	60
0.826326754038	-0.116810017790	0.550944203440	-0.289798159822
0.273598531037	0.938322286024	-0.211412230877	0.475602335107
-0.492268157994	0.325433107250	0.807319858130	-0.393643210191
0.000000000000	0.000000000000	0.000000000000	1.000000000000
41	45	60
0.788432914395	-0.091371410013	0.608296642216	-0.455815791348
0.334780175814	0.893355678777	-0.299729653318	0.566185156658
-0.516038538659	0.439962380925	0.734940358118	-0.209267637176
0.000000000000	0.000000000000	0.000000000000	1.000000000000
41	46	60
0.914043016072	-0.055418386309	0.401813597616	-0.058948107344
0.165388468627	0.955453769059	-0.244447846453	0.537661090221
-0.370367411114	0.289891182428	0.882491406834	-0.531684476968
0.000000000000	0.000000000000	0.000000000000	1.000000000000
41	47	60
0.992817493170	-0.080929076101	0.088113051792	0.171869024810
0.096077532807	0.978198019057	-0.184113397675	0.679127411690
-0.071291885544	0.191256686563	0.978947571068	-0.833491779351
0.000000000000	0.000000000000	0.000000000000	1.000000000000
41	48	60
0.931837953254	0.042628704512	-0.360362071294	0.203154926762
-0.110964522464	0.978979995520	-0.171128732617	0.648608369658
0.345492262765	0.199451653100	0.916980989141	-0.943745800283
0.000000000000	0.000000000000	0.000000000000	1.000000000000
42	43	60
0.924984981019	-0.078690269394	0.371766897924	-0.110566073944
0.135130272097	0.982491984296	-0.128254864851	-0.032075542470
-0.355165587371	0.168870785803	0.919423766959	-0.212128181618
0.000000000000	0.000000000000	0.000000000000	1.000000000000
42	44	60
0.927235736264	-0.105282744894	0.359373667681	-0.199950740688
0.192542567337	0.957133943675	-0.216383857136	0.170058580878
-0.321187249370	0.269833573695	0.907760206965	-0.078546590156
0.000000000000	0.000000000000	0.000000000000	1.000000000000
42	45	60
0.884443415222	-0.086121563977	0.458631574893	-0.462858792544
0.229908180369	0.935681051493	-0.267662471175	0.219777327862
-0.406081363608	0.342175460976	0.847356996806	0.066738861734
0.000000000000	0.000000000000	0.000000000000	1.000000000000
42	46	60
0.985943762027	0.009941465608	0.166781489924	0.095821113737
0.036959978799	0.960519526447	-0.275746621524	0.312890359065
-0.162938203276	0.278034901724	0.946650799047	-0.157564683121
0.000000000000	0.000000000000	0.000000000000	1.000000000000
42	47	60
0.989392784776	0.008909786922	-0.144991493300	0.385077620311
-0.034286325744	0.984240205446	-0.173481024470	0.409017949190
0.141160778190	0.176612099476	0.974105641612	-0.370326116773
0.000000000000	0.000000000000	0.000000000000	1.000000000000
42	48	60
0.831982861785	0.128214907713	-0.539782785142	0.384111657084
-0.233437994076	0.963515072503	-0.130940474956	0.462989298364
0.503300328450	0.234946041678	0.831558258261	-0.521275977464
0.000000000000	0.000000000000	0.000000000000	1.000000000000
43	44	60
0.998628457552	-0.042570848681	-0.030478297369	-0.106854604011
0.039536928250	0.994783381397	-0.094036457828	0.244766901251
0.034322515532	0.092702464579	0.995102114352	0.060683600889
0.000000000000	0.000000000000	0.000000000000	1.000000000000
43	45	60
0.993206911800	-0.068413125894	0.094125844259	-0.405645185416
0.082333624942	0.984789528099	-0.153005750060	0.317600655265
-0.082226544109	0.159716090463	0.983732466624	0.091987640751
0.000000000000	0.000000000000	0.000000000000	1.000000000000
43	46	60
0.971456266502	0.061115467941	-0.229210867657	0.234306338524
-0.081595180736	0.993372304428	-0.080954871848	0.225614551367
0.222744132929	0.097346619734	0.970004477759	0.073731757152
0.000000000000	0.000000000000	0.000000000000	1.000000000000
43	47	60
0.865885113040	0.067612069564	-0.495652679872	0.548450381547
-0.072377129987	0.997331074410	0.009606199654	0.354392248491
0.494979314790	0.027556053166	0.868467697651	-0.044380731351
0.000000000000	0.000000000000	0.000000000000	1.000000000000
44	45	60
0.995708239554	-0.014095342481	0.091468152953	-0.249253776596
0.018393098682	0.998757544228	-0.046314811550	0.049722305151
-0.090701684688	0.047798422237	0.994730373130	0.028475772393
0.000000000000	0.000000000000	0.000000000000	1.000000000000
44	46	60
0.969223172468	0.103430788090	-0.223402135231	0.388712328589
-0.105152239340	0.994447225516	0.004209777327	0.002364401710
0.222597054141	0.019411021057	0.974717273751	0.013528624733
0.000000000000	0.000000000000	0.000000000000	1.000000000000
44	47	60
0.883378133828	0.143326898863	-0.446206760075	0.591332264571
-0.091429365535	0.986499159881	0.135867872112	0.018362679755
0.459656114712	-0.079226306343	0.884556074306	-0.121102473257
0.000000000000	0.000000000000	0.000000000000	1.000000000000
45	46	60
0.950617507419	0.135389748592	-0.279277586936	0.543140929580
-0.121683140333	0.990376925265	0.065929957239	-0.070240961740
0.285516318180	-0.028690797812	0.957944293878	0.044192529933
0.000000000000	0.000000000000	0.000000000000	1.000000000000
45	47	60
0.807193643593	0.146387210042	-0.571847188049	0.972964993368
-0.052675498010	0.982760132651	0.177222497392	-0.033712432261
0.587931725333	-0.112930537981	0.800988751443	-0.039513957317
0.000000000000	0.000000000000	0.000000000000	1.000000000000
46	47	60
0.947675713061	0.021478058836	-0.318511280591	0.345690287447
0.018048547558	0.992533510027	0.120629521285	0.003794775013
0.318724007264	-0.120066333596	0.940212254085	-0.168398637918
0.000000000000	0.000000000000	0.000000000000	1.000000000000
46	48	60
0.709533476304	0.206544661333	-0.673722160003	0.343660867306
-0.159782303412	0.978333611084	0.131654703445	-0.013613182453
0.686317609799	0.014235459178	0.727162629803	-0.323567096742
0.000000000000	0.000000000000	0.000000000000	1.000000000000
47	48	60
0.861198196688	0.165316302265	-0.480633109790	0.152031093302
-0.177004741997	0.983979746437	0.021288022743	0.010889859401
0.476452502703	0.066741132796	0.876663352639	-0.101251057606
0.000000000000	0.000000000000	0.000000000000	1.000000000000
48	49	60
0.827834393278	0.186200071212	-0.529168924623	0.179116868507
-0.172966101644	0.982070027583	0.074974586400	0.008783642328
0.533641213727	0.029461744759	0.845197645884	-0.078599105438
0.000000000000	0.000000000000	0.000000000000	1.000000000000
48	50	60
0.682925156865	0.305972330634	-0.663320558258	0.191997933070
-0.275460565117	0.948881973129	0.154092433740	0.036516519784
0.676560941222	0.077485056348	0.732298681452	-0.198760193441
0.000000000000	0.000000000000	0.000000000000	1.000000000000
49	50	60
0.965522336255	0.119719760856	-0.231157515677	0.062160296835
-0.109652779233	0.992393129628	0.055965563285	0.005405418335
0.236099314273	-0.028688937378	0.971305337508	-0.122464092252
0.000000000000	0.000000000000	0.000000000000	1.000000000000
49	51	60
0.924382051464	0.060070341027	-0.376708610280	0.031870530713
-0.057665793321	0.998179588504	0.017668202364	-0.282872484200
0.377084180537	0.005391031716	0.926163299622	0.003699396775
0.000000000000	0.000000000000	0.000000000000	1.000000000000
50	51	60
0.988868082216	-0.039500339825	-0.143456052954	0.045225942585
0.032812455620	0.998274781749	-0.048690891133	-0.310373347649
0.145131866699	0.043441722765	0.988458172100	0.114732126162
0.000000000000	0.000000000000	0.000000000000	1.000000000000
51	55	60
0.851662078980	0.237561392083	-0.467157669550	1.393862696911
-0.169852951496	0.968369386532	0.182785957053	-0.182391729686
0.495804072286	-0.076323759205	0.865073988561	0.768671704354
0.000000000000	0.000000000000	0.000000000000	1.000000000000
52	53	60
0.902626178015	0.155208908634	-0.401467529750	0.661261407516
-0.157274514401	0.987156888733	0.028035765495	0.109078272975
0.400662838160	0.037834794933	0.915444055314	0.061897543721
0.000000000000	0.000000000000	0.000000000000	1.000000000000
52	54	60
0.822371932912	0.130864796159	-0.553695592437	1.075452127629
-0.179241967948	0.983223021783	-0.033834987261	0.077387151493
0.539978444833	0.127070431506	0.832031480506	-0.159242631563
0.000000000000	0.000000000000	0.000000000000	1.000000000000
52	55	60
0.977059868213	0.063387644492	-0.203312617544	1.199838436385
-0.069501073614	0.997315217180	-0.023064222228	0.131531541092
0.201304780602	0.036665571129	0.978842184011	-0.201231440165
0.000000000000	0.000000000000	0.000000000000	1.000000000000
53	54	60
0.985597530130	-0.001762619860	-0.169098792937	0.381719621561
-0.025474331068	0.986987562324	-0.158765897705	0.158757874638
0.167178249357	0.160786955282	0.972727602134	-0.307861476935
0.000000000000	0.000000000000	0.000000000000	1.000000000000
53	55	60
0.980283613880	-0.098562404933	0.171258543415	0.523012221666
0.109286421725	0.992523888486	-0.054339753503	0.200662127420
-0.164622338658	0.071984603341	0.983726436819	-0.381311259670
0.000000000000	0.000000000000	0.000000000000	1.000000000000
53	56	60
0.852678916970	0.304917500133	-0.424221619756	0.472425507994
-0.205402189121	0.942278602058	0.264425749139	0.269552449485
0.480362993224	-0.138334212024	0.866091819915	-0.316447951023
0.000000000000	0.000000000000	0.000000000000	1.000000000000
53	58	60
0.678603539559	0.069646379128	-0.731195335032	0.573976056061
-0.204838841398	0.973943769169	-0.097337472499	0.155501591878
0.705363938086	0.215830758633	0.675187972697	-0.482615343615
0.000000000000	0.000000000000	0.000000000000	1.000000000000
54	55	60
0.933345386560	-0.126768185132	0.335851480012	0.125420111477
0.096276533309	0.989693625405	0.106006400597	0.056990820921
-0.345828307867	-0.066605968741	0.935930780777	-0.107498928467
0.000000000000	0.000000000000	0.000000000000	1.000000000000
56	57	60
0.963831621925	0.014426815169	-0.266121159591	-0.016864668681
-0.144632775699	0.867017206076	-0.476825465512	0.076171885296
0.223852551407	0.498069303784	0.837745190292	-0.208439936165
0.000000000000	0.000000000000	0.000000000000	1.000000000000
56	58	60
0.960087620276	0.018992619855	-0.279053833130	-0.012980358875
-0.141852320968	0.892926254026	-0.427271136291	0.022862380876
0.241059495621	0.449802162359	0.859981589517	-0.206253060179
0.000000000000	0.000000000000	0.000000000000	1.000000000000
56	59	60
0.805026311499	0.300209437744	-0.511670725451	0.084574695764
-0.352519807572	0.935787712272	-0.005580576196	-0.109637617903
0.477139835965	0.184866576347	0.859163503581	0.255511000200
0.000000000000	0.000000000000	0.000000000000	1.000000000000
57	58	60
0.999564209153	-0.029394675483	0.002710135314	-0.004222216323
0.029336495287	0.999380116477	0.019461573264	-0.022389829851
-0.003280521976	-0.019373586216	0.999806932529	0.010478956823
0.000000000000	0.000000000000	0.000000000000	1.000000000000
58	59	60
0.936318050171	0.216850720966	-0.276196078430	0.210124345338
-0.102982275982	0.921527965985	0.374407343333	0.083226851053
0.335712912706	-0.322121052905	0.885175049082	0.434600265792
0.000000000000	0.000000000000	0.000000000000	1.000000000000
