0	7	60
0.966731316754	-0.170332030480	0.190833856011	0.721132013047
0.182600167381	0.981988811322	-0.048529921809	0.165158501248
-0.179130511304	0.081761689262	0.980421993883	0.081388820977
0.000000000000	0.000000000000	0.000000000000	1.000000000000
0	8	60
0.306863064898	-0.317573628143	0.897207919108	-0.669476999237
-0.243538430327	-0.937505120161	-0.248542114390	-0.017832146449
0.920067439026	-0.142236213318	-0.365027077441	2.501070237856
0.000000000000	0.000000000000	0.000000000000	1.000000000000
0	9	60
0.960517606098	0.064725321362	0.270585589326	1.201957223394
-0.048967453651	0.996709479833	-0.064594127401	-0.117217022112
-0.273876097641	0.048793909315	0.960526437718	0.046453632069
0.000000000000	0.000000000000	0.000000000000	1.000000000000
0	16	60
-0.102674773486	0.544638270948	-0.832362327780	1.183462148575
-0.276358446736	0.788222745979	0.549846261822	-0.565724790469
0.955554236978	0.286485700411	0.069584794692	0.795496528060
0.000000000000	0.000000000000	0.000000000000	1.000000000000
0	17	60
0.262441613395	-0.491926629277	0.830140103215	-0.057720217462
0.491317163989	0.808551671691	0.323808027349	-0.605896392544
-0.830500959619	0.322881380097	0.453889601619	0.919822303751
0.000000000000	0.000000000000	0.000000000000	1.000000000000
0	18	60
0.584800767180	-0.413207260507	0.698045716676	-0.076997250586
0.443314717123	0.883458803900	0.151567158034	-0.469679348823
-0.679323284076	0.220817349129	0.699828246097	0.658352625891
0.000000000000	0.000000000000	0.000000000000	1.000000000000
0	20	60
0.848084527286	-0.284480229476	0.447016368398	0.255599478189
0.252429032490	0.958680607007	0.131190995518	-0.192451900100
-0.465867167908	0.001578855964	0.884853258501	-0.412434388046
0.000000000000	0.000000000000	0.000000000000	1.000000000000
0	25	60
0.913304128271	-0.391915468059	-0.110805393275	0.763809134404
0.407202466827	0.883938216620	0.229868180071	-0.198721206061
0.007856226339	-0.255059787296	0.966893367757	-0.305146423933
0.000000000000	0.000000000000	0.000000000000	1.000000000000
0	30	60
-0.938714029083	0.236824477547	-0.250459853944	1.018241261629
-0.334384023314	-0.449242275244	0.828473719007	-2.341437320572
0.083685701022	0.861449676399	0.500900347850	2.068870476125
0.000000000000	0.000000000000	0.000000000000	1.000000000000
0	31	60
-0.836938833659	0.404996340101	-0.368118667304	-0.805412968548
0.261553303476	-0.294854325325	-0.919048854130	2.053121828002
-0.480752803584	-0.865470329556	0.140846904488	2.421649115869
0.000000000000	0.000000000000	0.000000000000	1.000000000000
0	32	60
-0.610286568089	0.602371597884	-0.514488836491	0.109989967547
-0.384416571353	0.342674560764	0.857203619378	-1.350519456932
0.692657349979	0.720917889547	0.022431942679	1.930531326327
0.000000000000	0.000000000000	0.000000000000	1.000000000000
0	33	60
-0.950373521656	0.182782135012	-0.251755556949	0.054750266025
-0.248737478783	0.039639066432	0.967759479964	-1.295711087163
0.186868499172	0.982354027595	0.007792848270	1.599411929760
0.000000000000	0.000000000000	0.000000000000	1.000000000000
0	34	60
0.786925551559	-0.564709375688	0.248699612613	0.170817503847
0.451479898432	0.801675488360	0.391768187420	-0.370235117382
-0.420611551929	-0.196009521126	0.885813857428	0.096551924351
0.000000000000	0.000000000000	0.000000000000	1.000000000000
0	36	60
0.883911255472	0.023863909219	-0.467045400669	-0.290836173236
0.016170782088	0.996540278629	0.081522873334	-0.387362441233
0.467375008164	-0.079611474718	0.880467270736	-0.063109214433
0.000000000000	0.000000000000	0.000000000000	1.000000000000
0	37	60
0.390813185570	-0.670259855115	0.630885711207	-0.224498480064
0.506011863668	0.728980897958	0.461019353433	-1.093764619874
-0.768906397302	0.139063212365	0.624054785380	1.173111371301
0.000000000000	0.000000000000	0.000000000000	1.000000000000
0	38	60
0.622082971058	-0.621093634808	0.476713198811	-0.410991564927
0.431350920749	0.780004369701	0.453353687994	-0.874580588929
-0.653413468096	-0.076392931927	0.753136746987	0.738829869098
0.000000000000	0.000000000000	0.000000000000	1.000000000000
0	41	60
0.965115765763	-0.067170738791	-0.253060566912	-0.499206766524
-0.028910555893	0.933280716523	-0.357982239678	-0.303049347937
0.260222478725	0.352810425040	0.898781990001	-0.003868993015
0.000000000000	0.000000000000	0.000000000000	1.000000000000
0	42	60
0.984565177800	-0.112479371632	-0.134088782607	-0.551064552047
0.058884357346	0.934364839152	-0.351418525146	-0.484020971224
0.164815178681	0.338098710901	0.926566359503	0.465461484431
0.000000000000	0.000000000000	0.000000000000	1.000000000000
0	43	60
0.956644221564	-0.125221705762	-0.262966457469	-0.501944180418
0.016182623715	0.924318209604	-0.381279385862	-0.614409825806
0.290809140223	0.360493234056	0.886270089850	0.883264821087
0.000000000000	0.000000000000	0.000000000000	1.000000000000
0	44	60
0.998216407004	-0.058051700037	-0.013928564597	-0.560343860304
0.048896857429	0.928883231124	-0.367130821739	-0.663542523712
0.034250578426	0.365794946740	0.930065027198	1.207634370145
0.000000000000	0.000000000000	0.000000000000	1.000000000000
0	45	60
0.987305752681	-0.056784357926	0.148333702908	-0.503465382266
0.094786923020	0.960021720220	-0.263388944206	-0.864465654792
-0.127447204551	0.274105515085	0.953217381635	1.443869036681
0.000000000000	0.000000000000	0.000000000000	1.000000000000
0	46	60
0.898670039748	0.067546366033	0.433393179567	-0.490073227932
0.103409628654	0.927592556225	-0.358996515773	-0.651376247295
-0.426261197343	0.367436440860	0.826614694745	1.712981672342
0.000000000000	0.000000000000	0.000000000000	1.000000000000
0	47	60
0.732191539755	-0.318143550693	0.602229383428	-0.262546532709
0.463942247438	0.880314805876	-0.099012290136	-1.046017661597
-0.498651321220	0.351895614790	0.792159287099	1.731857577252
0.000000000000	0.000000000000	0.000000000000	1.000000000000
0	48	60
0.660895902009	-0.246697532071	0.708771426044	-0.088264623566
0.327672640066	0.944506212366	0.023208958477	-1.089611446408
-0.675164607825	0.216906298828	0.705056316807	1.846940883208
0.000000000000	0.000000000000	0.000000000000	1.000000000000
0	49	60
0.485174039726	-0.343712122736	0.804032417170	0.044223182070
0.461484611007	0.881670890972	0.098429638914	-1.150358508298
-0.742723437748	0.323293081734	0.586381683141	1.932077009964
0.000000000000	0.000000000000	0.000000000000	1.000000000000
0	50	60
0.624520239428	-0.393183603290	0.674819327412	0.199230807547
0.283689132339	0.919221975472	0.273041088487	-1.146376714684
-0.727664034248	0.020919223523	0.685614643477	2.005676271968
0.000000000000	0.000000000000	0.000000000000	1.000000000000
0	51	60
0.808105923118	-0.152450860633	0.568967092294	0.055559612472
0.201004056260	0.979318359468	-0.023085063930	-0.863654942649
-0.553680581553	0.133019870327	0.822036208272	2.112772502905
0.000000000000	0.000000000000	0.000000000000	1.000000000000
0	52	60
0.724168930209	-0.215991883441	0.654925084882	-0.016692114382
0.188262563849	0.975531367766	0.113559489070	-0.962288318370
-0.663427891766	0.041061621894	0.747112692727	2.081511861571
0.000000000000	0.000000000000	0.000000000000	1.000000000000
0	53	60
-0.569099452931	0.792889753259	-0.217834000674	0.291946806056
-0.805057305143	-0.483360276449	0.343868548411	-0.000088321077
0.167357545717	0.371064256332	0.913401756931	0.171333018601
0.000000000000	0.000000000000	0.000000000000	1.000000000000
0	59	60
0.971139940192	0.121401093275	-0.205302194619	0.181264555841
-0.109218228682	0.991570440387	0.069709685663	-0.407129121400
0.212034419582	-0.045275117925	0.976212870541	0.964641035252
0.000000000000	0.000000000000	0.000000000000	1.000000000000
1	6	60
0.940716150832	-0.194629708330	0.277799208422	0.580709772239
0.222484749743	0.972256982522	-0.072228083660	0.088364201995
-0.256034489271	0.129752212207	0.957919988168	0.152094313567
0.000000000000	0.000000000000	0.000000000000	1.000000000000
1	7	60
-0.301793204390	0.266223044320	-0.915448607218	1.482514081779
-0.533082706705	0.748961900499	0.393546565750	-0.619957722858
0.790407293486	0.606779500539	-0.084112710865	1.570093196575
0.000000000000	0.000000000000	0.000000000000	1.000000000000
1	9	60
0.964479315110	0.039931325491	0.261122844594	1.391096133805
-0.025701840265	0.998003967678	-0.057684451171	-0.047868985162
-0.262905051551	0.048924122317	0.963580491772	-0.096024144635
0.000000000000	0.000000000000	0.000000000000	1.000000000000
1	18	60
0.548715606372	-0.448254033363	0.705676629128	0.161636717806
0.470294993708	0.863381877486	0.182741217360	-0.437882642778
-0.691182900698	0.231603227963	0.684562738235	0.521855397663
0.000000000000	0.000000000000	0.000000000000	1.000000000000
1	19	60
0.778632956946	-0.413758603863	0.471735663362	0.290549124673
0.455834074044	0.889627248913	0.027904389134	-0.135418578572
-0.431214581500	0.193305912279	0.881298365470	0.168885128345
0.000000000000	0.000000000000	0.000000000000	1.000000000000
1	20	60
-0.786193254688	-0.259630917551	0.560795821075	-0.641404173004
-0.353245790362	-0.555791453091	-0.752537887593	1.368260489253
0.507067626530	-0.789738974170	0.345245962760	1.016509093255
0.000000000000	0.000000000000	0.000000000000	1.000000000000
1	25	60
0.934507708082	-0.260362591469	-0.242706951899	1.353296242196
0.283729374132	0.956612555855	0.066257529652	-0.375597841418
0.214925535455	-0.130781263738	0.967834322219	0.515873772249
0.000000000000	0.000000000000	0.000000000000	1.000000000000
1	30	60
0.052777740078	0.406884005058	-0.911953900469	0.691662863244
-0.432067504519	0.832625760154	0.346485230661	-1.434732565624
0.900295607948	0.375738938567	0.219745462646	1.849148427817
0.000000000000	0.000000000000	0.000000000000	1.000000000000
1	33	60
-0.806383777651	0.438851038634	-0.396427760167	0.382582588634
-0.311326850675	0.254916733681	0.915474221886	-1.213289452544
0.502812882880	0.861642167479	-0.068934606919	1.742644769526
0.000000000000	0.000000000000	0.000000000000	1.000000000000
1	36	60
0.943253204618	-0.074747679124	-0.323552432295	-0.394558195708
0.134902985796	0.976568745534	0.167674296391	-0.643175660376
0.303437928416	-0.201807506581	0.931235283849	-0.091028683028
0.000000000000	0.000000000000	0.000000000000	1.000000000000
1	37	60
0.287875036120	-0.722764065330	0.628283430823	-0.015471178975
0.546189189046	0.662805290984	0.512217254700	-1.094799264220
-0.786641807526	0.195707056874	0.585571015797	1.054773116482
0.000000000000	0.000000000000	0.000000000000	1.000000000000
1	38	60
0.537954350696	-0.707754383403	0.457917950447	-0.204810740536
0.515043395485	0.705992475433	0.486112050251	-0.874922876792
-0.667334561771	-0.025658476307	0.744315944515	0.599017642715
0.000000000000	0.000000000000	0.000000000000	1.000000000000
1	39	60
0.672557502280	-0.547911664428	0.497452725503	-0.074386207618
0.393709137498	0.834082944373	0.386391973203	-0.622835051921
-0.626625503134	-0.064019136894	0.776686570589	0.238955187185
0.000000000000	0.000000000000	0.000000000000	1.000000000000
1	41	60
0.964980430641	-0.183859352842	-0.187105603476	-0.361565388844
0.080543593832	0.886480153943	-0.455703484909	-0.119286782427
0.249650751996	0.424674787382	0.870244693744	-0.073113408753
0.000000000000	0.000000000000	0.000000000000	1.000000000000
1	42	60
0.987606095235	-0.041835073593	-0.151274674920	-0.309883981628
-0.023977783040	0.912293060772	-0.408835464689	-0.371181012583
0.155110497953	0.407395628210	0.899983075141	0.336954324281
0.000000000000	0.000000000000	0.000000000000	1.000000000000
1	43	60
0.967888496449	-0.190074480216	-0.164510031341	-0.355133490741
0.099993060652	0.891536522541	-0.441773716734	-0.564923523139
0.230636610846	0.411137836918	0.881914073361	0.759685486703
0.000000000000	0.000000000000	0.000000000000	1.000000000000
1	44	60
-0.032700946439	0.012573904610	-0.999386084066	1.425640046897
-0.690080975299	0.723038591404	0.031677166407	-1.227308579204
0.722993012160	0.690693196914	-0.014967033894	2.402254026835
0.000000000000	0.000000000000	0.000000000000	1.000000000000
1	45	60
0.946091504862	-0.206153719400	0.249822954119	-0.362096535839
0.226280967848	0.972542035092	-0.054395896622	-1.241603855412
-0.231749407803	0.107993675542	0.966762420673	1.352085388192
0.000000000000	0.000000000000	0.000000000000	1.000000000000
1	46	60
0.852476615307	-0.236410364448	0.466255037438	-0.200374910337
0.348615557405	0.921711328639	-0.170045346288	-1.002623814981
-0.389552067753	0.307503441022	0.868153684706	1.487213120356
0.000000000000	0.000000000000	0.000000000000	1.000000000000
1	59	60
0.960702669756	-0.001867120263	-0.277573223107	0.574216499119
-0.010317295629	0.999046205925	-0.042429139019	-0.312284119898
0.277387695716	0.043625592132	0.959767093610	1.095461315642
0.000000000000	0.000000000000	0.000000000000	1.000000000000
2	5	60
0.883385096513	0.013690113269	0.468447811455	-0.021635917502
0.157368706557	0.932868511324	-0.324023812051	0.182404131487
-0.441436135194	0.359956832659	0.821927744493	0.434889020393
0.000000000000	0.000000000000	0.000000000000	1.000000000000
2	10	60
0.941521197302	-0.137292252293	0.307715245789	0.792146974641
0.174555975935	0.979866868692	-0.096907847488	0.193938690271
-0.288215277693	0.144954327633	0.946530610495	-0.472366787291
0.000000000000	0.000000000000	0.000000000000	1.000000000000
2	15	60
0.688370890937	0.266200272957	-0.674746568119	1.519339701393
-0.267043082562	0.957895353686	0.105472666801	-0.422520446286
0.674413455209	0.107582089883	0.730474219510	0.879775534501
0.000000000000	0.000000000000	0.000000000000	1.000000000000
2	26	60
-0.406038900673	0.383353853229	-0.829561471113	1.750718392428
-0.464089126430	0.695493388619	0.548552849884	-1.345884407786
0.787244367315	0.607724254577	-0.104487016082	1.930047474465
0.000000000000	0.000000000000	0.000000000000	1.000000000000
2	32	60
-0.518296172084	0.660820239841	-0.542849600367	0.887315673488
-0.451109684220	0.328014801716	0.830003820870	-1.158085238364
0.726546028002	0.675072514973	0.128093593605	1.376317697225
0.000000000000	0.000000000000	0.000000000000	1.000000000000
2	44	60
0.937379225972	-0.146400329683	0.316049252783	0.017008388006
0.245797845535	0.920936530975	-0.302422428148	-0.713931386958
-0.246786559291	0.361168727031	0.899251658196	0.813852327633
0.000000000000	0.000000000000	0.000000000000	1.000000000000
2	45	60
0.903133807186	-0.104354162799	0.416484735643	0.266848841228
0.266272331392	0.897078612661	-0.352631547427	-0.644342484934
-0.336820978937	0.429371833510	0.837968649017	1.075045770901
0.000000000000	0.000000000000	0.000000000000	1.000000000000
3	6	60
0.793161726375	-0.185072891281	0.580209014689	0.486179178041
0.218976385615	0.975658016445	0.011864968969	0.610541790172
-0.568281460508	0.117641233667	0.814381189484	-0.532727772229
0.000000000000	0.000000000000	0.000000000000	1.000000000000
3	7	60
0.056199529867	0.247779259037	-0.967185117562	1.959077578842
-0.326981090921	0.919860671217	0.216655744739	0.228728886696
0.943358351329	0.304075293865	0.132714869693	0.597815729930
0.000000000000	0.000000000000	0.000000000000	1.000000000000
3	15	60
0.686936796545	-0.490457583182	0.536254787066	0.332116832828
0.398554948804	0.871298704951	0.286343359509	0.000490583555
-0.607677373559	0.017027209112	0.794001438169	0.355854314652
0.000000000000	0.000000000000	0.000000000000	1.000000000000
3	19	60
0.522924897752	-0.411151123325	0.746662109056	0.187352108289
0.451252201942	0.876685676469	0.166714351261	0.313662574002
-0.723132768967	0.249753835731	0.643973617460	-0.398431726302
0.000000000000	0.000000000000	0.000000000000	1.000000000000
3	25	60
0.975485769182	-0.217911514692	-0.030693417668	1.464339898193
0.219763894757	0.957376315767	0.187441779149	0.074758721102
-0.011460570886	-0.189592093120	0.981796054963	-0.322451573239
0.000000000000	0.000000000000	0.000000000000	1.000000000000
3	31	60
0.061192080798	0.542837841877	-0.837605280949	0.857897703007
-0.454303852986	0.762360976895	0.460883662186	-0.554624614605
0.888742672774	0.352324876122	0.293263777607	1.179939485689
0.000000000000	0.000000000000	0.000000000000	1.000000000000
3	32	60
-0.415513632128	0.716118785256	-0.560822883734	0.799940448016
-0.366963564756	0.432185217036	0.823743698196	-0.648534496238
0.832277696239	0.548078300592	0.083210652944	1.139083930930
0.000000000000	0.000000000000	0.000000000000	1.000000000000
3	36	60
-0.370822027888	-0.528690653205	0.763529447268	0.937423950854
0.501598476581	0.577898164375	0.643764459956	-0.563349389248
-0.781594518868	0.621707250098	0.050893057004	0.807826549477
0.000000000000	0.000000000000	0.000000000000	1.000000000000
3	37	60
0.007681068282	-0.657797325341	0.753155813869	0.297705657419
0.428448895454	0.682706462169	0.591898158890	-0.526088914534
-0.903533366940	0.318142366383	0.287076452427	0.635608286816
0.000000000000	0.000000000000	0.000000000000	1.000000000000
3	38	60
0.321029335320	-0.697788625303	0.640336786591	-0.053643656337
0.380817771858	0.714165558484	0.587320508506	-0.369738441428
-0.867132049057	0.055304515843	0.494998404065	0.230467297046
0.000000000000	0.000000000000	0.000000000000	1.000000000000
3	39	60
0.392591984883	-0.580630390819	0.713260038599	-0.126130773524
0.307455752428	0.813762699124	0.493215196252	-0.173155101055
-0.866800146345	0.025663568973	0.497994866965	-0.160147568509
0.000000000000	0.000000000000	0.000000000000	1.000000000000
3	46	60
0.682149062432	-0.181638380070	0.708293834159	0.234254243511
0.279780063316	0.959780813818	-0.023321783754	-0.445116895922
-0.675570701550	0.214075426689	0.705532379763	1.015719692788
0.000000000000	0.000000000000	0.000000000000	1.000000000000
3	59	60
-0.960406918446	-0.099794058342	-0.260114776436	-0.584859706731
-0.271751222909	0.541316279620	0.795693382068	-0.932650815069
0.061398891262	0.834875937693	-0.547003057408	2.478214218900
0.000000000000	0.000000000000	0.000000000000	1.000000000000
4	8	60
0.993887333397	-0.009780868177	0.109965008666	1.344234248839
-0.008130692093	0.986877640511	0.161265044278	0.520820126874
-0.110099320431	-0.161173376454	0.980765661289	-0.310763750852
0.000000000000	0.000000000000	0.000000000000	1.000000000000
4	16	60
0.788375572759	-0.475847475026	0.389914268512	0.040528191973
0.374957436385	0.874146646132	0.308665777104	-0.082683511119
-0.487720080760	-0.097143304284	0.867578412166	0.444207120578
0.000000000000	0.000000000000	0.000000000000	1.000000000000
4	17	60
0.495365162010	-0.461027421226	0.736252044578	-0.085768068542
0.382247964364	0.876767322231	0.291831383519	-0.104898182208
-0.780064003789	0.136867744722	0.610546779901	0.400414950053
0.000000000000	0.000000000000	0.000000000000	1.000000000000
4	20	60
0.917083159297	-0.202764712027	0.343285523274	0.344409525434
0.154755684423	0.974547434366	0.162197337554	0.214764419300
-0.367435922403	-0.095623060647	0.925120031780	-0.895822914584
0.000000000000	0.000000000000	0.000000000000	1.000000000000
4	21	60
0.452744044732	-0.753715427616	0.476377879560	-0.374404490315
0.714324394512	0.626355381613	0.312121122851	0.132790005951
-0.533632354121	0.198977360769	0.821975985377	-0.528037555106
0.000000000000	0.000000000000	0.000000000000	1.000000000000
4	24	60
-0.920813837417	-0.134047133091	0.366242055110	-0.891734415989
-0.161444201913	-0.723824064496	-0.670831195849	1.417131880306
0.355017811511	-0.676838304003	0.644866082023	0.878324642435
0.000000000000	0.000000000000	0.000000000000	1.000000000000
4	28	60
0.012049909535	0.431302015288	-0.902127136987	1.316311971108
-0.270523033405	0.869954208584	0.412306880084	-0.578013059559
0.962638087797	0.239077909009	0.127159999002	1.411578929815
0.000000000000	0.000000000000	0.000000000000	1.000000000000
4	29	60
-0.994264912472	0.016616804379	-0.105646418012	-0.100186608588
-0.072363303947	0.622841709196	0.778994067710	-1.551917355078
0.078745387601	0.782171392406	-0.618067210612	3.471341350419
0.000000000000	0.000000000000	0.000000000000	1.000000000000
4	35	60
-0.369006086708	-0.662539006191	0.651825569649	0.020221616033
0.511277504232	0.440970616905	0.737658612566	-0.839249907696
-0.776163527640	0.605464268394	0.176020447845	1.345629786913
0.000000000000	0.000000000000	0.000000000000	1.000000000000
4	36	60
0.375498399691	-0.628054135287	0.681578282355	-0.045527541499
0.502498682540	0.755883305191	0.419685004473	-0.640701468583
-0.778778547390	0.184901141378	0.599429346998	1.074323480207
0.000000000000	0.000000000000	0.000000000000	1.000000000000
4	40	60
0.900313493564	-0.078033869828	-0.428189594066	-0.047103166887
-0.072724545441	0.942995053346	-0.324763713883	0.602153613310
0.429123238473	0.323529047420	0.843316193179	-0.786405251470
0.000000000000	0.000000000000	0.000000000000	1.000000000000
4	41	60
0.890905606136	-0.084085741574	-0.446337080041	-0.235220505851
-0.065520493984	0.948640624501	-0.309496414219	0.307898498885
0.449437721852	0.304976316475	0.839639911251	-0.571154597123
0.000000000000	0.000000000000	0.000000000000	1.000000000000
4	43	60
0.876267639193	-0.071759723046	-0.476451011806	-0.401288402550
-0.065053785016	0.962172612778	-0.264559763143	-0.074677665709
0.477412850222	0.262820100767	0.838452482300	0.298766747236
0.000000000000	0.000000000000	0.000000000000	1.000000000000
4	48	60
0.798114057345	-0.247158431394	0.549478535759	-0.333632538864
0.265507799680	0.962938539266	0.047486607640	-0.539316377456
-0.540850774038	0.107991107908	0.834157275839	1.333219633539
0.000000000000	0.000000000000	0.000000000000	1.000000000000
4	49	60
0.724475967113	-0.226313947309	0.651088757643	-0.160486918113
0.277676072573	0.960353617098	0.024838052396	-0.511004595017
-0.630896641136	0.162797197087	0.758595083575	1.436050631116
0.000000000000	0.000000000000	0.000000000000	1.000000000000
4	50	60
0.792164581198	-0.227229422758	0.566429223937	-0.061699342388
0.119652464513	0.967916677733	0.220953824820	-0.521001021869
-0.598463502673	-0.107257141487	0.793937870093	1.532588626734
0.000000000000	0.000000000000	0.000000000000	1.000000000000
4	51	60
0.908550108254	-0.232138231695	0.347344990143	-0.045514824720
0.157836997717	0.960524537746	0.229085343356	-0.480657307440
-0.386812852609	-0.153311623089	0.909324674295	1.556058188031
0.000000000000	0.000000000000	0.000000000000	1.000000000000
4	52	60
0.887130304636	-0.211733772306	0.410083689340	-0.122973423836
0.155667402796	0.973758907599	0.166015811230	-0.412094600875
-0.434473799330	-0.083440994342	0.896811082759	1.519121799454
0.000000000000	0.000000000000	0.000000000000	1.000000000000
4	53	60
0.652089841785	-0.350862375694	0.672067282021	-0.172618404887
0.280670130546	0.935204388805	0.215909770459	-0.506125954958
-0.704274886717	0.047836643723	0.708313870722	1.481473890525
0.000000000000	0.000000000000	0.000000000000	1.000000000000
4	54	60
-0.121889799730	0.289569851393	-0.949364091319	1.044590453510
-0.435347224553	0.843980323792	0.313320933110	0.161365347258
0.891972909227	0.451493648034	0.023190838475	0.077195726935
0.000000000000	0.000000000000	0.000000000000	1.000000000000
4	58	60
0.813328742956	0.304893594964	-0.495516146691	0.832975126657
-0.256723407147	0.952363032034	0.164613934521	0.521740812552
0.522100994162	-0.006674650963	0.852857550198	-0.287891126953
0.000000000000	0.000000000000	0.000000000000	1.000000000000
4	59	60
0.374779269288	-0.652275500036	0.658845331899	-0.246763925285
0.405254753766	0.754412126812	0.516363174006	-0.148096193135
-0.833851955603	0.073477989708	0.547075772783	0.745760079620
0.000000000000	0.000000000000	0.000000000000	1.000000000000
5	13	60
0.895102587645	0.149950492881	-0.419888327148	-0.252160145726
-0.102242835616	0.985685977421	0.134050574339	-0.005000526321
0.433978985846	-0.077058442756	0.897621432590	0.368426203836
0.000000000000	0.000000000000	0.000000000000	1.000000000000
5	14	60
0.963757824428	0.061215145922	-0.259660474010	-0.586927869496
-0.003390699975	0.976050070998	0.217519567070	-0.148295940092
0.266757116132	-0.208755753967	0.940883455152	0.513321715922
0.000000000000	0.000000000000	0.000000000000	1.000000000000
5	21	60
0.791140109490	-0.186625571796	0.582467357976	-0.008843283485
0.054156152837	0.969945802116	0.237217731353	-0.151578423828
-0.609232663493	-0.156128270694	0.777469951075	-0.489960664080
0.000000000000	0.000000000000	0.000000000000	1.000000000000
5	24	60
0.998890658945	-0.031891769895	0.034646305509	1.865598535762
0.026483035086	0.988829633497	0.146678576388	-0.171792934644
-0.038937132986	-0.145598320496	0.988577275049	-0.065155048973
0.000000000000	0.000000000000	0.000000000000	1.000000000000
5	27	60
0.016065490430	0.475052303462	-0.879810893882	1.567963574803
-0.281131500038	0.846573227525	0.451972178484	-0.731843488363
0.959534772535	0.240081401639	0.147152780754	1.431974434575
0.000000000000	0.000000000000	0.000000000000	1.000000000000
5	28	60
-0.036658614662	0.484942527612	-0.873777369176	0.902107180734
-0.232149863790	0.846312295551	0.479439192330	-0.790970185317
0.971988984872	0.220422873843	0.081554705405	1.572175731846
0.000000000000	0.000000000000	0.000000000000	1.000000000000
5	34	60
0.988549939977	-0.014500200893	-0.150195740107	0.582903734875
0.090652638803	0.852792352220	0.514322178282	-0.307398276609
0.120628003590	-0.522048798647	0.844342310074	0.024294818538
0.000000000000	0.000000000000	0.000000000000	1.000000000000
5	35	60
-0.196635941343	-0.645087996481	0.738373742334	-0.414841397070
0.572489545520	0.535832945466	0.620595500164	-0.862975829799
-0.795983685035	0.544742628541	0.263942118291	1.452146052120
0.000000000000	0.000000000000	0.000000000000	1.000000000000
5	40	60
0.642696724337	0.440046107429	-0.627136622964	0.366510686543
-0.366410715538	0.895449090513	0.252812408394	-0.979576750826
0.672818034884	0.067307872014	0.736739806376	-0.582201824065
0.000000000000	0.000000000000	0.000000000000	1.000000000000
5	41	60
0.788343963476	0.014857067381	-0.615055333120	-0.154462421211
-0.163766798734	0.968708111076	-0.186507456068	0.095854303030
0.593038136112	0.247757670084	0.766108286100	-0.382787545274
0.000000000000	0.000000000000	0.000000000000	1.000000000000
5	42	60
0.812795361200	0.069370005855	-0.578404273065	-0.238871953396
-0.224818368111	0.953319919911	-0.201588272627	0.061697522472
0.537420135622	0.293885917643	0.790449660155	0.098430694384
0.000000000000	0.000000000000	0.000000000000	1.000000000000
5	43	60
0.752163540577	-0.326733785168	-0.572271825147	-0.592010292620
0.163675140239	0.933841096248	-0.318042851558	-0.177438042706
0.638326293282	0.145553566047	0.755879423398	0.420843350148
0.000000000000	0.000000000000	0.000000000000	1.000000000000
5	44	60
-0.012646023521	-0.181116587679	0.983380323047	-1.434556831831
-0.883819307343	0.461983339865	0.073721270024	-0.094077953108
-0.467657470865	-0.868198235056	-0.165916589253	3.089503616574
0.000000000000	0.000000000000	0.000000000000	1.000000000000
5	45	60
0.990765056562	-0.016334935118	-0.134602275579	-0.946913293008
-0.008266948155	0.983592271021	-0.180216264407	-0.373914190922
0.135337578907	0.179664727432	0.974373811970	0.944845679907
0.000000000000	0.000000000000	0.000000000000	1.000000000000
5	50	60
0.824612652689	-0.124259790393	0.551881760450	-0.523964655006
0.053603056779	0.988350806893	0.142440846735	-0.557577905453
-0.563152453009	-0.087875975136	0.821667285258	1.690169921898
0.000000000000	0.000000000000	0.000000000000	1.000000000000
5	51	60
0.958990651789	0.114387602120	0.259330689010	-0.514475718345
-0.190635172924	0.937385969726	0.291488892763	-0.581123577543
-0.209750233909	-0.328972674004	0.920750682397	1.685689082152
0.000000000000	0.000000000000	0.000000000000	1.000000000000
5	52	60
0.924310119002	-0.026450535204	0.380724537032	-0.597925710741
-0.040726225394	0.985062774804	0.167310203698	-0.485367665859
-0.379463013317	-0.170151987598	0.909426260145	1.665968727663
0.000000000000	0.000000000000	0.000000000000	1.000000000000
5	53	60
0.757787796060	-0.144501693307	0.636299392404	-0.616288088520
0.102463064624	0.989424275285	0.102669001478	-0.485777378884
-0.644405909758	-0.012604130589	0.764579727276	1.600490086234
0.000000000000	0.000000000000	0.000000000000	1.000000000000
5	54	60
0.540832771144	-0.269262390750	0.796867415938	-0.478387124182
0.230546544242	0.958549781986	0.167423434416	-0.478960669101
-0.808917922038	0.093166948974	0.580492648553	1.308907847702
0.000000000000	0.000000000000	0.000000000000	1.000000000000
5	55	60
0.158410006264	-0.457742212424	0.874859038292	-0.516229323470
0.290355970640	0.868465398183	0.401822426544	-0.406301993232
-0.943715889571	0.190367852130	0.270481793557	1.276734940183
0.000000000000	0.000000000000	0.000000000000	1.000000000000
5	57	60
-0.575956812183	-0.469858440071	0.668959488156	-0.360255939907
0.235708804363	0.688113893644	0.686251141288	-0.570861431317
-0.782761208828	0.552930660814	-0.285574113473	1.837286974749
0.000000000000	0.000000000000	0.000000000000	1.000000000000
5	58	60
0.015770390442	-0.516615090872	0.856072510170	-0.764587860966
0.253198927588	0.830336061753	0.496419507695	-0.266752224982
-0.967285685748	0.208927912053	0.143901110877	1.238859753892
0.000000000000	0.000000000000	0.000000000000	1.000000000000
5	59	60
0.392556997968	-0.468837999608	0.791258449225	-0.717908315974
0.295357501735	0.879011957699	0.374301916094	-0.161212256168
-0.871012600090	0.086769282274	0.483537115575	0.970848974955
0.000000000000	0.000000000000	0.000000000000	1.000000000000
6	13	60
0.855999867981	0.348802242527	-0.381577281326	-0.467843602460
-0.334752452518	0.936433039329	0.105042650319	-0.121852737524
0.393960685283	0.037817435944	0.918348964169	0.336121906862
0.000000000000	0.000000000000	0.000000000000	1.000000000000
6	14	60
0.956283919511	0.001768262869	-0.292434502977	-0.071846750439
0.041120970074	0.989233413757	0.140450414479	-0.257758521355
0.289534334933	-0.146335663300	0.945915293534	0.460677103062
0.000000000000	0.000000000000	0.000000000000	1.000000000000
6	22	60
-0.888463349377	-0.414373033920	-0.197301458622	0.473644721911
0.445385704163	-0.674732939441	-0.588529553175	1.402764161633
0.110744983369	-0.610762187101	0.784031312809	0.181000805303
0.000000000000	0.000000000000	0.000000000000	1.000000000000
6	27	60
0.049043506086	0.414272223309	-0.908830710037	1.281631883773
-0.221647175017	0.891751907564	0.394526380821	-0.818738986774
0.973892840264	0.182090802489	0.135556908090	1.416624330585
0.000000000000	0.000000000000	0.000000000000	1.000000000000
6	34	60
-0.851736732294	-0.333248661085	0.404338804404	-0.770932386994
0.272833317411	0.376743661542	0.885226634483	-0.939077043819
-0.447332672373	0.864297138358	-0.229965077467	1.337051813220
0.000000000000	0.000000000000	0.000000000000	1.000000000000
6	42	60
-0.685153894733	-0.186331822219	0.704162333955	-1.606490687689
-0.069479798845	0.979037404861	0.191463619089	-1.301666021474
-0.725077029070	0.082256987001	-0.683737588556	4.974465125770
0.000000000000	0.000000000000	0.000000000000	1.000000000000
6	44	60
0.555012808112	-0.819153969235	0.144732710599	-0.459433414612
0.620876967823	0.523729203007	0.583283389738	-1.979034723275
-0.553599651064	-0.233868545562	0.799270248251	1.277000522594
0.000000000000	0.000000000000	0.000000000000	1.000000000000
6	45	60
0.981708931481	0.187840623959	-0.031039875008	-1.496082261929
-0.188509566568	0.981863093830	-0.020223953287	-0.744439851761
0.026678027704	0.025705348956	0.999313523311	0.990929992358
0.000000000000	0.000000000000	0.000000000000	1.000000000000
6	46	60
0.998360540079	0.049411022210	0.028892609737	-1.039529099620
-0.039676672859	0.961232898624	-0.272868239695	-0.434001115641
-0.041255225658	0.271274520528	0.961617460776	1.175683131997
0.000000000000	0.000000000000	0.000000000000	1.000000000000
6	47	60
0.656616699228	-0.746154060696	0.110039211207	-0.402989758547
0.754047472494	0.652598683051	-0.074346271635	-1.034683010097
-0.016337671840	0.131791792566	0.991142776744	1.073056102442
0.000000000000	0.000000000000	0.000000000000	1.000000000000
6	48	60
0.908285420465	-0.315192584171	0.275084041440	-0.769527925997
0.329057736673	0.944299005068	-0.004516078315	-0.908800985554
-0.258338152247	0.094620420162	0.961409577226	1.162088870427
0.000000000000	0.000000000000	0.000000000000	1.000000000000
6	50	60
0.791682433734	-0.271400766308	0.547339518182	-0.808076775922
0.181110396016	0.959895820521	0.214007098486	-0.969692309711
-0.583470606433	-0.070296783673	0.809086159586	1.663484223325
0.000000000000	0.000000000000	0.000000000000	1.000000000000
6	51	60
0.932613232048	-0.243368135732	0.266466714469	-0.876428803944
0.186289235069	0.957061864603	0.222101121610	-0.903580853351
-0.309077466515	-0.157494564456	0.937905422662	1.644141297298
0.000000000000	0.000000000000	0.000000000000	1.000000000000
6	52	60
0.901993633350	-0.090915131369	0.422068625088	-0.931037781248
0.046940289131	0.992433238706	0.113458697192	-0.708236148433
-0.429190044912	-0.082526999221	0.899436045391	1.657394161822
0.000000000000	0.000000000000	0.000000000000	1.000000000000
6	55	60
0.112464131631	-0.492228844303	0.863170078219	-0.810891291788
0.293047773243	0.846474632577	0.444526376046	-0.632244523472
-0.949460279155	0.202956796483	0.239444601249	1.274772476651
0.000000000000	0.000000000000	0.000000000000	1.000000000000
6	56	60
-0.050366965712	-0.536547193272	0.842365881406	-0.935533104759
0.330953982319	0.786815095697	0.520952461142	-0.537507918589
-0.942301772445	0.305023137769	0.137942941368	1.216451503300
0.000000000000	0.000000000000	0.000000000000	1.000000000000
6	57	60
-0.098583429981	-0.577541072326	0.810387325364	-1.010598214096
0.300746379112	0.758982585292	0.577492035161	-0.531902193614
-0.948595236539	0.300652199394	0.098870279737	1.143494273072
0.000000000000	0.000000000000	0.000000000000	1.000000000000
6	58	60
0.159039983312	-0.558027364055	0.814439527942	-1.128231039646
0.302076922361	0.812880380301	0.497970903065	-0.472620757620
-0.939923303619	0.166826101936	0.297847670844	1.016170357378
0.000000000000	0.000000000000	0.000000000000	1.000000000000
7	12	60
0.977994230161	-0.000291695992	-0.208631734607	-0.812257865984
0.019397701833	0.995794536553	0.089537534787	-0.425319224732
0.207728223733	-0.091614168585	0.973886969406	0.473242317063
0.000000000000	0.000000000000	0.000000000000	1.000000000000
7	13	60
0.932964394909	0.120534437266	-0.339188571837	-0.974335714782
-0.033956999840	0.967540335424	0.250424881929	-0.829539653369
0.358363446788	-0.222119672160	0.906773671456	0.418032686795
0.000000000000	0.000000000000	0.000000000000	1.000000000000
7	14	60
0.992733350980	0.009597793782	0.119951557748	-0.473338863720
-0.017319107986	0.997831894347	0.063494559793	-0.225955278119
-0.119082082406	-0.065110621094	0.990747225417	0.609705805333
0.000000000000	0.000000000000	0.000000000000	1.000000000000
7	22	60
0.680747717155	-0.335873854122	0.650977188314	-0.002924218981
0.236070998258	0.941863177589	0.239090439966	-0.289631296602
-0.693435670679	-0.009083436512	0.720461284048	-0.334627762218
0.000000000000	0.000000000000	0.000000000000	1.000000000000
7	23	60
0.765666507465	-0.357121889916	0.534994163603	0.599212659417
0.281930570519	0.933893014333	0.219906778400	-0.273507453149
-0.578160836406	-0.017544045216	0.815734180799	-0.379422376217
0.000000000000	0.000000000000	0.000000000000	1.000000000000
7	27	60
0.754301517103	-0.421224073662	0.503586637099	-0.637771128866
0.409324998113	0.901443460723	0.140899726899	-0.029528778412
-0.513305237862	0.099849721521	0.852377713162	-0.657151452426
0.000000000000	0.000000000000	0.000000000000	1.000000000000
7	34	60
-0.903348476664	-0.260068037424	0.341066189499	-1.013389180186
0.270870299364	0.270633285748	0.923789427071	-1.151037297556
-0.332551966813	0.926888472555	-0.174031459263	1.464979791794
0.000000000000	0.000000000000	0.000000000000	1.000000000000
7	46	60
0.167977369755	-0.926220564982	0.337489360211	-0.661157029835
0.725226335778	0.347996318697	0.594092016499	-1.485366245810
-0.667705298125	0.144962157746	0.730175052763	1.431849233333
0.000000000000	0.000000000000	0.000000000000	1.000000000000
7	47	60
0.929062090332	0.032870474433	-0.368460532784	-0.329861631946
-0.031444424397	-0.985422121022	-0.167195967581	-0.534578798859
-0.368584970506	0.166921464502	-0.914484742467	4.227277872099
0.000000000000	0.000000000000	0.000000000000	1.000000000000
7	48	60
0.750148684962	-0.144068394819	0.645384573773	-1.493415058718
0.271919244766	0.956849647519	-0.102463048798	-0.892035434788
-0.602774314961	0.252355007197	0.756954473906	1.702797969578
0.000000000000	0.000000000000	0.000000000000	1.000000000000
7	49	60
0.796739372780	-0.183590745329	0.575761070316	-1.090869797934
0.169191264907	0.982401729214	0.079127481425	-1.085081389004
-0.580155744383	0.034369763851	0.813780087980	1.667008426132
0.000000000000	0.000000000000	0.000000000000	1.000000000000
7	50	60
0.469294803148	-0.852943688287	0.228581391084	-1.588492393174
0.688628299558	0.515539387830	0.509911957737	-1.782629144051
-0.552768896363	-0.081891417177	0.829301117211	2.061757344420
0.000000000000	0.000000000000	0.000000000000	1.000000000000
7	51	60
0.843587639113	-0.512481081268	-0.160384028125	-0.728229625982
0.536608923732	0.815781791132	0.215756650487	-1.077920988745
0.020267168201	-0.268073144123	0.963185356665	1.709400530852
0.000000000000	0.000000000000	0.000000000000	1.000000000000
7	52	60
0.874095081003	-0.152318383296	0.461255785303	-1.155478988723
0.126483649574	0.988178608805	0.086630961505	-0.888870634767
-0.468998588224	-0.017382382202	0.883027846125	1.811596446089
0.000000000000	0.000000000000	0.000000000000	1.000000000000
7	56	60
-0.143863543035	-0.540439310038	0.828992541071	-1.281260890839
0.352886133895	0.754618362655	0.553193007230	-0.719655580616
-0.924540241141	0.372124278849	0.082151467433	1.447673323762
0.000000000000	0.000000000000	0.000000000000	1.000000000000
7	57	60
-0.187099995878	-0.560761445818	0.806560718375	-1.351155001516
0.327202878237	0.738599837096	0.589413740181	-0.670944933618
-0.926246116330	0.374188296884	0.045290732600	1.372853846496
0.000000000000	0.000000000000	0.000000000000	1.000000000000
8	10	60
0.935651563679	0.044383681530	-0.350123178607	-0.377622169716
-0.098621041886	0.985421246326	-0.138632093639	-0.311507802430
0.338865816337	0.164240847852	0.926388094923	0.022178027791
0.000000000000	0.000000000000	0.000000000000	1.000000000000
8	11	60
0.962023747042	-0.100645848243	-0.253733567662	-0.724518720135
0.076069967379	0.991569315193	-0.104898299460	-0.334897193847
0.262151998257	0.081613150890	0.961569354447	0.127482415171
0.000000000000	0.000000000000	0.000000000000	1.000000000000
8	15	60
0.958732135210	-0.275221288490	-0.071315743542	-1.436660322738
0.279655593387	0.958090733423	0.062087805697	-0.608048182132
0.051239067152	-0.079469421104	0.995519547325	0.557960182286
0.000000000000	0.000000000000	0.000000000000	1.000000000000
8	26	60
0.568737542001	0.237075708171	-0.787612034515	0.914370563254
-0.278413776896	0.956524123700	0.086875598492	-0.771376378706
0.773966005166	0.169872626913	0.610016322301	0.912674844969
0.000000000000	0.000000000000	0.000000000000	1.000000000000
8	34	60
-0.875409990365	-0.389133604743	0.286761898497	-1.485266819107
0.226061799457	0.194791148168	0.954438301527	-1.390389388723
-0.427262696237	0.900350735133	-0.082553874224	1.206349757287
0.000000000000	0.000000000000	0.000000000000	1.000000000000
8	38	60
0.846400885557	-0.458602315746	0.270720255837	-1.800002562801
0.354872393666	0.864739412516	0.355374918438	-0.880351271208
-0.397078235543	-0.204718500468	0.894661506059	0.103911051319
0.000000000000	0.000000000000	0.000000000000	1.000000000000
8	48	60
-0.450158971495	-0.892684943767	0.021690817268	0.936447377356
0.891425916281	-0.447840922873	0.069270077113	-1.972719960471
-0.052122319269	0.050518303327	0.997362103182	0.808218062376
0.000000000000	0.000000000000	0.000000000000	1.000000000000
8	49	60
0.805835970120	-0.242995670436	0.539982863997	-1.565696000084
0.338112386465	0.937463930803	-0.082712711012	-1.259692589224
-0.486115627583	0.249227772516	0.837602002162	1.376825598270
0.000000000000	0.000000000000	0.000000000000	1.000000000000
8	50	60
-0.311234814236	-0.920372616165	-0.236742767201	1.841271201068
0.250087735072	-0.319656747520	0.913934181729	-1.409528999705
-0.916836416802	0.225241672830	0.329662211432	2.490462472573
0.000000000000	0.000000000000	0.000000000000	1.000000000000
8	52	60
0.904543002237	-0.276441660523	0.324625885339	-1.621086751034
