0	1	55
0.988175392388	0.107583300141	0.109248466398	-0.330537181861
-0.104339465237	0.993925559325	-0.035003692872	0.074606639432
-0.112350655867	0.023190861377	0.993397963595	-0.164147244833
0.000000000000	0.000000000000	0.000000000000	1.000000000000
0	2	55
0.997619624245	0.013102478566	-0.067700889038	-0.510028387458
0.003153504773	0.972086477522	0.234601653076	-0.025506198225
0.068884981881	-0.234256708065	0.969731227711	-0.411944392082
0.000000000000	0.000000000000	0.000000000000	1.000000000000
0	3	55
0.997288957451	0.073363142935	-0.005708292706	-0.574584886004
-0.073402790824	0.986369197253	-0.147267908959	0.061217326315
-0.005173552560	0.147287664007	0.989080167825	-0.138849960880
0.000000000000	0.000000000000	0.000000000000	1.000000000000
0	10	55
0.894533979028	-0.046343187683	0.444591126003	-0.499954395860
-0.055848994731	0.975230089850	0.214026077004	-0.277094123796
-0.443497294414	-0.216283565732	0.869788232297	-0.368861108299
0.000000000000	0.000000000000	0.000000000000	1.000000000000
0	19	55
0.067020413867	-0.193005081932	0.978906176543	-1.775129990068
0.142978167138	0.972844093468	0.182020915079	-0.662158881691
-0.987454053537	0.127763093861	0.092795926636	2.294326218034
0.000000000000	0.000000000000	0.000000000000	1.000000000000
0	35	55
0.927617422969	-0.001421884283	0.373528974578	-2.028442285000
-0.022576521402	0.997951136927	0.059865089888	0.142544486223
-0.372848786086	-0.063964885297	0.925684760684	-0.105571949414
0.000000000000	0.000000000000	0.000000000000	1.000000000000
0	36	55
0.351272923171	-0.213006063397	0.911721311807	-1.606872567643
0.135793209057	0.975071462081	0.175487458837	-0.072126352641
-0.926373325297	0.062161570050	0.371440979683	0.485957111590
0.000000000000	0.000000000000	0.000000000000	1.000000000000
0	43	55
0.996485049115	0.050843818954	0.066576669828	0.393819489687
-0.080254731762	0.807256405825	0.584718969492	-0.367633535109
-0.024015097774	-0.588006803811	0.808499396259	-0.712191408560
0.000000000000	0.000000000000	0.000000000000	1.000000000000
0	44	55
0.979410115016	-0.154598634017	0.129827150338	0.389541666709
0.109250099468	0.946669407216	0.303119529571	-0.332055584429
-0.169765256667	-0.282694704233	0.944067509147	-0.718119833961
0.000000000000	0.000000000000	0.000000000000	1.000000000000
0	45	55
0.997665347081	0.067598094439	-0.009713540088	0.313249512735
-0.064372218729	0.978331930887	0.196781224872	-0.175247378567
0.022805102253	-0.195696526884	0.980399304711	-0.647427582535
0.000000000000	0.000000000000	0.000000000000	1.000000000000
0	54	55
0.884898577879	0.238142892821	-0.400302972094	0.143278054430
-0.141582401201	0.956274742388	0.255916081444	-0.051810272102
0.443744217470	-0.169783920529	0.879923002195	-0.262169083241
0.000000000000	0.000000000000	0.000000000000	1.000000000000
1	2	55
0.977284298060	-0.056795677598	-0.204180439250	-0.142640574834
0.111656689545	0.956851322730	0.268269137005	-0.187903011724
0.180133795957	-0.284973327165	0.941457390623	-0.246730017740
0.000000000000	0.000000000000	0.000000000000	1.000000000000
1	3	55
0.991895836639	-0.026048447035	-0.124354845763	-0.199700553332
0.014330916192	0.995449449543	-0.094207315242	-0.127880781294
0.126242917025	0.091661724897	0.987755462698	0.003396959785
0.000000000000	0.000000000000	0.000000000000	1.000000000000
1	10	55
0.934513144145	-0.139227093479	0.327568313273	-0.137372623783
0.043527461131	0.958116420212	0.283051736343	-0.384559239459
-0.353257050244	-0.250257351062	0.901432590210	-0.207167834496
0.000000000000	0.000000000000	0.000000000000	1.000000000000
1	11	55
0.921380116847	0.275017518128	-0.274634384231	-0.533215744172
-0.169365052763	0.920099535668	0.353174635790	-0.403878649476
0.349820181210	-0.278894620216	0.894339774153	0.164149985069
0.000000000000	0.000000000000	0.000000000000	1.000000000000
1	35	55
0.951886893516	-0.115203104462	0.283971101829	-1.772359557485
0.075556102907	0.986269290946	0.146847407366	-0.218576468183
-0.296989254461	-0.118326372626	0.947521109145	-0.088945251507
0.000000000000	0.000000000000	0.000000000000	1.000000000000
1	43	55
0.989882641060	0.035199375456	-0.137453122536	0.973468165127
0.063326949020	0.757301832047	0.649987409651	-0.519938023231
0.126972652391	-0.652115740605	0.747410868532	-0.365729751249
0.000000000000	0.000000000000	0.000000000000	1.000000000000
1	44	55
0.975082263995	-0.220694548435	-0.022549827792	0.842381831916
0.214401174960	0.911381283863	0.351306549327	-0.386847505622
-0.056979949262	-0.347387495048	0.935988896124	-0.437045905821
0.000000000000	0.000000000000	0.000000000000	1.000000000000
1	45	55
0.989132198560	-0.026460365952	-0.144628291854	0.725952517780
0.058262912367	0.973684212321	0.220328136468	-0.210046448676
0.134992321313	-0.226360119524	0.964644063619	-0.387937555269
0.000000000000	0.000000000000	0.000000000000	1.000000000000
1	54	55
0.838633714385	0.161938972054	-0.520066594223	0.471854029469
-0.038603412912	0.970052941167	0.239806313188	-0.113977790102
0.543326117179	-0.181033313683	0.819770498206	-0.031375690213
0.000000000000	0.000000000000	0.000000000000	1.000000000000
2	3	55
0.993655809194	0.102932261340	0.045310952661	0.020040447286
-0.078662109796	0.924044942462	-0.374103216764	0.011398957919
-0.080376646721	0.368165579442	0.926279493876	0.276935195536
0.000000000000	0.000000000000	0.000000000000	1.000000000000
2	10	55
0.854353295411	-0.070137460050	0.514938038329	-0.009239024783
0.075384418996	0.997096738301	0.010737031341	-0.240232274175
-0.514196106552	0.029645086729	0.857160155887	-0.014428410066
0.000000000000	0.000000000000	0.000000000000	1.000000000000
2	11	55
0.934905393383	0.336556391172	-0.112613058675	-0.220232634919
-0.323259018911	0.938518168130	0.121190984741	-0.348762377974
0.146477002002	-0.076898918400	0.986220585991	0.401822910906
0.000000000000	0.000000000000	0.000000000000	1.000000000000
2	34	55
0.961129699149	-0.063580380106	0.268676825720	-1.651349628919
0.045986988521	0.996395560183	0.071281726510	0.261213513137
-0.272240515538	-0.056155346255	0.960589235202	0.058865800991
0.000000000000	0.000000000000	0.000000000000	1.000000000000
2	35	55
0.896141819295	-0.006757293426	0.443716326831	-1.510848360021
0.083001333160	0.984791080272	-0.152634553459	0.053522634254
-0.435936484370	0.173611253096	0.883073334664	0.451062508385
0.000000000000	0.000000000000	0.000000000000	1.000000000000
2	43	55
0.990931506804	-0.009723959957	0.134015646202	0.851232410796
-0.047669068792	0.907063112351	0.418287186145	-0.376762330166
-0.125628056996	-0.420882352701	0.898373884572	-0.430656430023
0.000000000000	0.000000000000	0.000000000000	1.000000000000
2	44	55
0.954947224947	-0.193762689239	0.224792833127	0.797055021532
0.177277099207	0.979894826905	0.091536650044	-0.244258914731
-0.238009721783	-0.047562048561	0.970097533176	-0.441204408924
0.000000000000	0.000000000000	0.000000000000	1.000000000000
2	45	55
0.996213581521	0.049535767685	0.071447237270	0.799558637739
-0.045848534667	0.997575412387	-0.052356551357	-0.048366266027
-0.073867529148	0.048882556408	0.996069316773	-0.316529964927
0.000000000000	0.000000000000	0.000000000000	1.000000000000
2	46	55
0.839523125247	0.299303803259	-0.453451381662	0.565978405149
-0.302211097227	0.950807413351	0.068071399499	-0.161161899172
0.451518964041	0.079890525544	0.888677741951	0.159760892722
0.000000000000	0.000000000000	0.000000000000	1.000000000000
2	53	55
0.793067839593	0.275107067593	-0.543469873280	0.311369249083
-0.307114576949	0.951090320014	0.033284227509	-0.063054870025
0.526045661923	0.140510869814	0.838768536031	0.083979586004
0.000000000000	0.000000000000	0.000000000000	1.000000000000
2	54	55
0.919379991413	0.228691306039	-0.320063615444	0.624498084536
-0.230801216883	0.972478542616	0.031879185005	-0.031033110205
0.318545490746	0.044561987088	0.946859545884	0.080509373190
0.000000000000	0.000000000000	0.000000000000	1.000000000000
3	10	55
0.899865492977	-0.145389273748	0.411222632680	0.125364508662
-0.021630492370	0.926773441210	0.374997480614	-0.335047153743
-0.435630825756	-0.346342240777	0.830826597976	-0.186678906856
0.000000000000	0.000000000000	0.000000000000	1.000000000000
3	35	55
0.929766267004	-0.109165312089	0.351592979704	-1.420167088871
0.020022555863	0.968606338069	0.247791967403	-0.106499208435
-0.367605476017	-0.223348822449	0.902763267703	0.018426890377
0.000000000000	0.000000000000	0.000000000000	1.000000000000
3	45	55
0.999595310719	-0.028095534565	-0.004455976530	0.817059993516
0.027986895770	0.943247726150	0.330908538388	-0.211092379551
-0.005093962548	-0.330899332200	0.943652310703	-0.480820003859
0.000000000000	0.000000000000	0.000000000000	1.000000000000
3	54	55
0.898407462620	0.166590114739	-0.406339469877	0.676492525323
-0.011688543797	0.934001885256	0.357076821261	-0.081837477666
0.439007299544	-0.316050964259	0.841061459668	-0.114389927634
0.000000000000	0.000000000000	0.000000000000	1.000000000000
4	5	55
0.919446688478	-0.048122470189	0.390258907535	0.205911316570
0.039636692549	0.998770471925	0.029773763855	-0.018440518315
-0.391211860315	-0.011906816247	0.920223618516	0.102324573327
0.000000000000	0.000000000000	0.000000000000	1.000000000000
4	6	55
0.909933121180	-0.117727935591	0.397695672797	0.421412413442
0.074290277280	0.989625015180	0.122976762164	0.033749573861
-0.408047386564	-0.082355707224	0.909238619839	-0.330664327974
0.000000000000	0.000000000000	0.000000000000	1.000000000000
4	9	55
0.973600771493	0.188915924441	-0.128110543052	0.706460943867
-0.105617060269	0.870406341573	0.480871955026	-0.344524241518
0.202352599016	-0.454646647456	0.867381030245	-0.185434497743
0.000000000000	0.000000000000	0.000000000000	1.000000000000
4	10	55
0.809225068750	0.333337106549	-0.483778008496	0.518597162772
-0.153580192637	0.914845322314	0.373458378764	-0.317353221347
0.567069583504	-0.227913162493	0.791509745882	-0.264184080425
0.000000000000	0.000000000000	0.000000000000	1.000000000000
4	18	55
0.420763511439	-0.251219926759	0.871691812421	-2.426745544044
0.071707517076	0.967094785511	0.244101839058	0.023462526043
-0.904331852495	-0.040202291426	0.424932555034	-0.355147300714
0.000000000000	0.000000000000	0.000000000000	1.000000000000
4	19	55
0.918306439808	-0.033099447302	0.394484105124	-2.346882049147
-0.034948891288	0.985828905678	0.164072982930	-0.125285822637
-0.394324558714	-0.164456058928	0.904136243648	-0.153083402984
0.000000000000	0.000000000000	0.000000000000	1.000000000000
4	20	55
0.574902542963	-0.056054556728	0.816299548429	-2.320463792294
0.017712875789	0.998269401007	0.056075458479	-0.113449080070
-0.818030146221	-0.017778911169	0.574900504602	-0.253264084175
0.000000000000	0.000000000000	0.000000000000	1.000000000000
4	36	55
0.985986341854	0.000937594164	0.166823423397	-0.731993206727
-0.037856777369	0.975154652236	0.218266508263	0.108676372238
-0.162473992023	-0.221523193231	0.961524662594	-0.804516811762
0.000000000000	0.000000000000	0.000000000000	1.000000000000
4	37	55
0.765444204143	-0.206780810689	0.609374159835	-0.182504356587
0.057836940365	0.965239400893	0.254887793536	-0.024121145919
-0.640897853541	-0.159858047326	0.750796474440	-0.137895565978
0.000000000000	0.000000000000	0.000000000000	1.000000000000
5	6	55
0.998282816956	-0.055712915953	0.018096639626	0.382600713104
0.053838710102	0.994364604894	0.091325931851	0.052466950797
-0.023082691877	-0.090194808775	0.995656610386	-0.321024011712
0.000000000000	0.000000000000	0.000000000000	1.000000000000
5	7	55
0.993777276637	0.105217882371	0.036550262232	0.717912155718
-0.111382952723	0.940938020966	0.319733449209	-0.012577358184
-0.000749854962	-0.321814912535	0.946802302378	-0.299796913433
0.000000000000	0.000000000000	0.000000000000	1.000000000000
5	8	55
0.968271154557	0.179614230070	-0.173751833395	0.676103379721
-0.051423170654	0.823605608377	0.564826928687	-0.353714384509
0.244553938369	-0.537970752185	0.806709886528	-0.103389865591
0.000000000000	0.000000000000	0.000000000000	1.000000000000
5	9	55
0.809363641176	0.407310659050	-0.423117623560	0.521932412089
-0.158853737825	0.845404689378	0.509957254245	-0.397743095847
0.565416648430	-0.345527044098	0.748942638308	-0.060955490402
0.000000000000	0.000000000000	0.000000000000	1.000000000000
5	37	55
0.957378129207	-0.100761227488	0.270692247307	-0.265670046175
0.028398587014	0.965474673717	0.258944346658	-0.037565190289
-0.287438059367	-0.240220376833	0.927185813406	-0.363196250738
0.000000000000	0.000000000000	0.000000000000	1.000000000000
5	38	55
0.963967193281	-0.121855439232	0.236470933113	0.296892452501
0.039493112096	0.944620927585	0.325778448130	-0.113464795521
-0.263073268073	-0.304700763206	0.915396034800	0.115275405375
0.000000000000	0.000000000000	0.000000000000	1.000000000000
5	39	55
0.925278069454	0.232827812346	-0.299418943931	0.696627466397
-0.091053760910	0.902688308474	0.420550865376	-0.175088868102
0.368197917988	-0.361863271889	0.856437543343	0.422953617962
0.000000000000	0.000000000000	0.000000000000	1.000000000000
5	40	55
0.900785554223	0.339970860213	-0.270194743674	1.040681217781
-0.082166183730	0.744379587461	0.662682237595	-0.369236371366
0.426420102193	-0.574733715714	0.698460487406	0.468196011425
0.000000000000	0.000000000000	0.000000000000	1.000000000000
5	41	55
0.909726370957	0.363454023815	-0.200746363750	0.881571223577
-0.066663808315	0.605066400658	0.793379220458	-0.586978953435
0.409821749846	-0.708375481907	0.574674090234	0.563169150272
0.000000000000	0.000000000000	0.000000000000	1.000000000000
6	7	55
0.989382453587	0.141842801823	0.031669861160	0.336614905950
-0.145324857031	0.962920095567	0.227300627984	-0.078605472130
0.001745412195	-0.229489671062	0.973309531656	0.026150416962
0.000000000000	0.000000000000	0.000000000000	1.000000000000
6	8	55
0.957377447254	0.228263721227	-0.176986149346	0.306861635441
-0.120895268616	0.873169171409	0.472186331999	-0.406873207806
0.262321858630	-0.430663757092	0.863548476238	0.167931718444
0.000000000000	0.000000000000	0.000000000000	1.000000000000
6	9	55
0.788881636400	0.426914741114	-0.442051544020	0.143185611619
-0.272642305067	0.887780602472	0.370825801910	-0.340743935901
0.550755787294	-0.172015713510	0.816748833527	0.170007779094
0.000000000000	0.000000000000	0.000000000000	1.000000000000
6	37	55
0.963844399813	-0.041851647359	0.263158531237	-0.626190685480
0.009340066267	0.992288105349	0.123600481980	-0.003151519368
-0.266301964153	-0.116673714250	0.956802230501	-0.090263732316
0.000000000000	0.000000000000	0.000000000000	1.000000000000
6	38	55
0.976933898505	-0.052652861006	0.206948868517	-0.053614042047
0.011455545727	0.980651901569	0.195424201215	-0.160858342390
-0.213234444743	-0.188545814529	0.958635252533	0.385164277816
0.000000000000	0.000000000000	0.000000000000	1.000000000000
6	39	55
0.919222281308	0.248383582445	-0.305509400051	0.302294678512
-0.152647850324	0.940045364713	0.304980894603	-0.267801691702
0.362944942573	-0.233709880521	0.902025864600	0.693695678362
0.000000000000	0.000000000000	0.000000000000	1.000000000000
6	40	55
0.886806136203	0.396428397907	-0.237527687073	0.608539485652
-0.194786257110	0.786715519059	0.585778973771	-0.522777113358
0.419086137726	-0.473205259274	0.774882953588	0.719077319594
0.000000000000	0.000000000000	0.000000000000	1.000000000000
6	41	55
0.882846326518	0.426051938227	-0.197641366335	0.488232718629
-0.155856368832	0.662736990972	0.732453734438	-0.724605719279
0.443047577635	-0.615840423105	0.651497825953	0.816989628166
0.000000000000	0.000000000000	0.000000000000	1.000000000000
7	8	55
0.966557318709	0.080676318322	-0.243430239107	0.014781218141
-0.032742782183	0.980281984346	0.194872115454	-0.303990657628
0.254351842660	-0.180384486108	0.950140293487	0.064827617973
0.000000000000	0.000000000000	0.000000000000	1.000000000000
7	37	55
0.951619169114	-0.189845539533	0.241618766022	-0.968731562401
0.210045088430	0.975815242386	-0.060544806162	-0.038285309958
-0.224281113339	0.108366433210	0.968480613308	-0.120060588479
0.000000000000	0.000000000000	0.000000000000	1.000000000000
7	38	55
0.954353206619	-0.214986373425	0.207342268383	-0.407518756603
0.222289559870	0.974903007368	-0.012307631652	-0.216960146743
-0.199492627907	0.057835849314	0.978191037551	0.319809690350
0.000000000000	0.000000000000	0.000000000000	1.000000000000
7	39	55
0.929264051183	0.092486724448	-0.357651407071	0.018935851087
-0.097444998708	0.995232149550	0.004176209800	-0.315077542384
0.356332422614	0.030970539262	0.933845827903	0.601915057127
0.000000000000	0.000000000000	0.000000000000	1.000000000000
7	40	55
0.928243452310	0.210101595368	-0.306955066530	0.332031594500
-0.110046519738	0.943379256974	0.312930249424	-0.474829349440
0.355322187230	-0.256696118270	0.898806567693	0.560222948714
0.000000000000	0.000000000000	0.000000000000	1.000000000000
7	41	55
0.913986996007	0.286536440247	-0.287271021059	0.241749782276
-0.115059930398	0.861984814487	0.493703749237	-0.735037398816
0.389087372638	-0.418185422994	0.820811774068	0.590054430436
0.000000000000	0.000000000000	0.000000000000	1.000000000000
8	9	55
0.942144886616	0.225165065792	-0.248321778685	-0.177671894924
-0.248137050295	0.966539267309	-0.065037289467	-0.072338768554
0.225368624465	0.122892383397	0.966491823664	0.041126384426
0.000000000000	0.000000000000	0.000000000000	1.000000000000
8	36	55
0.998937136463	-0.006719115559	-0.045600996503	-1.343572177340
-0.009413904529	0.938724974649	-0.344538532493	0.711298470490
0.045121788501	0.344601618477	0.937663984989	-0.477960842521
0.000000000000	0.000000000000	0.000000000000	1.000000000000
8	37	55
0.857140414960	-0.204543559139	0.472728507134	-0.997796541269
0.357439498180	0.897024259173	-0.259970159051	0.261053286400
-0.370873717300	0.391802770371	0.841987692871	0.136222101653
0.000000000000	0.000000000000	0.000000000000	1.000000000000
8	38	55
0.873800803393	-0.245997306167	0.419472861278	-0.311298673196
0.338757704083	0.926795903370	-0.162149842495	-0.004803719742
-0.348877304958	0.283786326054	0.893168487594	0.357908619802
0.000000000000	0.000000000000	0.000000000000	1.000000000000
8	39	55
0.990717819585	0.072933356880	-0.114712368167	0.142970461877
-0.090059313485	0.984267359445	-0.152010148297	-0.146471067833
0.101821029316	0.160930079801	0.981699540289	0.532963238131
0.000000000000	0.000000000000	0.000000000000	1.000000000000
8	40	55
0.986133000104	0.130622355350	-0.102369460231	0.463040484014
-0.116525944692	0.984198448839	0.133323356979	-0.269301950319
0.118166874879	-0.119545863940	0.985771462407	0.376891487000
0.000000000000	0.000000000000	0.000000000000	1.000000000000
8	41	55
0.979576389669	0.179469949646	-0.090667711873	0.372428455146
-0.145277972663	0.943466656331	0.297934521416	-0.499551285634
0.139012256514	-0.278677601479	0.950270691420	0.360511114467
0.000000000000	0.000000000000	0.000000000000	1.000000000000
8	42	55
0.574446022079	0.701530662313	-0.421742216943	0.226026805242
-0.516848483778	0.710401052828	0.477700731586	-0.524158659082
0.634727825555	-0.056436459631	0.770672118018	0.439543338050
0.000000000000	0.000000000000	0.000000000000	1.000000000000
9	10	55
0.919341484472	0.172679876211	-0.353543342860	-0.199800123491
-0.227264351910	0.966549541872	-0.118881863452	0.013923650869
0.321188650609	0.189640827510	0.927833070795	-0.035618527603
0.000000000000	0.000000000000	0.000000000000	1.000000000000
9	20	55
0.373699831342	-0.190265002324	0.907825789976	-2.988176126363
0.545106611810	0.836934628061	-0.048981732437	-0.292960099246
-0.750471330442	0.513166305639	0.416477040113	0.474290590890
0.000000000000	0.000000000000	0.000000000000	1.000000000000
9	36	55
0.934018861646	-0.180772078762	0.308107483890	-1.502481257211
0.252224319438	0.944506668063	-0.210452005616	0.394315358958
-0.252965726480	0.274278343154	0.927782157461	-0.195104497208
0.000000000000	0.000000000000	0.000000000000	1.000000000000
9	43	55
0.662359915014	0.538959847087	-0.520386035756	0.600382561772
-0.388313739146	0.840992568787	0.376754481373	-0.361923218981
0.640696326642	-0.047474018920	0.766325279862	0.313092858046
0.000000000000	0.000000000000	0.000000000000	1.000000000000
9	44	55
0.789073521295	0.177005088734	-0.588244997050	0.586482156638
-0.180165170330	0.982160593766	0.053861669615	-0.282834113103
0.587284845192	0.063480442784	0.806887070161	0.286353698232
0.000000000000	0.000000000000	0.000000000000	1.000000000000
9	45	55
0.632240727596	0.270526919491	-0.726007471173	0.524008190319
-0.412829550634	0.910584128896	-0.020206591144	-0.070771201255
0.655624453855	0.312492767969	0.687389878799	0.376933039100
0.000000000000	0.000000000000	0.000000000000	1.000000000000
10	18	55
-0.190261300189	-0.348704317524	0.917717787008	-2.498742760608
0.404114887896	0.824105106876	0.396915520233	-0.610123872757
-0.894702070542	0.446381083561	-0.015878702941	1.552688656530
0.000000000000	0.000000000000	0.000000000000	1.000000000000
10	19	55
0.469473766766	-0.272407981222	0.839873963214	-2.354132675890
0.390119081655	0.917329311421	0.079460912007	-0.835781396175
-0.792086790981	0.290346045565	0.536933598667	1.695147281300
0.000000000000	0.000000000000	0.000000000000	1.000000000000
10	20	55
-0.069462593664	-0.165950273260	0.983684631824	-2.384416966804
0.412713727274	0.892941552658	0.179785324365	-0.692322631637
-0.908208306173	0.418468505795	0.006463919581	1.654973170927
0.000000000000	0.000000000000	0.000000000000	1.000000000000
10	35	55
0.995282655688	-0.009251313309	-0.096575610217	-1.495573945789
-0.003756537824	0.991021838853	-0.133647309511	0.380945044453
0.096944951958	0.133379639068	0.986312094710	-0.414694447427
0.000000000000	0.000000000000	0.000000000000	1.000000000000
10	36	55
0.721954820642	-0.243708679142	0.647601201870	-1.388591413842
0.294188559277	0.955227804527	0.031510840181	0.097720492597
-0.626286139510	0.167767461593	0.761327623489	0.315941172454
0.000000000000	0.000000000000	0.000000000000	1.000000000000
10	43	55
0.904506523762	0.283993963315	-0.318143642515	0.944428077545
-0.129077842294	0.893331312340	0.430462631389	-0.196998148450
0.406456466427	-0.348290963412	0.844681327901	0.091042283857
0.000000000000	0.000000000000	0.000000000000	1.000000000000
10	44	55
0.947946290342	-0.038244897415	-0.316125225899	0.964089097170
0.077904633667	0.990446437802	0.113783662706	-0.104251344168
0.308753459383	-0.132488420881	0.941869481219	0.070625629589
0.000000000000	0.000000000000	0.000000000000	1.000000000000
10	45	55
0.884692779162	0.087544040372	-0.457880691332	0.858338395700
-0.113813748954	0.993047845279	-0.030040098809	0.140105796038
0.452067602299	0.078689376556	0.888505973514	0.153364010798
0.000000000000	0.000000000000	0.000000000000	1.000000000000
10	54	55
0.585770736246	0.259191948642	-0.767914173796	0.550573483117
-0.291441790299	0.951469265059	0.098832790691	0.131329962777
0.756263398179	0.165908925039	0.632882217452	0.434825448688
0.000000000000	0.000000000000	0.000000000000	1.000000000000
11	34	55
0.855701815912	-0.374742301979	0.356850962382	-1.537298286347
0.367752724148	0.925547650601	0.090108159170	0.128324987343
-0.364049908842	0.054127198101	0.929805307738	-0.140555252848
0.000000000000	0.000000000000	0.000000000000	1.000000000000
11	35	55
0.756611214313	-0.302673056847	0.579593384222	-1.301407310205
0.403916111551	0.913413218656	-0.050279884793	-0.092700248134
-0.514189892166	0.272149430724	0.813353208730	0.199942733982
0.000000000000	0.000000000000	0.000000000000	1.000000000000
11	46	55
0.942987627075	-0.029305643102	-0.331535087835	0.676182755238
-0.025788323508	0.986687994842	-0.160567005347	0.473779085236
0.331827210388	0.159962433458	0.929678827514	-0.298055561084
0.000000000000	0.000000000000	0.000000000000	1.000000000000
11	47	55
0.790721708006	0.115339832948	-0.601212028676	0.162415572560
-0.137789448481	0.990422576188	0.008785696535	0.226922867564
0.596467307047	0.075893632881	0.799041243061	-0.148218978416
0.000000000000	0.000000000000	0.000000000000	1.000000000000
11	53	55
0.922746374281	-0.034295221451	-0.383878843564	0.330319363608
-0.060511778129	0.970787853517	-0.232183694888	0.501945331105
0.380627709788	0.237475854036	0.893715707198	-0.330620504639
0.000000000000	0.000000000000	0.000000000000	1.000000000000
11	54	55
0.979483713423	-0.094733249861	-0.177868677708	0.652614037950
0.067293135307	0.985710479647	-0.154423069052	0.614081790535
0.189956018802	0.139285540118	0.971862258365	-0.367063017772
0.000000000000	0.000000000000	0.000000000000	1.000000000000
12	13	55
0.837652856402	0.264088845804	-0.478115858013	-0.051816748703
-0.270952445605	0.960957589256	0.056082830457	-0.316276976605
0.474259912266	0.082568717884	0.876504388149	0.704854520088
0.000000000000	0.000000000000	0.000000000000	1.000000000000
12	32	55
0.785749034392	-0.470403514253	0.401645351935	-1.490650507209
0.355811526128	0.874890239722	0.328580623763	-0.443307135902
-0.505961078371	-0.115271862207	0.854819153363	1.208752142595
0.000000000000	0.000000000000	0.000000000000	1.000000000000
12	33	55
0.628152626538	-0.497881685154	0.597944901610	-1.773532386986
0.474088799969	0.854259037116	0.213263469094	-0.276820432857
-0.616979811272	0.149516972596	0.772645188549	0.782527324197
0.000000000000	0.000000000000	0.000000000000	1.000000000000
12	47	55
0.951168759818	-0.187150378712	0.245464307170	-0.653510642475
0.212114642724	0.974020986193	-0.079312652189	0.550699045611
-0.224243993651	0.127506290837	0.966155669190	-0.724018478898
0.000000000000	0.000000000000	0.000000000000	1.000000000000
12	48	55
0.992233223128	-0.115490818932	-0.046207160295	-1.004278385168
0.108320433726	0.984839217500	-0.135493170721	0.462807490440
0.061154840834	0.129435645852	0.989700206641	-0.450336876950
0.000000000000	0.000000000000	0.000000000000	1.000000000000
12	52	55
0.998013918970	-0.048418466054	0.040297266492	-1.087445968447
0.058207121868	0.953403655520	-0.296029391453	0.578373641438
-0.024086272140	0.297787040996	0.954328418161	-0.700892201039
0.000000000000	0.000000000000	0.000000000000	1.000000000000
12	53	55
0.867383701207	-0.170425550339	0.467547480661	-0.601411087243
0.277335602849	0.945647832930	-0.169809126571	0.755100111553
-0.413195448030	0.276957231113	0.867504590109	-1.103143117528
0.000000000000	0.000000000000	0.000000000000	1.000000000000
13	14	55
0.760036597517	0.244688715573	-0.602056312072	0.344045463409
-0.365177788313	0.927122339070	-0.084198285735	-0.182709041411
0.537577485910	0.283851371089	0.794001792047	0.416364548448
0.000000000000	0.000000000000	0.000000000000	1.000000000000
13	24	55
0.668185920183	0.249630211088	-0.700865417738	-0.156979598402
-0.391091771762	0.919228736089	-0.045450597441	-0.274926222942
0.632909789883	0.304472147264	0.711844020422	0.653191672476
0.000000000000	0.000000000000	0.000000000000	1.000000000000
13	25	55
0.902170844201	0.255230017961	-0.347772060127	-0.110653244557
-0.165707244388	0.949376871825	0.266879494155	-0.290283876815
0.398282408638	-0.183142548783	0.898793596881	0.718593005117
0.000000000000	0.000000000000	0.000000000000	1.000000000000
13	26	55
0.989756923204	-0.041560025715	-0.136579636959	-0.072134583027
0.031315125587	0.996591365335	-0.076321775718	-0.445293458156
0.139286021835	0.071262997424	0.987684660871	0.995878816732
0.000000000000	0.000000000000	0.000000000000	1.000000000000
13	47	55
0.592733542517	-0.359546342541	0.720689513689	-1.538890523976
0.488539831656	0.871910199260	0.033187909128	0.708053325988
-0.640309128828	0.332413946748	0.692463130821	-0.800613060248
0.000000000000	0.000000000000	0.000000000000	1.000000000000
13	48	55
0.827009906997	-0.316332667965	0.464745367817	-1.535008923324
0.393024720923	0.916413244252	-0.075619670080	0.436067372430
-0.401977838286	0.245194634807	0.882209390445	-0.530214150197
0.000000000000	0.000000000000	0.000000000000	1.000000000000
13	49	55
0.998147773171	-0.052393642663	0.030918103465	-1.703916501194
0.059439024487	0.948179303721	-0.312126593489	0.489386282984
-0.012962456611	0.313386206147	0.949537287585	-0.364014852258
0.000000000000	0.000000000000	0.000000000000	1.000000000000
13	51	55
0.999856267973	0.001735955386	-0.016865048298	-1.939077992409
-0.008544301117	0.910778662297	-0.412806520325	0.536420253188
0.014643712426	0.412891286858	0.910662586759	-0.471011648634
0.000000000000	0.000000000000	0.000000000000	1.000000000000
13	52	55
0.809745773082	-0.160931205167	0.564280896522	-1.769602483543
0.357082066953	0.898239276341	-0.256239341044	0.652415299269
-0.465622358179	0.408983312180	0.784811104612	-0.688308360629
0.000000000000	0.000000000000	0.000000000000	1.000000000000
14	15	55
0.929856800201	0.138664391564	-0.340791017533	0.217660339803
-0.133259539285	0.990300045313	0.039341014769	-0.004760446052
0.342940557982	0.008832143879	0.939315584309	0.042221841044
0.000000000000	0.000000000000	0.000000000000	1.000000000000
14	16	55
0.854522679203	0.209341719705	-0.475359900622	0.281538697735
-0.179670077419	0.977820470191	0.107637313953	0.093696085984
0.487349621943	-0.006570575755	0.873182210954	-0.330641476637
0.000000000000	0.000000000000	0.000000000000	1.000000000000
14	23	55
0.892419862054	0.127857777172	-0.432711426504	-0.100795997595
-0.112420279564	0.991774565612	0.061195520647	0.028825348587
0.436976510299	-0.005966558556	0.899453128087	0.159137550316
0.000000000000	0.000000000000	0.000000000000	1.000000000000
14	24	55
0.990827571946	0.016454207126	-0.134126737597	-0.205621277089
-0.017898039230	0.999794055002	-0.009565969553	-0.162841755599
0.133941714422	0.011878831997	0.990918014009	0.502648738972
0.000000000000	0.000000000000	0.000000000000	1.000000000000
14	25	55
0.957327923295	-0.250387029493	0.144324574277	-0.203632940614
0.172541287469	0.895795026502	0.409610515750	-0.102963173956
-0.231846396127	-0.367229636544	0.900771692854	0.521873113965
0.000000000000	0.000000000000	0.000000000000	1.000000000000
14	26	55
0.820486111768	-0.352735965244	0.449866512667	0.099425274814
0.322276612315	0.935375689219	0.145636894959	-0.129149794241
-0.472165570061	0.025488406021	0.881141314210	0.704773217329
0.000000000000	0.000000000000	0.000000000000	1.000000000000
14	49	55
0.714230556564	-0.250998549863	0.653356288741	-2.257396521926
0.330417225186	0.943833952921	0.001388024983	-0.158180077319
-0.617008240926	0.214888802128	0.757049293870	0.587005602837
0.000000000000	0.000000000000	0.000000000000	1.000000000000
14	51	55
0.791769312049	-0.107988600702	0.601198651543	-2.406452964065
0.223447659575	0.967233753376	-0.120540490128	-0.139377551349
-0.568482629399	0.229776692569	0.789955803589	0.525263313751
0.000000000000	0.000000000000	0.000000000000	1.000000000000
15	16	55
0.989130597237	0.072202889784	-0.128091390484	-0.164020969862
-0.069417130299	0.997246583233	0.026086668070	0.179899337475
0.129622234322	-0.016911384825	0.991419225874	-0.351646434795
0.000000000000	0.000000000000	0.000000000000	1.000000000000
15	22	55
0.925054727819	0.192573182880	-0.327397800506	-0.387392762403
-0.122330724071	0.967070375845	0.223181724412	0.336160519394
0.359595529017	-0.166404499335	0.918150640207	-0.538505355210
0.000000000000	0.000000000000	0.000000000000	1.000000000000
15	23	55
0.994294264722	-0.014169512575	-0.105726723466	-0.252686689475
0.014129648753	0.999899537400	-0.001126114075	0.022509172610
0.105732058372	-0.000374192700	0.994394585571	0.199492121430
0.000000000000	0.000000000000	0.000000000000	1.000000000000
15	24	55
0.969348215651	-0.109799471155	0.219791066582	-0.231262011620
0.119111823519	0.992441496340	-0.029533876158	-0.172725292842
-0.214886971017	0.054808324889	0.975099808845	0.569170070790
0.000000000000	0.000000000000	0.000000000000	1.000000000000
15	49	55
0.401380017703	-0.288054116748	0.869435970738	-2.086585057946
0.427887719993	0.898274844485	0.100071988310	-0.483712617304
-0.809818609608	0.331854078760	0.483804392232	1.346038216034
0.000000000000	0.000000000000	0.000000000000	1.000000000000
15	50	55
0.672531786459	-0.117007818115	0.730759992543	-2.152157345613
0.336216189362	0.927948084100	-0.160844730175	-0.590201309470
-0.659287244085	0.353866533759	0.663414505474	1.428812217277
0.000000000000	0.000000000000	0.000000000000	1.000000000000
15	51	55
0.490600517341	-0.156704037794	0.857178497703	-2.274041285234
0.336116475809	0.941603003474	-0.020236070226	-0.517297209352
-0.803950774037	0.298039642309	0.514621729562	1.387497354971
0.000000000000	0.000000000000	0.000000000000	1.000000000000
16	17	55
0.939635355452	0.139810316634	-0.312311501785	-0.299540224277
-0.140706912260	0.989853618021	0.019783319556	0.133596156535
0.311908582163	0.025355280576	0.949773734170	-0.303993850366
0.000000000000	0.000000000000	0.000000000000	1.000000000000
16	22	55
0.970328377412	0.109293335649	-0.215679871038	-0.265199639934
-0.069278109706	0.980280608304	0.185068831784	0.146454729458
0.231653585131	-0.164635645488	0.958765727762	-0.158707533279
0.000000000000	0.000000000000	0.000000000000	1.000000000000
16	23	55
0.997614144167	-0.068274213863	0.010229910984	0.022982721440
0.068526218282	0.997291134915	-0.026731061119	-0.176414682006
-0.008377157352	0.027368301774	0.999590315726	0.568227165034
0.000000000000	0.000000000000	0.000000000000	1.000000000000
16	24	55
0.921205563706	-0.151054377426	0.358556668405	0.053148014924
0.171696223728	0.984800377754	-0.026241622157	-0.377685042368
-0.349142830593	0.085736754289	0.933139053308	0.919420286216
0.000000000000	0.000000000000	0.000000000000	1.000000000000
16	48	55
-0.216347483217	-0.344033159352	0.913693029289	-1.763928550593
0.508594699964	0.759132181083	0.406263169401	-0.636290099127
-0.833381783863	0.552593446314	0.010737104652	1.681018062529
0.000000000000	0.000000000000	0.000000000000	1.000000000000
16	49	55
0.412941685465	-0.271041717187	0.869491547946	-1.645083397824
0.404834852322	0.909815694915	0.091346284169	-0.641857962812
-0.815835710637	0.314279793862	0.485427960071	1.627413945787
0.000000000000	0.000000000000	0.000000000000	1.000000000000
16	51	55
0.355680818840	-0.156464785855	0.921417346210	-1.826795429634
0.378434094357	0.925561832989	0.011087359576	-0.818371400375
-0.854563509248	0.344752177805	0.388416200178	2.012855793939
0.000000000000	0.000000000000	0.000000000000	1.000000000000
17	21	55
0.945555486553	0.166049425405	-0.279915005265	-0.250372322311
-0.157182909138	0.986092155975	0.053998083289	0.034508666782
0.284988341735	-0.007060329078	0.958504980075	-0.098395178831
0.000000000000	0.000000000000	0.000000000000	1.000000000000
17	22	55
0.993913067823	-0.069639469349	0.085364851778	0.071435980576
0.050969591586	0.977624800091	0.204087851135	-0.053804478648
-0.097667365808	-0.198494570596	0.975223559549	0.117607900179
0.000000000000	0.000000000000	0.000000000000	1.000000000000
18	19	55
0.770215016291	0.184358840015	-0.610557652305	-0.222604329986
-0.217145372081	0.975918654725	0.020752511727	-0.190863779807
0.599680511660	0.116595872429	0.791699871459	0.063228136724
0.000000000000	0.000000000000	0.000000000000	1.000000000000
18	20	55
0.988805355250	0.030550646025	-0.146050085435	-0.100826154844
-0.057001373237	0.981918124573	-0.180520469986	-0.104390459599
0.137894209006	0.186824662885	0.972667328772	0.109814018879
0.000000000000	0.000000000000	0.000000000000	1.000000000000
18	36	55
0.560352489906	0.257485267763	-0.787214344344	1.158861475399
-0.241680303080	0.959918299729	0.141941850586	-0.348968324882
0.792209390350	0.110716731932	0.600121726912	1.306299883834
0.000000000000	0.000000000000	0.000000000000	1.000000000000
18	45	55
-0.654489160570	0.315214649299	-0.687228974624	0.811018109683
-0.189839081342	0.811316491982	0.552925558311	-1.213928120212
0.731850436832	0.492346701731	-0.471157790346	3.441286955475
0.000000000000	0.000000000000	0.000000000000	1.000000000000
19	20	55
0.853989028323	-0.109718018007	0.508590892592	0.117585329116
0.169046343645	0.982990058825	-0.071790514358	0.106392869685
-0.492063078480	0.147283742403	0.858010154963	-0.060453869693
0.000000000000	0.000000000000	0.000000000000	1.000000000000
19	35	55
0.477658987712	0.214080625678	-0.852063012440	2.392150823645
-0.202502194644	0.970569822748	0.130334494038	0.402444700648
0.854888736984	0.110289187508	0.506953195567	-0.426366195491
0.000000000000	0.000000000000	0.000000000000	1.000000000000
19	36	55
0.970231286889	0.014273034190	-0.241759240644	1.783624652833
-0.000488103404	0.998375005721	0.056983416068	0.302674572598
0.242179709506	-0.055169089595	0.968661633315	0.078225175307
0.000000000000	0.000000000000	0.000000000000	1.000000000000
20	36	55
0.692163177417	0.204491915055	-0.692165581711	1.403142026496
-0.055249675339	0.971220449688	0.231685803370	0.029196305474
0.719623241150	-0.122122458153	0.683541144344	1.018396672236
0.000000000000	0.000000000000	0.000000000000	1.000000000000
21	22	55
0.897687500085	-0.282122381975	0.338473209841	0.339153460080
0.223852876665	0.953634727782	0.201173297374	-0.010134059224
-0.379535297173	-0.104822552707	0.919219881554	0.127536728234
0.000000000000	0.000000000000	0.000000000000	1.000000000000
22	23	55
0.960682447850	-0.127302275275	0.246745547280	0.461834939421
0.176762756804	0.965749265025	-0.189956007832	-0.422646331313
-0.214112498935	0.226102825754	0.950280669058	0.568252414060
0.000000000000	0.000000000000	0.000000000000	1.000000000000
23	24	55
0.945496310189	-0.099727420694	0.309985756092	0.080757824414
0.116454901406	0.992547533956	-0.035883823326	-0.194611932578
-0.304096996626	0.070027383213	0.950063777987	0.358199350864
0.000000000000	0.000000000000	0.000000000000	1.000000000000
23	49	55
0.332476939023	-0.230170177683	0.914593228885	-1.734975845251
0.428977780994	0.900544765070	0.070690802219	-0.448376739317
-0.839903058948	0.368837112301	0.398148259018	1.327392179138
0.000000000000	0.000000000000	0.000000000000	1.000000000000
23	50	55
0.610845902341	-0.050535563746	0.790135077307	-1.782379009134
0.304736192172	0.936087038211	-0.175718269041	-0.561766331237
-0.730755182516	0.348119539370	0.587204946790	1.407757298119
0.000000000000	0.000000000000	0.000000000000	1.000000000000
23	51	55
0.419079690888	-0.140386850938	0.897030514960	-1.874656753907
0.348933668899	0.937004369728	-0.016373937203	-0.579650137652
-0.838222826815	0.319866133241	0.441665200589	1.370276008803
0.000000000000	0.000000000000	0.000000000000	1.000000000000
24	25	55
0.923842127981	-0.296139600180	0.242522287168	0.059490745811
0.175271524748	0.890547370985	0.419768117708	0.041922102781
-0.340287547789	-0.345292220064	0.874630017541	0.024122139637
0.000000000000	0.000000000000	0.000000000000	1.000000000000
24	49	55
0.627358473005	-0.242114074047	0.740136555979	-1.996675862948
0.342420097666	0.939392221900	0.017050810788	-0.027825050495
-0.699406765097	0.242740661165	0.672240394765	0.336107430862
0.000000000000	0.000000000000	0.000000000000	1.000000000000
24	50	55
0.835991205531	-0.078718341148	0.543067331960	-2.079060965045
0.223092977372	0.952933587358	-0.205297592612	-0.136750609579
-0.501346414890	0.292781489941	0.814205607586	0.412707468286
0.000000000000	0.000000000000	0.000000000000	1.000000000000
24	51	55
0.704377249934	-0.102534117125	0.702381267263	-2.174927794162
0.248376486545	0.962560290056	-0.108567071153	-0.024325357525
-0.664952487557	0.250927166390	0.703472633768	0.319270655876
0.000000000000	0.000000000000	0.000000000000	1.000000000000
25	26	55
0.942421201373	-0.183681371745	0.279469914081	0.190628346646
0.270040961666	0.910924414094	-0.311920808589	-0.141938553105
-0.197281925744	0.369429107518	0.908075974956	0.197345437270
0.000000000000	0.000000000000	0.000000000000	1.000000000000
25	48	55
0.552056774075	-0.311002483263	0.773634780502	-1.867939350113
0.644286766107	0.748066530873	-0.159031532746	0.653366918432
-0.529271084811	0.586237085821	0.613349980020	-0.441372517816
0.000000000000	0.000000000000	0.000000000000	1.000000000000
25	49	55
0.891521608047	-0.109331310080	0.439586040523	-1.976725398953
0.325914527597	0.828786758852	-0.454854074460	0.506035091035
-0.314593297906	0.548779712624	0.774513966256	-0.259062213491
0.000000000000	0.000000000000	0.000000000000	1.000000000000
25	51	55
0.915336223664	0.010824581062	0.402544936739	-2.201074340741
0.231793209468	0.803265073846	-0.548668505734	0.518426303487
-0.329289395052	0.595523340923	0.732748554909	-0.273335427792
0.000000000000	0.000000000000	0.000000000000	1.000000000000
25	52	55
