0	1	55
0.991420566714	0.093345716488	0.091497743746	-0.259782647034
-0.089657544141	0.995016486121	-0.043631606952	0.101291961582
-0.095114587083	0.035053809492	0.994848956256	-0.169327693631
0.000000000000	0.000000000000	0.000000000000	1.000000000000
0	2	55
0.996329839379	0.022403522150	-0.082613154874	-0.480216176875
-0.001839407661	0.970521359448	0.241008106576	-0.034180658950
0.085577261831	-0.239971608844	0.967000599383	-0.412416143292
0.000000000000	0.000000000000	0.000000000000	1.000000000000
0	3	55
0.997576428548	0.069577192058	-0.000532495054	-0.576302696082
-0.068928719015	0.987176888929	-0.143981323993	0.044618364744
-0.009492149422	0.143669079168	0.989580261924	-0.134974981828
0.000000000000	0.000000000000	0.000000000000	1.000000000000
0	10	55
0.902781855621	-0.071537630969	0.424107637891	-0.449085349409
-0.028094839726	0.974155801348	0.224123079313	-0.293588992079
-0.429180149987	-0.214249485543	0.877440343728	-0.378102671244
0.000000000000	0.000000000000	0.000000000000	1.000000000000
0	19	55
0.061299448252	-0.176007018364	0.982478451230	-1.811436523882
0.134302227935	0.976832626798	0.166616118051	-0.609230331929
-0.989042612437	0.121735568792	0.083517435756	2.322060130315
0.000000000000	0.000000000000	0.000000000000	1.000000000000
0	35	55
0.920349595865	-0.021374847894	0.390512147402	-2.116217421644
0.002211865030	0.998773881789	0.049455441644	0.163919638401
-0.391090435890	-0.044652535568	0.919268416744	-0.062219833742
0.000000000000	0.000000000000	0.000000000000	1.000000000000
0	36	55
0.319890534538	-0.208571174796	0.924212156897	-1.661467199547
0.153101063516	0.974028030458	0.166821641979	-0.024251151859
-0.935002732757	0.088133199911	0.343514815998	0.578390637604
0.000000000000	0.000000000000	0.000000000000	1.000000000000
0	43	55
0.997846367067	0.013602138214	0.064168602659	0.348684647514
-0.049906716860	0.792269189360	0.608127331406	-0.438179365681
-0.042566974798	-0.610020092642	0.791241770403	-0.720033689047
0.000000000000	0.000000000000	0.000000000000	1.000000000000
0	44	55
0.979535609905	-0.159881372915	0.122261750037	0.403856559370
0.111992651071	0.937684518814	0.328945875917	-0.391300699882
-0.167235268510	-0.308521781681	0.936400915845	-0.700664034341
0.000000000000	0.000000000000	0.000000000000	1.000000000000
0	45	55
0.998115067181	0.061369080742	0.000385481365	0.285667722553
-0.060588665977	0.984384122766	0.165278287747	-0.080554593483
0.009763514850	-0.164990105079	0.986246895561	-0.648779510913
0.000000000000	0.000000000000	0.000000000000	1.000000000000
0	54	55
0.886245629071	0.227709007971	-0.403382315728	0.135547546064
-0.123403972040	0.955423175215	0.268212631967	-0.106102951659
0.446475245269	-0.187923292731	0.874839809000	-0.253288918827
0.000000000000	0.000000000000	0.000000000000	1.000000000000
1	2	55
0.980444311840	-0.040244105737	-0.192637907311	-0.173732890565
0.092862600866	0.957644420905	0.272568707796	-0.194471829925
0.173509333294	-0.285127296243	0.942654197570	-0.237178707925
0.000000000000	0.000000000000	0.000000000000	1.000000000000
1	3	55
0.992791107855	-0.019836086186	-0.118204677781	-0.214767321398
0.007094900682	0.994206800411	-0.107249710491	-0.093921885033
0.119647308991	0.105637908446	0.987180405879	-0.004808862135
0.000000000000	0.000000000000	0.000000000000	1.000000000000
1	10	55
0.933726338477	-0.149629654270	0.325216991249	-0.130683758895
0.054352788155	0.957181626918	0.284339774761	-0.375919935122
-0.353837390978	-0.247819086541	0.901878484660	-0.218217092603
0.000000000000	0.000000000000	0.000000000000	1.000000000000
1	11	55
0.926825827766	0.261251874073	-0.269706031225	-0.564039349786
-0.159711465694	0.924342286036	0.346530786470	-0.400815846271
0.339832506850	-0.278098537463	0.898429224118	0.173942090277
0.000000000000	0.000000000000	0.000000000000	1.000000000000
1	35	55
0.949032177490	-0.121525764811	0.290808209264	-1.797146459504
0.084331990558	0.986943863570	0.137222175797	-0.183726736595
-0.303687407472	-0.105703825139	0.946889993555	-0.091481305020
0.000000000000	0.000000000000	0.000000000000	1.000000000000
1	43	55
0.988625954420	-0.008369332431	-0.150162167411	0.947785766564
0.098972357219	0.787984684536	0.607687921094	-0.346145186327
0.113239545891	-0.615637954655	0.779850443377	-0.433469095046
0.000000000000	0.000000000000	0.000000000000	1.000000000000
1	44	55
0.973466125891	-0.226951978827	-0.029266039188	0.849181843971
0.222235640787	0.907159976573	0.357312323979	-0.386809818408
-0.054543759562	-0.354335400729	0.933526326401	-0.417467948522
0.000000000000	0.000000000000	0.000000000000	1.000000000000
1	45	55
0.993178688893	-0.030713244464	-0.112484614699	0.659098750135
0.055041994884	0.973931038066	0.220065244625	-0.217062942829
0.102793339904	-0.224755488714	0.968978069702	-0.401180040693
0.000000000000	0.000000000000	0.000000000000	1.000000000000
1	54	55
0.844794498804	0.174902087807	-0.505699035466	0.446800979105
-0.055161827564	0.968502320261	0.242817685576	-0.119301788100
0.532240009366	-0.177235761993	0.827833351044	-0.036366634484
0.000000000000	0.000000000000	0.000000000000	1.000000000000
2	3	55
0.990357007236	0.119027461914	0.070890489689	-0.075679014631
-0.084150832959	0.923325028034	-0.374685908353	0.007020623338
-0.110052876066	0.365107321093	0.924437671535	0.286822118845
0.000000000000	0.000000000000	0.000000000000	1.000000000000
2	10	55
0.850346987118	-0.083101986436	0.519619150292	-0.027945328747
0.088851241547	0.995948230828	0.013877261479	-0.234733790293
-0.518667001433	0.034368319147	0.854285292079	-0.006151041263
0.000000000000	0.000000000000	0.000000000000	1.000000000000
2	11	55
0.933853613141	0.338843786756	-0.114465354581	-0.219402067643
-0.326210234283	0.938171328372	0.115850945920	-0.341435842636
0.146643486974	-0.070848054298	0.986648995809	0.413664960732
0.000000000000	0.000000000000	0.000000000000	1.000000000000
2	34	55
0.962978402554	-0.024771492221	0.268438017776	-1.630403530098
0.003205115286	0.996750872721	0.080482451295	0.257664589912
-0.269559498906	-0.076642487587	0.959928958645	0.069658062431
0.000000000000	0.000000000000	0.000000000000	1.000000000000
2	35	55
0.894639392055	-0.002268679356	0.446783181507	-1.523570523665
0.082222242073	0.983744091112	-0.159646691511	0.068130612584
-0.439158127663	0.179561733941	0.880282751513	0.454568776519
0.000000000000	0.000000000000	0.000000000000	1.000000000000
2	43	55
0.987850377078	-0.028951166703	0.152687466591	0.793305535965
-0.036834041141	0.910881854078	0.411020074115	-0.346514081637
-0.150979753346	-0.411650431627	0.898748594558	-0.434282312523
0.000000000000	0.000000000000	0.000000000000	1.000000000000
2	44	55
0.956106111689	-0.213736811201	0.200443704638	0.867261250415
0.199800897570	0.975913328429	0.087594387516	-0.206790364405
-0.214337828023	-0.043700697155	0.975781504511	-0.431777860646
0.000000000000	0.000000000000	0.000000000000	1.000000000000
2	45	55
0.995444114749	0.040478559118	0.086327867251	0.754274674592
-0.036601710633	0.998269345709	-0.046028558481	-0.062373114685
-0.088041633282	0.042659110034	0.995202929628	-0.323294276201
0.000000000000	0.000000000000	0.000000000000	1.000000000000
2	46	55
0.848664935727	0.290071590901	-0.442296618820	0.522876147750
-0.296878325062	0.953297574882	0.055560722025	-0.127865972065
0.437756881129	0.084155842790	0.895146193171	0.148857010517
0.000000000000	0.000000000000	0.000000000000	1.000000000000
2	53	55
0.787691853530	0.268303916025	-0.554576011498	0.342121432137
-0.301973930245	0.952777439377	0.032045225332	-0.061278280864
0.536985371621	0.142225734873	0.831515815246	0.092087584102
0.000000000000	0.000000000000	0.000000000000	1.000000000000
2	54	55
0.928391605489	0.201421488926	-0.312279379174	0.585782915461
-0.209362974694	0.977803099474	0.008260961621	0.015044413314
0.307011680047	0.057710332338	0.949954391461	0.073971641997
0.000000000000	0.000000000000	0.000000000000	1.000000000000
3	10	55
0.901077349481	-0.141467232170	0.409934912485	0.123439792760
-0.018421864081	0.931954277430	0.362107525058	-0.302869725223
-0.433266944476	-0.333838654146	0.837156800021	-0.199318144294
0.000000000000	0.000000000000	0.000000000000	1.000000000000
3	35	55
0.928198592540	-0.096032971627	0.359478846619	-1.447074637154
0.007862127553	0.970966032566	0.239088164811	-0.077051990418
-0.372002096441	-0.219095029526	0.902004328305	0.032306481055
0.000000000000	0.000000000000	0.000000000000	1.000000000000
3	45	55
0.999521905349	-0.025437782049	-0.017574981404	0.869856479370
0.029440568872	0.956677003150	0.289659048793	-0.097061477874
0.009445296788	-0.290037981802	0.956968523767	-0.516313332598
0.000000000000	0.000000000000	0.000000000000	1.000000000000
3	54	55
0.904621551308	0.140492911995	-0.402394819287	0.649089504229
0.007531066142	0.938694389975	0.344668137883	-0.069269150559
0.426149189783	-0.314824687578	0.848105113850	-0.152289850917
0.000000000000	0.000000000000	0.000000000000	1.000000000000
4	5	55
0.911748190206	-0.077170511069	0.403435186711	0.188678794141
0.079417410817	0.996778674206	0.011187024029	0.011604592601
-0.402998898900	0.021840029049	0.914939834424	0.099212302640
0.000000000000	0.000000000000	0.000000000000	1.000000000000
4	6	55
0.903385553190	-0.156374560700	0.399301313614	0.428474566794
0.106471883684	0.983776974748	0.144383523786	0.020761894214
-0.415401348425	-0.087919626489	0.905379400586	-0.324361598464
0.000000000000	0.000000000000	0.000000000000	1.000000000000
4	9	55
0.977588575148	0.164617492099	-0.131231318804	0.701676807513
-0.072850116338	0.849361900256	0.522759239941	-0.405109354448
0.197518197363	-0.501483243677	0.842318893307	-0.148160584764
0.000000000000	0.000000000000	0.000000000000	1.000000000000
4	10	55
0.805614954620	0.314241040086	-0.502232131209	0.569892962505
-0.128733649989	0.920332783170	0.369344304929	-0.322834038059
0.578283833644	-0.232895120062	0.781887249415	-0.248462854932
0.000000000000	0.000000000000	0.000000000000	1.000000000000
4	18	55
0.511175241526	-0.186341811320	0.839033135105	-2.197357324211
0.126372732728	0.981899449583	0.141079422066	0.387965817647
-0.850135168590	0.033914602483	0.525471212213	-0.585226674790
0.000000000000	0.000000000000	0.000000000000	1.000000000000
4	19	55
0.914051632738	-0.036676310994	0.403936208949	-2.375122266276
-0.036813631115	0.984290648057	0.172675061057	-0.146626235077
-0.403923717121	-0.172704280083	0.898342285762	-0.116054189770
0.000000000000	0.000000000000	0.000000000000	1.000000000000
4	20	55
0.568736650722	-0.051024176364	0.820935536782	-2.349334398855
0.048538794516	0.998416662223	0.028428049937	-0.010923616636
-0.821086236368	0.023679147424	0.570312800509	-0.236545887350
0.000000000000	0.000000000000	0.000000000000	1.000000000000
4	36	55
0.990440119609	-0.010582385561	0.137536840824	-0.666009946324
-0.022691801752	0.970970999837	0.238118457092	0.059317314535
-0.136064145172	-0.238963031849	0.961448499821	-0.816507641920
0.000000000000	0.000000000000	0.000000000000	1.000000000000
4	37	55
0.763386606814	-0.237546813304	0.600676618511	-0.165689725605
0.087784315564	0.959448756115	0.267865634845	-0.040563849171
-0.639949062408	-0.151755052235	0.753283214763	-0.141773998110
0.000000000000	0.000000000000	0.000000000000	1.000000000000
5	6	55
0.998841521542	-0.045351982895	0.016087650289	0.384313518957
0.043900389636	0.995720211137	0.081326606484	0.069792715898
-0.019707121409	-0.080526137247	0.996557660442	-0.328273474746
0.000000000000	0.000000000000	0.000000000000	1.000000000000
5	7	55
0.997791590676	0.052168405622	0.041114462553	0.706686817204
-0.063251557848	0.935223025265	0.348363507624	-0.042125193461
-0.020277623282	-0.350194732212	0.936457402942	-0.288981473312
0.000000000000	0.000000000000	0.000000000000	1.000000000000
5	8	55
0.974305478776	0.145169576577	-0.172205191743	0.661973462687
-0.018927692789	0.814641369677	0.579656088777	-0.372224897388
0.224433902235	-0.561502656135	0.796457274862	-0.085414855662
0.000000000000	0.000000000000	0.000000000000	1.000000000000
5	9	55
0.831555925166	0.388784940991	-0.396687550826	0.455286675107
-0.172280270745	0.859497005567	0.481232174458	-0.353656492256
0.528047584630	-0.331830027394	0.781699802537	-0.115633032263
0.000000000000	0.000000000000	0.000000000000	1.000000000000
5	37	55
0.953775350410	-0.101639334948	0.282810937803	-0.282073440488
0.026821262964	0.966104615234	0.256753758057	-0.023735986213
-0.299321233465	-0.237300059028	0.924172863258	-0.355754760045
0.000000000000	0.000000000000	0.000000000000	1.000000000000
5	38	55
0.974686295447	-0.115810770965	0.191244583703	0.367783372760
0.052512394487	0.950040302217	0.307678196479	-0.081521927213
-0.217322511242	-0.289847010493	0.932072763584	0.091349975876
0.000000000000	0.000000000000	0.000000000000	1.000000000000
5	39	55
0.916422796723	0.216917946273	-0.336327016803	0.745582382429
-0.061956850437	0.907137415457	0.416248793587	-0.175171566605
0.395386654215	-0.360622120873	0.844760960039	0.438706492994
0.000000000000	0.000000000000	0.000000000000	1.000000000000
5	40	55
0.921330119227	0.312346316294	-0.231496414883	0.996938027177
-0.096476964946	0.760497842722	0.642133340086	-0.354524686936
0.376620507461	-0.569282715277	0.730803792715	0.411615853660
0.000000000000	0.000000000000	0.000000000000	1.000000000000
5	41	55
0.898867335493	0.382945195947	-0.213050440235	0.900006732978
-0.056509827798	0.583403044275	0.810214494621	-0.601589652696
0.434562023819	-0.716235900268	0.546042107005	0.603816085623
0.000000000000	0.000000000000	0.000000000000	1.000000000000
6	7	55
0.985928418569	0.163565738756	0.034516699783	0.336115794131
-0.167104221692	0.958609540889	0.230529666658	-0.097986579155
0.004618717500	-0.233053635934	0.972452914144	0.019913041605
0.000000000000	0.000000000000	0.000000000000	1.000000000000
6	8	55
0.959626820416	0.237975940588	-0.149946047761	0.273898733713
-0.137340573811	0.861654550472	0.488558085017	-0.430987872878
0.245466764192	-0.448239765474	0.859550568800	0.173310296790
0.000000000000	0.000000000000	0.000000000000	1.000000000000
6	9	55
0.802403876884	0.426558541353	-0.417367738524	0.104396923512
-0.279971509939	0.886690651466	0.367961468397	-0.340258901943
0.527033179206	-0.178402632832	0.830908255233	0.143680546122
0.000000000000	0.000000000000	0.000000000000	1.000000000000
6	37	55
0.959588717513	-0.082242346843	0.269120214044	-0.649134101949
0.050473387046	0.991132640060	0.122916748281	-0.007435681153
-0.276842790083	-0.104366116119	0.955230748764	-0.085017666172
0.000000000000	0.000000000000	0.000000000000	1.000000000000
6	38	55
0.965793251071	-0.034813542255	0.256965782665	-0.122105321234
-0.018274220219	0.979346030303	0.201363864198	-0.170108679884
-0.258668608571	-0.199171710353	0.945209596193	0.398002667060
0.000000000000	0.000000000000	0.000000000000	1.000000000000
6	39	55
0.914278240905	0.253736516718	-0.315773777081	0.299854236759
-0.173227351292	0.949547212106	0.261442874728	-0.222037758096
0.366179714038	-0.184330876592	0.912104459457	0.697007248030
0.000000000000	0.000000000000	0.000000000000	1.000000000000
6	40	55
0.882268090534	0.399087713679	-0.249663800371	0.629355907522
-0.178557991464	0.774431773493	0.606936958744	-0.536852544566
0.435568662910	-0.490901644930	0.754516742621	0.746194593743
0.000000000000	0.000000000000	0.000000000000	1.000000000000
6	41	55
0.882337305782	0.434449441490	-0.180926951043	0.473968900229
-0.185965204706	0.675019807889	0.713978432165	-0.715640750115
0.432316806825	-0.596323688735	0.676387637963	0.788397269248
0.000000000000	0.000000000000	0.000000000000	1.000000000000
7	8	55
0.977243525625	0.078965069342	-0.196874603358	-0.065578373311
-0.040851422508	0.980813543467	0.190619920867	-0.284472579623
0.208149592608	-0.178239475920	0.961719520609	0.036761405722
0.000000000000	0.000000000000	0.000000000000	1.000000000000
7	37	55
0.952205130947	-0.174445694450	0.250747060375	-0.982009306384
0.190674479345	0.980764700773	-0.041759365945	-0.066898235724
-0.238639124046	0.087574547702	0.967151522291	-0.115765434763
0.000000000000	0.000000000000	0.000000000000	1.000000000000
7	38	55
0.953156970336	-0.216736602568	0.210990604074	-0.416650602336
0.217473572060	0.975861417456	0.019993483325	-0.264491616133
-0.210230909611	0.026827952347	0.977283595287	0.322544879700
0.000000000000	0.000000000000	0.000000000000	1.000000000000
7	39	55
0.947517485248	0.086879894435	-0.307672714246	-0.032653911963
-0.084664540456	0.996197194971	0.020568527464	-0.323922678072
0.308289686396	0.006559929545	0.951269907327	0.598710340268
0.000000000000	0.000000000000	0.000000000000	1.000000000000
7	40	55
0.923675366775	0.227467999337	-0.308353897480	0.346738131962
-0.125352080604	0.939832544242	0.317807559181	-0.488495081333
0.362092077656	-0.254898211179	0.896613756997	0.552912562246
0.000000000000	0.000000000000	0.000000000000	1.000000000000
7	41	55
0.899689752934	0.327551224450	-0.288562894059	0.238483019829
-0.142905290268	0.845613227608	0.514311527488	-0.771388802089
0.412475970791	-0.421483646961	0.807598358632	0.627958523460
0.000000000000	0.000000000000	0.000000000000	1.000000000000
8	9	55
0.942692122623	0.219825681220	-0.251014405603	-0.175441947129
-0.243066887923	0.967810010389	-0.065286076511	-0.072859667372
0.228582698252	0.122557960437	0.965779217209	0.033775926396
0.000000000000	0.000000000000	0.000000000000	1.000000000000
8	36	55
0.999293605987	0.029129773015	-0.023743322394	-1.401167801392
-0.035657941841	0.934447912348	-0.354310048251	0.746452014552
0.011865926761	0.354906403763	0.934826531689	-0.420512424328
0.000000000000	0.000000000000	0.000000000000	1.000000000000
8	37	55
0.858946368867	-0.169402867067	0.483232660362	-1.008811071297
0.328173339515	0.906528472771	-0.265534154654	0.269696457098
-0.393081918488	0.386663673864	0.834252844569	0.146467373351
0.000000000000	0.000000000000	0.000000000000	1.000000000000
8	38	55
0.881463502860	-0.202448531835	0.426657573569	-0.322784125998
0.292378543342	0.943428145880	-0.156390923502	-0.034722425267
-0.370859650703	0.262598411112	0.890789085004	0.356668251299
0.000000000000	0.000000000000	0.000000000000	1.000000000000
8	39	55
0.991342945570	0.069744474707	-0.111242404308	0.136995802806
-0.088389627918	0.981012050428	-0.172634384150	-0.129949688166
0.097089844706	0.180972553616	0.978684063880	0.529377227948
0.000000000000	0.000000000000	0.000000000000	1.000000000000
8	40	55
0.988620742488	0.126939627584	-0.080717770481	0.436795497638
-0.116323500070	0.985332606288	0.124853907898	-0.256564735490
0.095382759733	-0.114043789549	0.988886314604	0.371786638858
0.000000000000	0.000000000000	0.000000000000	1.000000000000
8	41	55
0.979862513473	0.171944556361	-0.101511202476	0.403408683195
-0.135511737646	0.946033531372	0.294375825230	-0.489448915712
0.146649322024	-0.274691876577	0.950283299491	0.360599268662
0.000000000000	0.000000000000	0.000000000000	1.000000000000
8	42	55
0.583000057109	0.667913989214	-0.462603325131	0.262506052459
-0.484923690686	0.742894200600	0.461472882114	-0.493113641124
0.651889521025	-0.044711404881	0.756994678086	0.468329273368
0.000000000000	0.000000000000	0.000000000000	1.000000000000
9	10	55
0.917093060017	0.164006372940	-0.363376153460	-0.180486069678
-0.219931633287	0.968351024448	-0.118010042500	0.013472645002
0.332521271422	0.188144101917	0.924138193652	-0.025827739111
0.000000000000	0.000000000000	0.000000000000	1.000000000000
9	20	55
0.362166429193	-0.116959048841	0.924746483346	-3.063027498510
0.527214021080	0.843857531082	-0.099748900811	-0.179382203048
-0.768687747751	0.523665015187	0.367279319220	0.574011284665
0.000000000000	0.000000000000	0.000000000000	1.000000000000
9	36	55
0.949569375518	-0.127987855200	0.286246589499	-1.444231715770
0.197648505267	0.953018723583	-0.229543853906	0.433818067320
-0.243419533818	0.274544024560	0.930254002482	-0.208419919984
0.000000000000	0.000000000000	0.000000000000	1.000000000000
9	43	55
0.670540370953	0.516289838086	-0.532747983582	0.612083169076
-0.364002945107	0.854692621669	0.370138323357	-0.354444253151
0.646434425812	-0.054270853624	0.761036929177	0.317076871465
0.000000000000	0.000000000000	0.000000000000	1.000000000000
9	44	55
0.769031259940	0.196571273329	-0.608235690942	0.643249430971
-0.197692722024	0.978031072891	0.066127211628	-0.293403550235
0.607872115575	0.069389876500	0.790997178343	0.297738772185
0.000000000000	0.000000000000	0.000000000000	1.000000000000
9	45	55
0.630257833671	0.269723861789	-0.728027541703	0.555635649033
-0.409136589724	0.912329565559	-0.016186869854	-0.084740846467
0.659835065790	0.308064607165	0.685356756563	0.361380500318
0.000000000000	0.000000000000	0.000000000000	1.000000000000
10	18	55
-0.144475157171	-0.343641970592	0.927920861393	-2.481870182481
0.407421641092	0.833922059970	0.372265502385	-0.564336844351
-0.901739727044	0.431838157119	0.019526154925	1.488640105975
0.000000000000	0.000000000000	0.000000000000	1.000000000000
10	19	55
0.489320800323	-0.265975827923	0.830555243997	-2.326107101184
0.344660551165	0.933807283920	0.095984691327	-0.854798743995
-0.801108144286	0.239292322190	0.548602702964	1.677377402968
0.000000000000	0.000000000000	0.000000000000	1.000000000000
10	20	55
-0.022674362840	-0.156318413026	0.987446417290	-2.373897270879
0.399803391296	0.903864950750	0.152267524817	-0.650729104215
-0.916320425167	0.398236995462	0.042002069798	1.565752031492
0.000000000000	0.000000000000	0.000000000000	1.000000000000
10	35	55
0.999323897092	-0.029789090357	-0.021548985985	-1.691914444267
0.026055630869	0.987326025540	-0.156551663650	0.409726729138
0.025939406341	0.155884346190	0.987434665085	-0.344737314862
0.000000000000	0.000000000000	0.000000000000	1.000000000000
10	36	55
0.710981750381	-0.298926372511	0.636512352152	-1.388896140283
0.350516235190	0.935339132662	0.047739666731	0.096537981904
-0.609625556791	0.189165881513	0.769787600432	0.306629204019
0.000000000000	0.000000000000	0.000000000000	1.000000000000
10	43	55
0.911226514637	0.269392142466	-0.311599282091	0.917671186463
-0.119964866644	0.897256021075	0.424900062858	-0.161687738322
0.394049070286	-0.349799237024	0.849921069267	0.041271458911
0.000000000000	0.000000000000	0.000000000000	1.000000000000
10	44	55
0.939861059444	-0.049367308264	-0.337970498439	1.012178386473
0.090523623040	0.990117576214	0.107110498755	-0.076287805520
0.329342773736	-0.131263300837	0.935041861759	0.104074623844
0.000000000000	0.000000000000	0.000000000000	1.000000000000
10	45	55
0.890412993451	0.090188457672	-0.446128617325	0.831637770997
-0.118857290926	0.992235266188	-0.036634968632	0.157372744535
0.439360496048	0.085645890944	0.894218729326	0.135805827280
0.000000000000	0.000000000000	0.000000000000	1.000000000000
10	54	55
0.565757260418	0.255304311547	-0.784052568894	0.590486561162
-0.302911363095	0.948726241083	0.090350570488	0.158044498493
0.766918136695	0.186381941146	0.614083336057	0.451636824949
0.000000000000	0.000000000000	0.000000000000	1.000000000000
11	34	55
0.852415744071	-0.383120402649	0.355817588568	-1.571001018484
0.376385393935	0.921979610972	0.091036433280	0.110888560943
-0.362934476859	0.056323654230	0.930110859780	-0.145156826732
0.000000000000	0.000000000000	0.000000000000	1.000000000000
11	35	55
0.761727241598	-0.317535293668	0.564750340135	-1.253639939782
0.417090619158	0.907353132084	-0.052399514385	-0.082911753376
-0.495789294778	0.275466206590	0.823596590698	0.173644805790
0.000000000000	0.000000000000	0.000000000000	1.000000000000
11	46	55
0.940463661082	-0.036232111115	-0.337957595428	0.690780019790
-0.025436857105	0.984011302119	-0.176280241669	0.511948088433
0.338941098842	0.174381740519	0.924505240704	-0.282190998453
0.000000000000	0.000000000000	0.000000000000	1.000000000000
11	47	55
0.762531639553	0.084542353409	-0.641403218857	0.267610772073
-0.124193762122	0.992114420056	-0.016878594950	0.283195046161
0.634918426359	0.092528741468	0.767018268278	-0.102981679476
0.000000000000	0.000000000000	0.000000000000	1.000000000000
11	53	55
0.928926446382	-0.033089315610	-0.368782801124	0.279692498528
-0.047820223738	0.976935624158	-0.208110577463	0.424831854813
0.367163292574	0.210954695238	0.905918999218	-0.327058067988
0.000000000000	0.000000000000	0.000000000000	1.000000000000
11	54	55
0.982591385693	-0.090815424525	-0.162070131212	0.625338815095
0.064965473845	0.985264433263	-0.158219732511	0.624662872234
0.174050728154	0.144936383341	0.974012211840	-0.369975960229
0.000000000000	0.000000000000	0.000000000000	1.000000000000
12	13	55
0.838935961350	0.285498631136	-0.463332477141	-0.087268717113
-0.298085349297	0.953346263630	0.047707715903	-0.290052524366
0.455336773486	0.098088904785	0.884899423364	0.695618010356
0.000000000000	0.000000000000	0.000000000000	1.000000000000
12	32	55
0.763032890984	-0.503458282512	0.405352396129	-1.494705904011
0.405718310356	0.861258619792	0.305984055916	-0.450770111049
-0.503163452487	-0.069017009524	0.861430898260	1.209938018241
0.000000000000	0.000000000000	0.000000000000	1.000000000000
12	33	55
0.624737400152	-0.500237720655	0.599554337559	-1.767864042750
0.487288389178	0.849740423422	0.201224348860	-0.261351662733
-0.610125566276	0.166443490820	0.774624656037	0.783212434156
0.000000000000	0.000000000000	0.000000000000	1.000000000000
12	47	55
0.950151090919	-0.203145783582	0.236526309400	-0.628454880472
0.226385609460	0.971119060852	-0.075348029038	0.566204046738
-0.214388573051	0.125138164696	0.968699117106	-0.711025962408
0.000000000000	0.000000000000	0.000000000000	1.000000000000
12	48	55
0.989581279664	-0.121076370704	-0.077906375834	-0.898188196809
0.114345599859	0.989734699673	-0.085733937598	0.315865729155
0.087486997499	0.075932448401	0.993267480867	-0.485811924057
0.000000000000	0.000000000000	0.000000000000	1.000000000000
12	52	55
0.997173062819	-0.061557940846	0.043087152465	-1.092974649094
0.070261422420	0.967143649201	-0.244328660477	0.417941170493
-0.026631096640	0.246665323323	0.968734743344	-0.733866070837
0.000000000000	0.000000000000	0.000000000000	1.000000000000
12	53	55
0.851442697310	-0.176630252550	0.493808755573	-0.739736380876
0.306546349945	0.931597209976	-0.195335541313	0.864111207314
-0.425528692960	0.317692291768	0.847347000478	-1.050056292670
0.000000000000	0.000000000000	0.000000000000	1.000000000000
13	14	55
0.736424899184	0.256781388403	-0.625892711598	0.405343363126
-0.389100045265	0.917595779152	-0.081358102594	-0.194785426432
0.553425263822	0.303449014914	0.775654029004	0.450929920781
0.000000000000	0.000000000000	0.000000000000	1.000000000000
13	24	55
0.634765164876	0.262335294822	-0.726810414448	-0.095822515425
-0.395181148301	0.918502388448	-0.013609645228	-0.332355236191
0.664006811326	0.295860702876	0.686703283090	0.679709432109
0.000000000000	0.000000000000	0.000000000000	1.000000000000
13	25	55
0.906421605853	0.251307388047	-0.339476757901	-0.114601539252
-0.174696076149	0.954826726499	0.240389690589	-0.240479518505
0.384553186725	-0.158589151825	0.909377989344	0.682262873129
0.000000000000	0.000000000000	0.000000000000	1.000000000000
13	26	55
0.985099418890	-0.056553058139	-0.162421939768	-0.028011714969
0.041720877056	0.994761436734	-0.093322303899	-0.433308062303
0.166848743839	0.085155361561	0.982298356446	1.013429386029
0.000000000000	0.000000000000	0.000000000000	1.000000000000
13	47	55
0.592200219045	-0.392646195036	0.703653228577	-1.487711679449
0.522143735003	0.852095743274	0.036038372499	0.711180969106
-0.613730250648	0.346066192828	0.709629036625	-0.822150613393
0.000000000000	0.000000000000	0.000000000000	1.000000000000
13	48	55
0.847006091997	-0.287568246666	0.447085208467	-1.496553515249
0.369570536116	0.923088863017	-0.106416962041	0.524039343310
-0.382097237566	0.255365335323	0.888138641519	-0.555327184297
0.000000000000	0.000000000000	0.000000000000	1.000000000000
13	49	55
0.996595903313	-0.082149978832	-0.006927227272	-1.597764509393
0.076382804363	0.951706226922	-0.297356561784	0.447336018916
0.031020520586	0.295815210252	0.954741372669	-0.402329179978
0.000000000000	0.000000000000	0.000000000000	1.000000000000
13	51	55
0.999602928899	0.022170886577	-0.017390696498	-1.916402352942
-0.027389944271	0.909438834415	-0.414934690537	0.563596956313
0.006616304792	0.415246262171	0.909684981883	-0.462354376986
0.000000000000	0.000000000000	0.000000000000	1.000000000000
13	52	55
0.801896306577	-0.190051041638	0.566429973669	-1.749751675802
0.352598582424	0.915893026273	-0.191870279346	0.453859248702
-0.482324116307	0.353582474108	0.801462962858	-0.715896511134
0.000000000000	0.000000000000	0.000000000000	1.000000000000
14	15	55
0.929085725580	0.127318877671	-0.347260158831	0.237775911928
-0.124237505918	0.991761133203	0.031223337292	0.002793931963
0.348374448900	0.014133579055	0.937248891862	0.046535574739
0.000000000000	0.000000000000	0.000000000000	1.000000000000
14	16	55
0.874025469948	0.202450567756	-0.441693610434	0.177927979461
-0.183772367398	0.979269530392	0.085199200862	0.153908487394
0.449785721054	0.006704808882	0.893111331623	-0.348000960255
0.000000000000	0.000000000000	0.000000000000	1.000000000000
14	23	55
0.896080037212	0.111567247541	-0.429643242920	-0.115853556292
-0.101916211322	0.993752286699	0.045491521752	0.061801973211
0.432034318984	0.003023567034	0.901852097221	0.153275446598
0.000000000000	0.000000000000	0.000000000000	1.000000000000
14	24	55
0.990449951179	0.024417021144	-0.135693416523	-0.209504309766
-0.025933848563	0.999619261627	-0.009421639083	-0.150741418772
0.135411704472	0.012850714485	0.990706076205	0.499462692630
0.000000000000	0.000000000000	0.000000000000	1.000000000000
14	25	55
0.963656454638	-0.241822881875	0.113525024713	-0.115047301223
0.173831951677	0.890301896817	0.420885952606	-0.125908584620
-0.202851398838	-0.385855188285	0.899981712960	0.509155938783
0.000000000000	0.000000000000	0.000000000000	1.000000000000
14	26	55
0.809449540983	-0.360140242005	0.463778445694	0.067421151442
0.318015428456	0.932840010750	0.169339013839	-0.166516411777
-0.493616883692	0.010417314094	0.869617071878	0.720775092981
0.000000000000	0.000000000000	0.000000000000	1.000000000000
14	49	55
0.721209575377	-0.252452107203	0.645077268203	-2.250402123993
0.329802450357	0.944049686947	0.000729598789	-0.148047463840
-0.609169181855	0.212221870090	0.764116997411	0.569245558455
0.000000000000	0.000000000000	0.000000000000	1.000000000000
14	51	55
0.793171493311	-0.060956864061	0.605939966434	-2.424647094997
0.185293421163	0.971960941499	-0.144769735353	-0.032840021231
-0.580125271189	0.227103916576	0.782226617294	0.529830273306
0.000000000000	0.000000000000	0.000000000000	1.000000000000
15	16	55
0.988343587443	0.074152211983	-0.132960154252	-0.143994298058
-0.066551313342	0.995932943186	0.060732984194	0.097070960199
0.136922882869	-0.051176382587	0.989258865016	-0.348950038207
0.000000000000	0.000000000000	0.000000000000	1.000000000000
15	22	55
0.921285742280	0.195041869435	-0.336439073590	-0.358097425643
-0.124249220718	0.967418371491	0.220598788876	0.340973728376
0.368503340855	-0.161432226243	0.915502552759	-0.532646311244
0.000000000000	0.000000000000	0.000000000000	1.000000000000
15	23	55
0.993549423174	-0.021859289590	-0.111273155655	-0.249775252802
0.022007464239	0.999757801081	0.000103422132	0.013289733611
0.111243944682	-0.002551594994	0.993789854111	0.201929667262
0.000000000000	0.000000000000	0.000000000000	1.000000000000
15	24	55
0.967468366305	-0.108924435021	0.228342785423	-0.250303835847
0.116784858339	0.992931853586	-0.021157291794	-0.211546300867
-0.224424279128	0.047135990376	0.973350882955	0.588372327008
0.000000000000	0.000000000000	0.000000000000	1.000000000000
15	49	55
0.416671166863	-0.271741843048	0.867491503960	-2.081888594340
0.413317131672	0.906568072659	0.085459220103	-0.440402420249
-0.809662946769	0.322940707207	0.490056335800	1.338352465819
0.000000000000	0.000000000000	0.000000000000	1.000000000000
15	50	55
0.673751958935	-0.107537119818	0.731091010540	-2.139223720881
0.318721670780	0.934887541172	-0.156210697253	-0.590685293571
-0.666689428750	0.338261811653	0.664156722748	1.416635815938
0.000000000000	0.000000000000	0.000000000000	1.000000000000
15	51	55
0.534191656751	-0.139909887796	0.833705281952	-2.211021442055
0.308098761378	0.950599720625	-0.037885675209	-0.443087335881
-0.787219427539	0.277101776331	0.550908502802	1.271509293031
0.000000000000	0.000000000000	0.000000000000	1.000000000000
16	17	55
0.937849944798	0.142652695398	-0.316366384967	-0.292708966216
-0.137022129572	0.989756135084	0.040096496986	0.083659283156
0.318845443827	0.005744698308	0.947789312765	-0.308358723729
0.000000000000	0.000000000000	0.000000000000	1.000000000000
16	22	55
0.968905550687	0.087715107788	-0.231361392013	-0.243315599918
-0.045401956453	0.982204745365	0.182242971150	0.156708892029
0.243229718987	-0.166071966475	0.955646067199	-0.153452906052
0.000000000000	0.000000000000	0.000000000000	1.000000000000
16	23	55
0.998029778478	-0.061164137731	0.013982472100	0.012280354668
0.061670077535	0.997327032788	-0.039186620268	-0.147237539420
-0.011548281571	0.039971714084	0.999134074720	0.561764761102
0.000000000000	0.000000000000	0.000000000000	1.000000000000
16	24	55
0.922273947721	-0.158232498323	0.352665906815	0.047474278332
0.179064938833	0.983466024159	-0.027024563003	-0.387770031880
-0.342558773112	0.088074149438	0.935358985184	0.941132456480
0.000000000000	0.000000000000	0.000000000000	1.000000000000
16	48	55
-0.219629729899	-0.339210457845	0.914712548855	-1.760291163010
0.500149874415	0.765866339451	0.404102528103	-0.635560200027
-0.837623355015	0.546246295534	0.001449050619	1.704660871336
0.000000000000	0.000000000000	0.000000000000	1.000000000000
16	49	55
0.332456617987	-0.238864048590	0.912368655450	-1.700387295898
0.449546255470	0.890561282828	0.069345264586	-0.615686301269
-0.829084290859	0.387097620528	0.403453430810	1.833915584183
0.000000000000	0.000000000000	0.000000000000	1.000000000000
16	51	55
0.373781851320	-0.160789163382	0.913473575186	-1.829900067454
0.361359569011	0.932285168153	0.016236598328	-0.833854240702
-0.854228534707	0.324023471650	0.406573978891	1.992233491555
0.000000000000	0.000000000000	0.000000000000	1.000000000000
17	21	55
0.949106340564	0.144313793468	-0.279947643885	-0.244701041860
-0.133531391014	0.989385580640	0.057319633937	0.001014767385
0.285248176008	-0.017020629710	0.958302549432	-0.090715860322
0.000000000000	0.000000000000	0.000000000000	1.000000000000
17	22	55
0.991727695793	-0.083970968268	0.097082716721	0.035741067592
0.062679869466	0.976834133565	0.204612583841	-0.052241939994
-0.112015228257	-0.196834834291	0.974016753782	0.128517647893
0.000000000000	0.000000000000	0.000000000000	1.000000000000
18	19	55
0.793669936859	0.164143710470	-0.585785689172	-0.272478839701
-0.191293547254	0.981405360726	0.015820768560	-0.199068476702
0.577490095244	0.099500554028	0.810311563316	0.046931201101
0.000000000000	0.000000000000	0.000000000000	1.000000000000
18	20	55
0.990213572471	0.043659179238	-0.132555486351	-0.148973844422
-0.066258789772	0.983006281738	-0.171197029300	-0.131442723401
0.122828553975	0.178304588083	0.976278966380	0.094359688270
0.000000000000	0.000000000000	0.000000000000	1.000000000000
18	36	55
0.564820348965	0.254887298959	-0.784863324550	1.166605144207
-0.244298100353	0.960116642596	0.135994377728	-0.339451322432
0.788223579677	0.114928227339	0.604561900058	1.290030223030
0.000000000000	0.000000000000	0.000000000000	1.000000000000
18	45	55
-0.597442812593	0.330101988804	-0.730817872434	0.973317334065
-0.216335150667	0.811208765413	0.543267375704	-1.202420015924
0.772179505211	0.482672783473	-0.413238182925	3.297160408049
0.000000000000	0.000000000000	0.000000000000	1.000000000000
19	20	55
0.856320290336	-0.122573126530	0.501688537852	0.149196230500
0.179505153395	0.981500607020	-0.066591728647	0.093014017218
-0.484245248055	0.147079526352	0.862481392648	-0.065440518608
0.000000000000	0.000000000000	0.000000000000	1.000000000000
19	35	55
0.455924174543	0.236746811962	-0.857953433522	2.441658788948
-0.224123102315	0.963447683373	0.146756248291	0.351635466843
0.861337321887	0.125377463802	0.492319519717	-0.383011457401
0.000000000000	0.000000000000	0.000000000000	1.000000000000
19	36	55
0.981485755636	0.010448757844	-0.191249927955	1.663988882921
0.008399448671	0.995202283047	0.097477510637	0.214658097548
0.191350883837	-0.097279182138	0.976689100982	0.011344499360
0.000000000000	0.000000000000	0.000000000000	1.000000000000
20	36	55
0.709992821340	0.197637763104	-0.675906434532	1.358352971835
-0.046626139940	0.970896604720	0.234916551176	0.031949686915
0.702663644086	-0.135274156946	0.698544705614	0.966708959013
0.000000000000	0.000000000000	0.000000000000	1.000000000000
21	22	55
0.896801090082	-0.269300397701	0.351034329696	0.322418578314
0.206532792832	0.956478756216	0.206137319260	-0.033654554945
-0.391269741115	-0.112364072127	0.913390554464	0.129433318242
0.000000000000	0.000000000000	0.000000000000	1.000000000000
22	23	55
0.944458782378	-0.155784154073	0.289359474926	0.371170286248
0.210750739782	0.962718730328	-0.169578217814	-0.441290948941
-0.252154187098	0.221142360518	0.942079785535	0.563361446415
0.000000000000	0.000000000000	0.000000000000	1.000000000000
23	24	55
0.944936797554	-0.102698215253	0.310720976460	0.076474865884
0.117034626461	0.992738683446	-0.027799327316	-0.208996853448
-0.305609791789	0.062633720742	0.950094559604	0.358588870474
0.000000000000	0.000000000000	0.000000000000	1.000000000000
23	49	55
0.335000500640	-0.249259204340	0.908649830035	-1.718510791747
0.420196297924	0.902685326329	0.092705301046	-0.502425299917
-0.843332517920	0.350754972428	0.407137831128	1.297316131792
0.000000000000	0.000000000000	0.000000000000	1.000000000000
23	50	55
0.616302797836	-0.078022260783	0.783634728813	-1.759453994152
0.343408169038	0.922112156374	-0.178269460382	-0.551621397784
-0.708690123268	0.378974534619	0.595093783611	1.353898898194
0.000000000000	0.000000000000	0.000000000000	1.000000000000
23	51	55
0.408876246601	-0.125523106600	0.903916016384	-1.914765243315
0.345292023835	0.938137463372	-0.025913666139	-0.532567759086
-0.844744714835	0.322710473221	0.426924252335	1.393659179694
0.000000000000	0.000000000000	0.000000000000	1.000000000000
24	25	55
0.922745365968	-0.311957818472	0.226325670391	0.071982613040
0.198059023674	0.887579742950	0.415902420102	0.048909708588
-0.330626092021	-0.338946189534	0.880796155688	0.025670179537
0.000000000000	0.000000000000	0.000000000000	1.000000000000
24	49	55
0.624177710698	-0.231814823301	0.746099238149	-2.017939341223
0.333622822202	0.942606139356	0.013765120930	-0.017591968770
-0.706468681524	0.240323851804	0.665692457731	0.338154146973
0.000000000000	0.000000000000	0.000000000000	1.000000000000
24	50	55
0.845890220040	-0.064736762665	0.529413720261	-2.060989973368
0.218412434315	0.947606982588	-0.233103013896	-0.066932105919
-0.486585803510	0.312810099119	0.815710792936	0.385075224734
0.000000000000	0.000000000000	0.000000000000	1.000000000000
24	51	55
0.708269600365	-0.097170887568	0.699222419412	-2.142783731667
0.240075723542	0.964600405096	-0.109131596957	0.005934979683
-0.663865814879	0.245160920821	0.706525514569	0.294388744694
0.000000000000	0.000000000000	0.000000000000	1.000000000000
25	26	55
0.937696843588	-0.227268133015	0.262818997109	0.236936103949
0.306663790321	0.896943346873	-0.318512091145	-0.120111069548
-0.163346102592	0.379264852333	0.910755852330	0.192780067885
0.000000000000	0.000000000000	0.000000000000	1.000000000000
25	48	55
0.526048046297	-0.341954344469	0.778678803670	-1.874842914154
0.672944039590	0.727221391230	-0.135260370097	0.620376728128
-0.520019011737	0.595160713116	0.612669530004	-0.440114657908
0.000000000000	0.000000000000	0.000000000000	1.000000000000
25	49	55
0.920220688601	-0.111900727923	0.375062809888	-1.828880653859
0.298690451747	0.820039233581	-0.488179955982	0.624149048144
-0.252938526733	0.561260975374	0.788040747180	-0.348795271125
0.000000000000	0.000000000000	0.000000000000	1.000000000000
25	51	55
0.928041686110	0.065356279976	0.366697675900	-2.167919630883
0.180087228681	0.783041507410	-0.595327294637	0.690531183359
-0.326047878246	0.618526114519	0.714925329492	-0.246703838564
0.000000000000	0.000000000000	0.000000000000	1.000000000000
25	52	55
