1	2	60
0.861851535030	-0.138086312247	0.488000104443	-0.200096220090
0.124358148709	0.990384190395	0.060615231291	0.012942079239
-0.491677722107	0.008445459424	0.870736292915	0.285355006067
0.000000000000	0.000000000000	0.000000000000	1.000000000000
2	3	60
0.836531743218	-0.139984629992	0.529734788318	-0.579879877140
0.136468833091	0.989576048975	0.045994574571	0.000273065609
-0.530651392331	0.033816366765	0.846915316402	0.129208607065
0.000000000000	0.000000000000	0.000000000000	1.000000000000
2	5	60
0.727565017497	-0.150660750424	0.669291030566	-0.991911784259
0.097741631025	0.988399912633	0.116241929918	-0.110685149269
-0.679040292530	-0.019155964816	0.733851027207	0.195710260500
0.000000000000	0.000000000000	0.000000000000	1.000000000000
2	7	60
0.841203566591	-0.099548749351	0.531475875329	-0.924853009813
0.113271507635	0.993540708023	0.006813740501	-0.118647489609
-0.528721216817	0.054469330859	0.847046024064	0.355383667039
0.000000000000	0.000000000000	0.000000000000	1.000000000000
3	4	60
0.956551562431	-0.024419533332	0.290538800856	-0.384352080134
-0.002102510830	0.995882845371	0.090625259965	0.067483644797
-0.291555634244	-0.087298594990	0.952561949405	-0.345900526949
0.000000000000	0.000000000000	0.000000000000	1.000000000000
3	5	60
0.974385398779	0.010093594598	0.224657993391	-0.480526676202
-0.019469880982	0.999027506479	0.039559638935	-0.030701783237
-0.224040215990	-0.042920398953	0.973634336377	-0.164157765278
0.000000000000	0.000000000000	0.000000000000	1.000000000000
3	6	60
0.987371543387	0.034217622103	0.154682221497	-0.452538778780
-0.001553928984	0.978440295710	-0.206524025324	-0.128447561293
-0.158414079597	0.203675580443	0.966137276642	-0.020527332284
0.000000000000	0.000000000000	0.000000000000	1.000000000000
3	7	60
0.998687755143	0.021716620856	-0.046380557409	-0.292295623893
-0.023470844228	0.999016487793	-0.037618832906	-0.071445107499
0.045517987634	0.038658058624	0.998215240970	-0.009271229493
0.000000000000	0.000000000000	0.000000000000	1.000000000000
3	38	60
0.416159921159	-0.497510829820	0.761113588259	-2.212124432660
0.341189675968	0.861318902287	0.376456310314	-0.541031726585
-0.842852611691	0.103018070133	0.528191965286	1.439230971919
0.000000000000	0.000000000000	0.000000000000	1.000000000000
3	39	60
0.116565499957	-0.284940710433	0.951431172370	-2.225344112622
0.250041338867	0.935525300559	0.249543064164	-0.528354964041
-0.961192911479	0.208809012144	0.180296931117	1.501660477439
0.000000000000	0.000000000000	0.000000000000	1.000000000000
3	40	60
0.049883414001	-0.462716878695	0.885101539473	-1.892125035879
0.234527152449	0.866852479842	0.439958853708	-0.659690148444
-0.970828851947	0.185633694038	0.151761233080	1.752823189430
0.000000000000	0.000000000000	0.000000000000	1.000000000000
3	41	60
-0.143462929228	-0.492028481279	0.858677099699	-1.662077632432
0.205759868308	0.833862927902	0.512186971784	-0.746325421123
-0.968029578335	0.250161130238	-0.018388702700	1.779694513719
0.000000000000	0.000000000000	0.000000000000	1.000000000000
3	45	60
-0.153878559590	0.017454700699	0.987935586120	-2.058546063487
0.228230210484	0.973434252669	0.018350115906	-0.680387401436
-0.961370043178	0.228300436169	-0.153774350671	1.736496796435
0.000000000000	0.000000000000	0.000000000000	1.000000000000
3	46	60
0.085185898202	-0.195852652028	0.976926354154	-2.438062821982
0.225086635429	0.958926171589	0.172616928467	-0.631550374153
-0.970607731938	0.205188538022	0.125770801722	1.567478170074
0.000000000000	0.000000000000	0.000000000000	1.000000000000
3	47	60
-0.151044528188	-0.477979264968	0.865286873103	-1.731130570604
0.203774819637	0.841474470327	0.500396381552	-0.724959724247
-0.967295907872	0.251905811859	-0.029699975844	1.823123785518
0.000000000000	0.000000000000	0.000000000000	1.000000000000
4	5	60
0.995901511113	0.034517196518	-0.083598703977	-0.114361579924
-0.040349750129	0.996792384244	-0.069114690031	-0.076931673781
0.080944906119	0.072204611059	0.994099801989	0.165108856649
0.000000000000	0.000000000000	0.000000000000	1.000000000000
4	6	60
0.987339317818	-0.022481642158	-0.157021168183	-0.109732248095
-0.026706209663	0.952214246570	-0.304261083601	-0.213847412101
0.156358082161	0.304602370960	0.939558165176	0.307330448652
0.000000000000	0.000000000000	0.000000000000	1.000000000000
4	7	60
0.948307659002	0.005694775558	-0.317301360554	-0.087518904071
-0.045970566426	0.991758383293	-0.119591037250	-0.168590307410
0.314005240244	0.127995619844	0.940753862814	0.321598520990
0.000000000000	0.000000000000	0.000000000000	1.000000000000
4	38	60
0.665133377804	-0.506283696174	0.548884695286	-2.226924197990
0.409402184135	0.861979132903	0.298967934845	-0.690248655585
-0.624489744797	0.025861040729	0.780604743270	1.062442009149
0.000000000000	0.000000000000	0.000000000000	1.000000000000
4	39	60
0.374957716848	-0.359017633107	0.854700561422	-2.283898023984
0.332563384133	0.912690809144	0.237480699085	-0.784526465497
-0.865337105474	0.195196890403	0.461616581014	1.215283730338
0.000000000000	0.000000000000	0.000000000000	1.000000000000
4	40	60
0.341905072135	-0.490368654416	0.801647992834	-2.083201589185
0.313175040879	0.863750436772	0.394786748444	-0.866814366496
-0.886014850563	0.116076551221	0.448891878784	1.517269418366
0.000000000000	0.000000000000	0.000000000000	1.000000000000
4	41	60
0.135389574099	-0.549208398951	0.824645255699	-1.868435498139
0.294864810985	0.816930806100	0.495659965387	-0.978254137297
-0.945898729499	0.176051675840	0.272546144654	1.611062225559
0.000000000000	0.000000000000	0.000000000000	1.000000000000
4	46	60
0.368856652481	-0.271060771131	0.889084263877	-2.501114205855
0.313077420612	0.936870747847	0.155742513565	-0.889017592212
-0.875172725023	0.220905545839	0.430434014913	1.166435025075
0.000000000000	0.000000000000	0.000000000000	1.000000000000
4	47	60
0.183653957643	-0.533112858231	0.825870391909	-1.898391747359
0.300936332364	0.830313349243	0.469059767973	-0.910920536579
-0.935793004732	0.162389723990	0.312923360965	1.513903131999
0.000000000000	0.000000000000	0.000000000000	1.000000000000
5	6	60
0.998398936752	-0.038840142818	-0.041121848196	-0.065425795634
0.027323937111	0.967702625382	-0.250609320039	-0.110483300992
0.049527422241	0.249084467873	0.967214537893	0.155803479926
0.000000000000	0.000000000000	0.000000000000	1.000000000000
5	7	60
0.970431595734	-0.011431964903	-0.241105429595	0.077271924770
-0.009164076969	0.996412694123	-0.084129440049	-0.024654781566
0.241202275476	0.083851375470	0.966845597361	0.172223730191
0.000000000000	0.000000000000	0.000000000000	1.000000000000
5	38	60
0.569348241823	-0.528959594652	0.629320527838	-2.040127532089
0.374776392117	0.848337297169	0.373987280725	-0.620530372119
-0.731700236057	0.022925476163	0.681240917075	1.197956466304
0.000000000000	0.000000000000	0.000000000000	1.000000000000
5	39	60
0.298979241819	-0.344714857127	0.889821937377	-2.061177750542
0.273865324439	0.924243073994	0.266031058797	-0.613403570291
-0.914116621133	0.164153609314	0.370734939706	1.258504237135
0.000000000000	0.000000000000	0.000000000000	1.000000000000
5	40	60
0.295973718911	-0.483844673717	0.823585993950	-1.814025624950
0.269549447466	0.869481249646	0.413938947050	-0.650995589821
-0.916374733984	0.099482100050	0.387763663441	1.454481610510
0.000000000000	0.000000000000	0.000000000000	1.000000000000
5	45	60
-0.010264145759	-0.063431549296	0.997933407531	-1.982911893558
0.269399462072	0.960909581431	0.063849088875	-0.799730215148
-0.962973819554	0.269498079527	0.007225509254	1.597828142709
0.000000000000	0.000000000000	0.000000000000	1.000000000000
5	46	60
0.268980822136	-0.255006654187	0.928773881870	-2.351504647431
0.298172917207	0.938986336744	0.171457198313	-0.672418983461
-0.915828711478	0.230816519619	0.328605394818	1.276497437136
0.000000000000	0.000000000000	0.000000000000	1.000000000000
6	7	60
0.982168391528	0.031632435569	-0.185323068457	0.106452890904
0.001396676459	0.984488685076	0.175442521218	0.060885809188
0.187998138228	-0.172572935237	0.966889488021	0.013222292250
0.000000000000	0.000000000000	0.000000000000	1.000000000000
6	46	60
0.246781452978	-0.228225253319	0.941813223635	-2.234772356763
0.038221412974	0.973408176838	0.225866431448	-0.218012681864
-0.968317116474	-0.019742213967	0.248942175879	1.316402903941
0.000000000000	0.000000000000	0.000000000000	1.000000000000
7	38	60
0.360577620002	-0.525317316276	0.770730495812	-1.803121661981
0.336355189586	0.843951988696	0.417863885991	-0.497691298155
-0.869970669846	0.108566836543	0.481003404989	1.563935430370
0.000000000000	0.000000000000	0.000000000000	1.000000000000
7	46	60
0.077470656109	-0.221444630550	0.972090825511	-2.033761447876
0.190514572014	0.960342254965	0.203585243031	-0.584105751282
-0.978622754330	0.169425585229	0.116586773595	1.621081249313
0.000000000000	0.000000000000	0.000000000000	1.000000000000
8	9	60
-0.974261787511	-0.068689629933	0.214699101383	-1.199793775743
-0.083038864472	-0.776102385946	-0.625115696104	2.073365603879
0.209567450675	-0.626854705070	0.750422988953	0.594294771042
0.000000000000	0.000000000000	0.000000000000	1.000000000000
8	35	60
0.995827606667	-0.081191993050	0.041656188790	-0.925435199458
0.073159809570	0.983177596485	0.167360258224	-0.322942292292
-0.054543744496	-0.163614406559	0.985015383587	-0.129802701133
0.000000000000	0.000000000000	0.000000000000	1.000000000000
8	36	60
0.903310581130	-0.303309457464	0.303370016697	-1.626605436542
0.290283541123	0.952856121197	0.088321447284	-0.564042454461
-0.315856707656	0.008281624845	0.948770759941	0.461966516873
0.000000000000	0.000000000000	0.000000000000	1.000000000000
8	37	60
0.798165839759	-0.432205754392	0.419677826566	-1.434958717320
0.314085084396	0.893006401790	0.322319912697	-0.619175895703
-0.514083506836	-0.125450198213	0.848516585440	1.009095515962
0.000000000000	0.000000000000	0.000000000000	1.000000000000
8	38	60
-0.096272167367	-0.583383680195	0.806470800136	-0.979222947110
0.453792259737	0.695404483003	0.557211979432	-0.807751068561
-0.885891785036	0.419614211748	0.197786901754	1.373956029021
0.000000000000	0.000000000000	0.000000000000	1.000000000000
9	10	60
0.813188816252	0.163781849658	-0.558479592147	0.364205605359
-0.255592259551	0.962598893864	-0.089866380755	-0.162374255716
0.522873355584	0.215821396657	0.824636028054	0.481643972136
0.000000000000	0.000000000000	0.000000000000	1.000000000000
9	11	60
0.826452928575	-0.103356144020	-0.553437498137	0.342130100171
-0.203674276998	0.861539957106	-0.465043751919	-0.152663917878
0.524873647404	0.497057752985	0.690971232728	0.443047264723
0.000000000000	0.000000000000	0.000000000000	1.000000000000
9	32	60
0.665006370204	-0.064091559536	0.744082522026	-2.004773131587
0.285218929676	0.942588058031	-0.173717917935	-0.266753786933
-0.690229447172	0.327749942568	0.645107189081	-0.426521551271
0.000000000000	0.000000000000	0.000000000000	1.000000000000
9	33	60
-0.094459223014	-0.634196446766	-0.767380167907	1.951002987534
-0.757113919467	-0.454750285264	0.469020992069	-0.850510573378
-0.646417796890	0.625297565134	-0.437203598912	3.453994405954
0.000000000000	0.000000000000	0.000000000000	1.000000000000
9	35	60
0.843812537512	-0.280338581691	0.457592265182	-1.749598443758
0.216788311954	0.958100648605	0.187205702220	-0.401917897322
-0.490900427112	-0.058765863895	0.869231467391	0.083821486627
0.000000000000	0.000000000000	0.000000000000	1.000000000000
9	36	60
0.574247193550	-0.381731821204	0.724238204861	-1.452949492300
0.365200986630	0.911186686406	0.190701499421	-0.565539904480
-0.732713040736	0.154982706122	0.662655235201	0.492752255781
0.000000000000	0.000000000000	0.000000000000	1.000000000000
9	37	60
0.368110857104	-0.626673837402	0.686858281159	-0.941037868009
0.440098916670	0.768172448401	0.464998960282	-0.574124979713
-0.819028290371	0.131114419622	0.558571095331	0.853895092109
0.000000000000	0.000000000000	0.000000000000	1.000000000000
10	11	60
0.998441951403	-0.049111510570	-0.026490171924	0.066137625908
0.035803449457	0.927967251896	-0.370937855195	-0.000319951076
0.042799330438	0.369411476458	0.928279795307	-0.028037567210
0.000000000000	0.000000000000	0.000000000000	1.000000000000
10	12	60
0.938142488781	-0.051062570036	-0.342463552345	0.186884475224
-0.062498700701	0.947847614764	-0.312536096471	-0.031596709783
0.340562157549	0.314606918437	0.886024776018	0.374638046853
0.000000000000	0.000000000000	0.000000000000	1.000000000000
10	32	60
0.154632443601	-0.083911157381	0.984402217111	-2.326547262752
0.140858513264	0.988080303029	0.062098260896	-0.685789494937
-0.977879177929	0.129059026931	0.164608872607	0.523549204613
0.000000000000	0.000000000000	0.000000000000	1.000000000000
10	33	60
0.659961323665	-0.244560798275	0.710380931059	-2.046832071438
0.338868554661	0.940790047016	0.009065875425	-0.501340265748
-0.670536467262	0.234742632221	0.703759008958	0.243534104234
0.000000000000	0.000000000000	0.000000000000	1.000000000000
10	35	60
0.418051508590	-0.461439502239	0.782500173763	-1.855398318187
0.095238992843	0.878898715222	0.467404089225	-0.737004712177
-0.903417107657	-0.120874456173	0.411371967247	0.935049267498
0.000000000000	0.000000000000	0.000000000000	1.000000000000
10	36	60
-0.015688475094	-0.456133363987	0.889773131763	-1.349641830726
0.325630816031	0.839038289942	0.435866171734	-0.656664988077
-0.945366830072	0.296575626558	0.135367848219	1.030617712807
0.000000000000	0.000000000000	0.000000000000	1.000000000000
11	12	60
0.960925278066	-0.017068108281	-0.276281178610	0.058806304521
0.032669709004	0.998114335001	0.051965992525	0.114571884605
0.274873243674	-0.058961461525	0.959670905033	0.359683641841
0.000000000000	0.000000000000	0.000000000000	1.000000000000
11	32	60
0.054906648121	-0.179165999488	-0.982285500565	3.142067806305
-0.758822238886	0.631923152297	-0.157676692518	0.104229755560
0.648979252183	0.754037581437	-0.101258362701	1.869784672424
0.000000000000	0.000000000000	0.000000000000	1.000000000000
11	33	60
-0.422504876155	0.015640563456	-0.906225690653	2.971080848371
-0.839290017327	0.370715743132	0.397695995215	0.019623279064
0.342172319806	0.928614672816	-0.143502240367	1.412242217085
0.000000000000	0.000000000000	0.000000000000	1.000000000000
13	14	60
0.901454195868	0.055034867031	-0.429361731134	0.073205359957
-0.034331277119	0.997850238510	0.055823515806	-0.103788550016
0.431510945589	-0.035581805975	0.901405701624	0.470761929522
0.000000000000	0.000000000000	0.000000000000	1.000000000000
13	15	60
0.889227573459	0.189908649068	-0.416183886774	0.023030000063
-0.077386858001	0.959095935685	0.272298109360	-0.109229684080
0.450872040395	-0.209927823696	0.867550985262	0.585016125576
0.000000000000	0.000000000000	0.000000000000	1.000000000000
13	16	60
0.885743766857	0.161649261593	-0.435117795201	-0.251543675796
-0.059794731641	0.969326749516	0.238390945173	-0.163701605533
0.460307038336	-0.185135541965	0.868240900649	0.943069427719
0.000000000000	0.000000000000	0.000000000000	1.000000000000
14	15	60
0.999599087813	0.027726502570	-0.005736261681	-0.006250103792
-0.026297210258	0.984244062333	0.174848741758	0.078950030564
0.010493825588	-0.174627795087	0.984578596562	0.120491546271
0.000000000000	0.000000000000	0.000000000000	1.000000000000
14	16	60
0.999600199892	0.015609186806	-0.023575276538	-0.100094622214
-0.012537747737	0.992048495457	0.125230138321	-0.033390194816
0.025342558242	-0.124884490428	0.991847578407	0.560689194084
0.000000000000	0.000000000000	0.000000000000	1.000000000000
15	16	60
0.999509607974	-0.029635862873	0.010112329087	-0.125021552384
0.030193342351	0.997720898745	-0.060343767571	-0.135225888793
-0.008300942444	0.060619500483	0.998126430126	0.408057004886
0.000000000000	0.000000000000	0.000000000000	1.000000000000
15	57	60
0.827864044606	-0.029990081641	0.560126520219	-2.238414995326
0.213490611522	0.940262444417	-0.265194823500	-0.355175726319
-0.518712716676	0.339127012523	0.784812071095	0.232581562342
0.000000000000	0.000000000000	0.000000000000	1.000000000000
16	24	60
0.985036094508	0.128349350145	-0.115023201285	-0.272833696594
-0.056444253689	0.870826377744	0.488339498762	-0.482828341425
0.162843295048	-0.474539633901	0.865039997408	1.346615922764
0.000000000000	0.000000000000	0.000000000000	1.000000000000
16	55	60
0.679027092557	-0.190814819158	0.708880746221	-1.832361836472
0.198290824512	0.977409257150	0.073156633007	-0.329134667945
-0.706825973269	0.090889211836	0.701524193941	0.190026158403
0.000000000000	0.000000000000	0.000000000000	1.000000000000
16	56	60
0.779464974828	-0.013394829735	0.626302587854	-1.730041377990
0.193212320385	0.956171238688	-0.220012639541	-0.273143028992
-0.595905489375	0.292501522804	0.747890036629	0.015094983323
0.000000000000	0.000000000000	0.000000000000	1.000000000000
16	57	60
0.795968087596	-0.060942986884	0.602263028816	-2.250675143967
0.230863885191	0.950283522951	-0.208957154753	-0.278026418603
-0.559586159625	0.305364009598	0.770464893164	-0.062163176903
0.000000000000	0.000000000000	0.000000000000	1.000000000000
16	58	60
0.671233146862	-0.723871012920	0.159551932637	0.028586101110
0.359347213996	0.506040893437	0.784086853584	-3.058861450965
-0.648317547462	-0.468970543663	0.599792453128	0.054442313841
0.000000000000	0.000000000000	0.000000000000	1.000000000000
17	18	60
0.997138114262	0.040004017004	-0.064150290022	-0.309981151497
-0.039336460914	0.999158267630	0.011636110605	-0.183352878428
0.064561783813	-0.009079364009	0.997872407285	0.296135877668
0.000000000000	0.000000000000	0.000000000000	1.000000000000
17	19	60
0.999327623878	-0.027237055951	0.024544713040	-0.604342585816
0.027603380828	0.999510691172	-0.014711614463	-0.260018682786
-0.024132002029	0.015379239786	0.999590478877	0.502077642214
0.000000000000	0.000000000000	0.000000000000	1.000000000000
17	20	60
0.867422421591	-0.179829478823	0.463939329080	-0.567466272696
0.145024552492	0.983295684812	0.109988523967	-0.153002291075
-0.475968719240	-0.028123918223	0.879012413751	0.457318444973
0.000000000000	0.000000000000	0.000000000000	1.000000000000
17	21	60
0.775059242914	-0.386490406884	0.499908326956	-0.530104484790
0.193803450093	0.898401215344	0.394100848768	-0.285263243549
-0.601434445891	-0.208567546984	0.771217340080	0.519013206098
0.000000000000	0.000000000000	0.000000000000	1.000000000000
17	22	60
0.778799118755	-0.412652995976	0.472429293692	-0.601376733596
0.204474448995	0.879017032976	0.430719462580	-0.334463081833
-0.593011072692	-0.238844218371	0.768954684631	0.647628803092
0.000000000000	0.000000000000	0.000000000000	1.000000000000
17	54	60
0.953333980026	-0.120250276466	0.276937165323	-1.502943189043
0.077078302267	0.983801297797	0.161845425555	0.535022919842
-0.291913099821	-0.132946897156	0.947159893941	-0.888102306426
0.000000000000	0.000000000000	0.000000000000	1.000000000000
17	55	60
0.950235863089	-0.084161369832	0.299947776000	-1.458702269832
0.103267552578	0.993475535991	-0.048395991271	0.154013893870
-0.293917704611	0.076962479264	0.952727222085	-1.106930542453
0.000000000000	0.000000000000	0.000000000000	1.000000000000
17	56	60
0.983618143827	-0.013105259677	0.179787650585	-1.272522132229
0.062523347785	0.960244067614	-0.272070140944	0.051552896832
-0.169074475058	0.278854052831	0.945332872116	-1.244776137092
0.000000000000	0.000000000000	0.000000000000	1.000000000000
17	57	60
0.983914055303	-0.036472821714	0.174879573002	-1.770439460530
0.087955008180	0.950967067375	-0.296522433053	0.233388719392
-0.155489704847	0.307134123867	0.938877831053	-1.493425954334
0.000000000000	0.000000000000	0.000000000000	1.000000000000
17	58	60
0.822283275807	-0.021428812994	0.568674793096	-2.309282768021
0.155674772594	0.969644135106	-0.188561969741	0.087928475225
-0.547371518720	0.243579673266	0.800658081371	-1.450586606365
0.000000000000	0.000000000000	0.000000000000	1.000000000000
18	19	60
0.993684437527	-0.059859960290	0.094910609364	-0.281655714480
0.063657338260	0.997267095313	-0.037497785161	-0.095495914534
-0.092406611784	0.043302722321	0.994779318411	0.215856482275
0.000000000000	0.000000000000	0.000000000000	1.000000000000
18	20	60
0.809716864959	-0.295419286222	0.507036531158	-0.229968505752
0.241047441526	0.955221161944	0.171606126660	-0.016801502807
-0.535027783890	-0.016732516291	0.844668747714	0.192481497462
0.000000000000	0.000000000000	0.000000000000	1.000000000000
18	21	60
0.772192727585	-0.397281548120	0.495868695310	-0.189886743353
0.219022851802	0.899017969581	0.379204009418	-0.100373798551
-0.596445623552	-0.184212002578	0.781228875716	0.227219725498
0.000000000000	0.000000000000	0.000000000000	1.000000000000
18	22	60
0.729985332650	-0.404507644693	0.550903784249	-0.292160023097
0.226238936994	0.903620306268	0.363711816535	-0.121153514900
-0.644932056501	-0.140868404847	0.751144949402	0.372946070667
0.000000000000	0.000000000000	0.000000000000	1.000000000000
18	23	60
0.969977665411	-0.178180729721	0.165514217394	-0.344816425669
0.110068267274	0.928535418792	0.354551762919	-0.225464315782
-0.216860105005	-0.325689428146	0.920270661953	0.474499397150
0.000000000000	0.000000000000	0.000000000000	1.000000000000
18	54	60
0.919598526360	-0.226647572562	0.320888498030	-1.356699505365
0.136264574432	0.950111692926	0.280570377482	0.344155057139
-0.368470509093	-0.214286371048	0.904605347713	-1.160936486430
0.000000000000	0.000000000000	0.000000000000	1.000000000000
18	55	60
0.911284574579	-0.103151270214	0.398648014655	-1.319899203005
0.132861317551	0.989993406253	-0.047549194245	0.306869965536
-0.389754146140	0.096295747715	0.915870533721	-1.289678382386
0.000000000000	0.000000000000	0.000000000000	1.000000000000
18	56	60
0.951700993704	0.025037261390	0.306003846586	-1.206521962795
0.072049824040	0.950625133314	-0.301862019420	0.285303123467
-0.298452745739	0.309329907146	0.902906953737	-1.391945176206
0.000000000000	0.000000000000	0.000000000000	1.000000000000
18	57	60
0.960638032091	-0.052131479772	0.272867880334	-1.686841040419
0.133265387415	0.948315997532	-0.287988029861	0.336062588981
-0.243751733980	0.313016098057	0.917935735517	-1.639363508786
0.000000000000	0.000000000000	0.000000000000	1.000000000000
18	58	60
0.797429637373	-0.135437037373	0.588015971167	-1.966761468474
0.222465600123	0.971827063218	-0.077853811457	-0.120574585092
-0.560905544812	0.192896262546	0.805093784409	-1.743875510297
0.000000000000	0.000000000000	0.000000000000	1.000000000000
19	20	60
0.878544998106	-0.212155921910	0.427958585732	0.057205628767
0.162254176715	0.975224344049	0.150369747334	0.085806662801
-0.449257463424	-0.062668521390	0.891201653940	-0.031746655981
0.000000000000	0.000000000000	0.000000000000	1.000000000000
19	22	60
0.815084940460	-0.397070866666	0.421866408571	0.036616404055
0.216511032723	0.884196449879	0.413907732146	-0.036784163457
-0.537363482704	-0.246031227422	0.806665434111	0.149996044818
0.000000000000	0.000000000000	0.000000000000	1.000000000000
19	23	60
0.983404160578	-0.140458458530	0.114837617466	-0.105256141033
0.087640170669	0.921983293068	0.377181664173	-0.116792358598
-0.158856719856	-0.360857629448	0.918992009664	0.265237055939
0.000000000000	0.000000000000	0.000000000000	1.000000000000
19	54	60
0.956604032123	-0.160590455257	0.243144877399	-0.915214385275
0.097633044168	0.962838998558	0.251811142611	0.554302556240
-0.274547836290	-0.217144579801	0.936734603317	-1.478449601537
0.000000000000	0.000000000000	0.000000000000	1.000000000000
19	55	60
0.944179730121	-0.113301935249	0.309333652707	-0.882895116882
0.128697209436	0.991237447532	-0.029754846571	0.388283026409
-0.303251818645	0.067904300893	0.950487948587	-1.601605692795
0.000000000000	0.000000000000	0.000000000000	1.000000000000
19	56	60
0.975142357002	0.018645323156	0.220793422696	-0.776208106040
0.049231903674	0.953314518486	-0.297939001314	0.388843357829
-0.216040744402	0.301403020502	0.928699421767	-1.693719198342
0.000000000000	0.000000000000	0.000000000000	1.000000000000
19	57	60
0.987394932289	-0.043975658378	0.152044036911	-1.117226380383
0.077206850421	0.972407458524	-0.220142764713	0.292396335392
-0.138167832501	0.229106691473	0.963545418745	-2.061274632457
0.000000000000	0.000000000000	0.000000000000	1.000000000000
19	58	60
0.836383527176	-0.036621373441	0.546919985442	-1.635006463918
0.199394672937	0.949736925880	-0.241332832464	0.552150649510
-0.510592165895	0.310899737260	0.801646426736	-1.957771762707
0.000000000000	0.000000000000	0.000000000000	1.000000000000
20	21	60
0.991055761256	-0.057256268942	0.120541269898	-0.027828006466
0.037525961758	0.986402395666	0.160006612423	-0.066968262521
-0.128063579037	-0.154052047996	0.979728373700	0.035858085966
0.000000000000	0.000000000000	0.000000000000	1.000000000000
20	22	60
0.990815799012	-0.065293789015	0.118409347369	-0.133843695279
0.038253763574	0.975268054470	0.217689851632	-0.100641011836
-0.129694649083	-0.211160941103	0.968808729808	0.098209016615
0.000000000000	0.000000000000	0.000000000000	1.000000000000
20	23	60
0.965236653028	0.101329420272	-0.240936822088	-0.348824954724
-0.062117455127	0.984316326233	0.165114480530	-0.103310807966
0.253889002162	-0.144408166318	0.956392521971	0.130717315687
0.000000000000	0.000000000000	0.000000000000	1.000000000000
20	54	60
0.966757416865	0.164739151840	-0.195553340007	0.025498133430
-0.137646347125	0.979818990846	0.144942155012	0.726662508546
0.215484523945	-0.113206700455	0.969923019065	-1.643196209696
0.000000000000	0.000000000000	0.000000000000	1.000000000000
20	55	60
-0.101216381452	-0.988451267936	0.112780029448	-0.230309764653
0.728727544425	0.003512570906	0.684794734093	-0.606102804889
-0.677282371040	0.151498358942	0.719956135550	-0.538589012494
0.000000000000	0.000000000000	0.000000000000	1.000000000000
20	56	60
0.904617269236	0.012933899361	-0.426028532432	0.494756427597
0.111169672563	0.957781941169	0.265132150206	-1.314348396518
0.411471627335	-0.287204574159	0.864988226787	-1.500702802237
0.000000000000	0.000000000000	0.000000000000	1.000000000000
20	57	60
0.916269889345	-0.010243408091	-0.400430471457	0.057464146122
-0.169219563719	0.896188308427	-0.410135654502	0.899733267389
0.363062293739	0.443555620447	0.819416977146	-2.153570321347
0.000000000000	0.000000000000	0.000000000000	1.000000000000
20	58	60
0.987061399993	0.120940398881	0.105276837732	-0.944620412438
-0.066920403429	0.907380662949	-0.414948180032	0.906875890056
-0.145710165223	0.402534163054	0.903733807780	-2.295402526364
0.000000000000	0.000000000000	0.000000000000	1.000000000000
21	22	60
0.999445010026	0.015301012139	-0.029589710398	-0.131359756859
-0.013798909476	0.998637875990	0.050318810957	-0.038430616859
0.030319334280	-0.049882578787	0.998294779262	0.040390823129
0.000000000000	0.000000000000	0.000000000000	1.000000000000
21	54	60
0.859545458273	0.449803246474	-0.242608006098	0.492842746285
-0.416861199394	0.891702687018	0.176332238696	0.748274735642
0.295649024353	-0.050431710514	0.953964515574	-1.617920163262
0.000000000000	0.000000000000	0.000000000000	1.000000000000
21	55	60
-0.239124659094	0.929420596534	0.281063608728	-0.355924685699
-0.969232795593	-0.245874708759	-0.011550564502	-0.585273467673
0.058371100389	-0.275178092026	0.959619628972	-0.549128428415
0.000000000000	0.000000000000	0.000000000000	1.000000000000
21	56	60
0.793068086037	-0.608533255394	-0.027023841118	0.114747219666
0.224182988716	0.332840938514	-0.915946994765	1.815155851922
0.566378847133	0.720350044582	0.400388329989	-1.052763261699
0.000000000000	0.000000000000	0.000000000000	1.000000000000
21	57	60
0.840346253402	-0.016024552753	-0.541813056416	0.531203855561
-0.279808157013	0.843267480904	-0.458919765231	1.170682985009
0.464247315192	0.537255218085	0.704152867620	-2.046016910079
0.000000000000	0.000000000000	0.000000000000	1.000000000000
21	58	60
0.973723669498	-0.131823933945	-0.185700473609	0.254170769670
0.017578386528	0.856505534220	-0.515838414794	1.265702035297
0.227053332472	0.499019759418	0.836316963791	-2.316782633825
0.000000000000	0.000000000000	0.000000000000	1.000000000000
22	23	60
0.882146189071	0.295405170247	-0.366815875473	-0.176721160227
-0.290015608434	0.954375005284	0.071128729452	-0.063941074736
0.371091697526	0.043636391689	0.927570384040	0.012668512663
0.000000000000	0.000000000000	0.000000000000	1.000000000000
22	54	60
0.877376434267	0.372922077638	-0.301893551775	0.522194805264
-0.418564592741	0.902482031316	-0.101635942733	1.213919526054
0.234551218920	0.215534932578	0.947908444177	-1.333925776220
0.000000000000	0.000000000000	0.000000000000	1.000000000000
22	55	60
0.948570545683	-0.004580696073	-0.316532679335	0.426252902383
-0.132867981777	0.901799164790	-0.411223012248	1.226635819071
0.287332593490	0.432131095395	0.854811497999	-1.542196505925
0.000000000000	0.000000000000	0.000000000000	1.000000000000
22	56	60
0.908705088768	-0.018326438109	-0.417036213432	0.565584222907
-0.249410195488	0.777276777413	-0.577611777651	1.120160117170
0.334738130535	0.628891845201	0.701744562505	-1.606765584528
0.000000000000	0.000000000000	0.000000000000	1.000000000000
22	57	60
0.853549053086	-0.068599389722	-0.516476657465	0.587241826431
-0.212636673853	0.859113643437	-0.465520560871	1.109968116922
0.475646569323	0.507166512489	0.718708890790	-2.107386479660
0.000000000000	0.000000000000	0.000000000000	1.000000000000
22	58	60
0.980897148651	-0.162528897676	0.106888452079	-0.507120263560
0.194527065859	0.819359501259	-0.539267306950	1.439537830916
0.000066452165	0.549758460706	0.835323668087	-2.350716878448
0.000000000000	0.000000000000	0.000000000000	1.000000000000
23	24	60
0.707913493761	0.552490738624	-0.440014169188	0.053166635537
-0.476719286611	0.833434172159	0.279510648189	0.118633581653
0.521149889306	0.011893881331	0.853382287409	-0.056703255139
0.000000000000	0.000000000000	0.000000000000	1.000000000000
23	54	60
0.995656600449	0.021138062335	0.090670371693	-0.313619813080
0.002156378469	0.968387753120	-0.249440392959	1.555936747007
-0.093076764094	0.248552493305	0.964136076525	-1.282325332415
0.000000000000	0.000000000000	0.000000000000	1.000000000000
23	55	60
0.987949911230	0.082200897776	0.131141089314	-0.342999827446
-0.014609269717	0.893051497597	-0.449717235469	1.345296669955
-0.154082906709	0.442382227315	0.883491042861	-1.568835251899
0.000000000000	0.000000000000	0.000000000000	1.000000000000
23	56	60
0.982618089747	-0.121849693739	0.140051211483	-0.483644245873
0.180723448654	0.800349438770	-0.571646578725	1.052094963957
-0.042434947965	0.587020807124	0.808458933524	-1.793094261036
0.000000000000	0.000000000000	0.000000000000	1.000000000000
23	57	60
0.983809904578	0.003930981699	-0.179172037545	-0.097980484402
-0.125282731412	0.729973087531	-0.671895474527	1.748647432883
0.128149556632	0.683464584937	0.718647237713	-1.889954625346
0.000000000000	0.000000000000	0.000000000000	1.000000000000
23	58	60
0.958172441792	-0.058197449012	0.280211756923	-0.689661223894
0.209119336810	0.810810391726	-0.546676880471	1.477704035290
-0.195383404520	0.582408418206	0.789066384812	-2.183886848812
0.000000000000	0.000000000000	0.000000000000	1.000000000000
24	25	60
0.909007932768	0.176137027216	-0.377730493618	-0.141614277846
-0.280696190346	0.928668910959	-0.242453505940	-0.007862085437
0.308081526370	0.326419670763	0.893608399495	-0.093345462468
0.000000000000	0.000000000000	0.000000000000	1.000000000000
25	26	60
0.923164448532	0.221269524961	-0.314336123106	-0.068357910697
-0.231588883752	0.972802706149	0.004635065486	0.062506882103
0.306812629936	0.068517824199	0.949300436047	-0.143857884928
0.000000000000	0.000000000000	0.000000000000	1.000000000000
26	27	60
0.970509467414	0.084761206889	-0.225669917062	-0.083443066371
-0.094365667319	0.995020001741	-0.032098550840	0.077189705540
0.221825369360	0.052447439798	0.973674879807	-0.080878881948
0.000000000000	0.000000000000	0.000000000000	1.000000000000
26	28	60
0.907955722757	0.097175131769	-0.407643716103	-0.205021427175
-0.161728366918	0.978637967169	-0.126931731847	0.127483162102
0.386601009888	0.181175944819	0.904275918165	-0.232537712896
0.000000000000	0.000000000000	0.000000000000	1.000000000000
26	50	60
0.990524447799	-0.137261904464	-0.004526355708	-1.896436162419
0.137335753467	0.990090585890	0.029317615037	0.249473821754
0.000457310501	-0.029661444917	0.999559897931	-0.414418705733
0.000000000000	0.000000000000	0.000000000000	1.000000000000
26	51	60
0.822330963230	-0.228339037302	0.521184296538	-1.983455343650
0.267463714782	0.963567921707	0.000146737751	0.211335873697
-0.502229975398	0.139277221041	0.853444144341	-0.335245080192
0.000000000000	0.000000000000	0.000000000000	1.000000000000
27	28	60
0.978496974875	0.056622420346	-0.198337015393	-0.128666909006
-0.079248749813	0.990980298344	-0.108063333035	0.009128303891
0.190429267220	0.121457604981	0.974158480114	-0.093497594353
0.000000000000	0.000000000000	0.000000000000	1.000000000000
27	50	60
0.930015887962	-0.265544546910	0.254079794048	-2.032965852429
0.248933634689	0.963745724438	0.096053236011	-0.058804324486
-0.270374728216	-0.026082028947	0.962401804917	0.147954627570
0.000000000000	0.000000000000	0.000000000000	1.000000000000
27	51	60
0.685629400524	-0.275199851412	0.673926826087	-1.856982455589
0.303614576908	0.949526250508	0.078854855807	-0.020355807962
-0.661612056893	0.150548800654	0.734577800370	0.166613940645
0.000000000000	0.000000000000	0.000000000000	1.000000000000
28	50	60
0.870576833191	-0.270038980408	0.411308797098	-1.721367217541
0.209885784243	0.959880249051	0.185951243758	0.013231888116
-0.445021274865	-0.075556975474	0.892326850641	0.606172974511
0.000000000000	0.000000000000	0.000000000000	1.000000000000
28	51	60
0.465499503824	-0.284847223047	0.837957201450	-1.805623969281
0.219539010101	0.954364984169	0.202460119620	-0.118249676444
-0.857387214148	0.089719209286	0.506791503975	0.724834071112
0.000000000000	0.000000000000	0.000000000000	1.000000000000
29	41	60
-0.983712377221	-0.178776386547	-0.018680538394	1.705314917941
0.153769558899	-0.783155716265	-0.602513109267	2.279499018647
0.093085346096	-0.595572101173	0.797890337482	1.549840103853
0.000000000000	0.000000000000	0.000000000000	1.000000000000
29	42	60
0.781322636819	0.003556514388	0.624117207261	-1.356643767262
-0.094658105643	0.989091199898	0.112864703608	0.370230008003
-0.616907432465	-0.147261500365	0.773135997273	0.404528665612
0.000000000000	0.000000000000	0.000000000000	1.000000000000
29	43	60
0.895623486181	0.256863546351	-0.363152432950	1.720081488499
-0.218582465861	0.965192055390	0.143617554044	-0.493374267758
0.387401957429	-0.049248500152	0.920594540834	-0.789000300682
0.000000000000	0.000000000000	0.000000000000	1.000000000000
29	45	60
-0.868051515740	0.496139292212	0.018230983114	1.072701731765
-0.496029906862	-0.868242939921	0.010417714493	1.185244031297
0.020997559871	0.000000000000	0.999779526936	1.345218303594
0.000000000000	0.000000000000	0.000000000000	1.000000000000
29	47	60
-0.801110346410	0.471852879075	-0.368207921403	2.137479633546
0.182186060621	0.778254670871	0.600939187093	-1.001532011740
0.570114420262	0.414336249654	-0.709432886207	4.283102224526
0.000000000000	0.000000000000	0.000000000000	1.000000000000
29	48	60
-0.129624700144	-0.877226832234	0.462245088585	-0.799563067585
-0.022108984464	-0.463505294600	-0.885818285363	3.003782531711
0.991316614366	-0.125043699104	0.040687140423	1.756521685698
0.000000000000	0.000000000000	0.000000000000	1.000000000000
29	49	60
0.648655831687	-0.600485399440	0.467614047136	-1.864049240859
0.283389596464	0.760788948966	0.583858297661	-0.241253171511
-0.706353982529	-0.246206133538	0.663661503459	2.335969010461
0.000000000000	0.000000000000	0.000000000000	1.000000000000
29	50	60
0.638371893298	-0.279937511758	0.717019048114	-1.396116270575
0.119482413369	0.956269699698	0.266968564320	0.100106827430
-0.760398105431	-0.084754061556	0.643903308197	1.034071055133
0.000000000000	0.000000000000	0.000000000000	1.000000000000
31	32	60
0.906147667904	0.260481879857	-0.333235043502	-0.106649373219
-0.194856678713	0.956365681050	0.217705210942	-0.023846990008
0.375402821929	-0.132339995378	0.917365165521	-0.123085343268
0.000000000000	0.000000000000	0.000000000000	1.000000000000
32	33	60
0.862386159929	0.185433233893	-0.471067539670	-0.159952835638
-0.123648238581	0.979472457549	0.159200559040	-0.012321420610
0.490918755253	-0.079045687236	0.867611984167	0.115526900764
0.000000000000	0.000000000000	0.000000000000	1.000000000000
32	35	60
0.933955188620	0.256214799673	-0.249161959532	-0.183975595580
-0.134674962379	0.898085913495	0.418693618880	0.033456784776
0.331044347720	-0.357485200268	0.873277717242	0.525372463921
0.000000000000	0.000000000000	0.000000000000	1.000000000000
32	36	60
0.995054520662	0.032966670213	0.093700051036	-0.392985735734
-0.061563678249	0.944971152517	0.321308939233	-0.026102138766
-0.077951359383	-0.325488432307	0.942327366686	1.047974591589
0.000000000000	0.000000000000	0.000000000000	1.000000000000
33	34	60
0.938195906196	0.233238858567	-0.255710923608	-0.054905885475
-0.138452201400	0.930052842782	0.340342030257	0.093635082515
0.317205658092	-0.283903759198	0.904864203065	0.121194876283
0.000000000000	0.000000000000	0.000000000000	1.000000000000
33	35	60
0.966453138524	-0.019610864446	0.256093235038	-0.022910371781
-0.062952010822	0.948581481612	0.310209956443	0.011210233922
-0.249008785729	-0.315924970109	0.915525006699	0.435963626151
0.000000000000	0.000000000000	0.000000000000	1.000000000000
33	36	60
0.800160308269	-0.254388915659	0.543166420777	0.141469631270
0.126610041118	0.956832611916	0.261612786885	-0.160246788855
-0.586270738276	-0.140561845333	0.797827668785	0.974573891155
0.000000000000	0.000000000000	0.000000000000	1.000000000000
34	35	60
0.805331824156	-0.324161386793	0.496346701726	0.194951465523
0.318374531618	0.942765919164	0.099146756275	-0.190617664165
-0.500078304487	0.078178110592	0.862444127121	0.253931243837
0.000000000000	0.000000000000	0.000000000000	1.000000000000
35	36	60
0.916136644898	-0.235122067378	0.324671004721	0.043985856456
0.260049348050	0.964961520818	-0.034979993131	-0.305252543306
-0.305070458179	0.116476936654	0.945179950472	0.456761097340
0.000000000000	0.000000000000	0.000000000000	1.000000000000
35	37	60
-0.864272023866	0.452393229987	-0.219941433622	1.311827644779
-0.503012971463	-0.774273064816	0.384030170223	-0.084631318841
0.003437921229	0.442539926518	0.896742211639	0.776833522726
0.000000000000	0.000000000000	0.000000000000	1.000000000000
36	37	60
0.976145583969	-0.075666653612	0.203505175437	-0.079200072991
0.035557239575	0.980364812657	0.193960090786	-0.056916636128
-0.214185624196	-0.182097203809	0.959669279884	0.601532586676
0.000000000000	0.000000000000	0.000000000000	1.000000000000
37	38	60
0.504965458547	-0.447262691465	0.738218104965	0.057856565558
0.542241517768	0.829813623356	0.131846451989	-0.421844342432
-0.671553439485	0.333714601593	0.661551617487	0.473688029356
0.000000000000	0.000000000000	0.000000000000	1.000000000000
38	39	60
0.923880977525	-0.021341190661	0.382084405529	-0.192870406222
0.108765525539	0.971910684833	-0.208709561741	-0.080314151754
-0.366897805691	0.234380405088	0.900250979388	0.075307692346
0.000000000000	0.000000000000	0.000000000000	1.000000000000
38	40	60
0.930336529454	-0.079772294499	0.357925024262	-0.141376173632
0.095519095988	0.995074760564	-0.026501380923	-0.266013855446
-0.354048081854	0.058843877502	0.933374176746	0.326496424794
0.000000000000	0.000000000000	0.000000000000	1.000000000000
38	41	60
0.833604748375	-0.144048862602	0.533247642911	-0.141238059472
0.138516893272	0.989064384639	0.050642998698	-0.491846916224
-0.534711318157	0.031647562654	0.844441968411	0.489155420120
0.000000000000	0.000000000000	0.000000000000	1.000000000000
38	46	60
0.926587267757	0.036290715211	0.374324751011	-0.298146306675
0.077762107688	0.955335627699	-0.285108563633	-0.080830245870
-0.367952564658	0.293286246589	0.882379786556	-0.147758739832
0.000000000000	0.000000000000	0.000000000000	1.000000000000
38	47	60
0.839954140404	-0.100775271836	0.533217954129	-0.129098753931
0.125450170250	0.992048261631	-0.010124296517	-0.344362114850
-0.527957665730	0.075396227903	0.845917319846	0.458349475882
