0	1	38
0.999705095219	-0.024206620558	-0.001939617242	-0.179894221151
0.024271244257	0.998588498353	0.047243175799	0.053848454080
0.000793281839	-0.047276320485	0.998881534630	0.437680272742
0.000000000000	0.000000000000	0.000000000000	1.000000000000
0	6	38
-0.788015152186	-0.029417942370	-0.614952603533	-0.761327488161
0.077026233649	-0.995720234962	-0.051070275274	1.455920646051
-0.610818368466	-0.087611633665	0.786908585791	0.796134966348
0.000000000000	0.000000000000	0.000000000000	1.000000000000
0	8	38
-0.848305810227	0.068730100990	-0.525027071258	0.058052106627
-0.090784819644	-0.995736556828	0.016334806991	1.509872410588
-0.521665955241	0.061521399652	0.850928756435	0.182092867653
0.000000000000	0.000000000000	0.000000000000	1.000000000000
0	9	38
-0.039798928636	0.102547695889	-0.993931594903	2.486912941491
0.030922936738	0.994369650198	0.101354677982	-0.221386271588
0.998729101039	-0.026701476235	-0.042745922658	2.758031288837
0.000000000000	0.000000000000	0.000000000000	1.000000000000
0	10	38
-0.988245545652	0.071001253439	0.135386718364	-0.536106972280
-0.084839856198	-0.991429762696	-0.099343970333	1.705784964350
0.127172875644	-0.109662425886	0.985799782942	-0.250071047090
0.000000000000	0.000000000000	0.000000000000	1.000000000000
0	11	38
-0.919636488800	0.078432975879	-0.384859710495	0.853506999510
-0.064541345538	-0.996716058971	-0.048903093009	2.058216188235
-0.387431469015	-0.020133705187	0.921678626600	0.277180976938
0.000000000000	0.000000000000	0.000000000000	1.000000000000
0	27	38
0.945538797243	0.089357500258	-0.313004185364	1.225956730830
-0.023104600540	0.977581126125	0.209287647219	0.056262603574
0.324688405000	-0.190657753559	0.926405451553	0.454236896873
0.000000000000	0.000000000000	0.000000000000	1.000000000000
0	28	38
0.989542105972	0.112078315877	-0.090801275427	0.793357344387
-0.094754118616	0.979701991190	0.176651253784	-0.020504757879
0.108756965360	-0.166200058869	0.980076253624	0.727730017198
0.000000000000	0.000000000000	0.000000000000	1.000000000000
1	2	38
0.999895239964	0.011968358322	-0.008140485058	-0.036537025013
-0.011497546160	0.998386291180	0.055611329921	-0.043616364729
0.008792925009	-0.055511908474	0.998419306948	0.877704552853
0.000000000000	0.000000000000	0.000000000000	1.000000000000
1	6	38
0.535211379944	0.105731659525	-0.838074933972	1.356034755016
0.012412262154	0.991044083227	0.132956988715	-0.097611852393
0.844626967677	-0.081562499189	0.529105702293	2.686872280907
0.000000000000	0.000000000000	0.000000000000	1.000000000000
1	8	38
-0.013097843288	0.052144833580	-0.998553635431	2.072607911876
-0.057452822358	0.996950239724	0.052814701715	-0.359228578761
0.998262300052	0.058061483317	-0.010062030145	2.916642068959
0.000000000000	0.000000000000	0.000000000000	1.000000000000
1	9	38
-0.131941842518	0.168235124214	0.976876805525	-2.456637330925
-0.680089191009	0.701601140775	-0.212684112091	1.290959630847
-0.721158819169	-0.692425290009	0.021844342300	4.091730060988
0.000000000000	0.000000000000	0.000000000000	1.000000000000
1	10	38
-0.291938539459	0.185438981480	-0.938287947981	2.294041032005
-0.001733499796	0.980920026350	0.194403952849	-0.461482403475
0.956435509670	0.058380528026	-0.286046901382	2.607354640134
0.000000000000	0.000000000000	0.000000000000	1.000000000000
1	27	38
0.966281733351	0.010127478820	-0.257287865951	1.264737465611
0.033805412371	0.985587168978	0.165756225949	0.072375211359
0.255258312082	-0.168864935730	0.952012514410	-0.117401178570
0.000000000000	0.000000000000	0.000000000000	1.000000000000
1	28	38
0.956978469397	0.034891474252	-0.288053457080	1.561227969009
0.013099362855	0.986536350766	0.163016671880	-0.050757279224
0.289863098382	-0.159776761898	0.943636990878	0.542504269440
0.000000000000	0.000000000000	0.000000000000	1.000000000000
2	3	38
0.999751812440	0.007110626784	-0.021112851776	0.220730068375
-0.007152624045	0.999972587277	-0.001914331199	-0.007556747540
0.021098660920	0.002064868377	0.999775266160	0.748445238911
0.000000000000	0.000000000000	0.000000000000	1.000000000000
2	5	38
0.844246718295	0.071908944976	-0.531108823389	0.942319452862
-0.048920469597	0.997160813188	0.057245963150	-0.130523737446
0.533717403036	-0.022347623478	0.845367563502	1.685958123936
0.000000000000	0.000000000000	0.000000000000	1.000000000000
2	8	38
0.139217397353	0.122984770027	-0.982595167206	2.050784677132
-0.021322857567	0.992400171869	0.121190901555	-0.547151525381
0.990032247969	0.004079854898	0.140781755795	1.737595861267
0.000000000000	0.000000000000	0.000000000000	1.000000000000
3	4	38
0.983448401754	0.003933651046	-0.181145707860	0.437667388954
0.005096611126	0.998768128502	0.049358383727	-0.073575471338
0.181116718283	-0.049464652820	0.982216871409	0.503307050246
0.000000000000	0.000000000000	0.000000000000	1.000000000000
3	5	38
0.869661093541	0.031695211901	-0.492630689181	0.862191822293
-0.002523311012	0.998209048657	0.059768955835	-0.107562733877
0.493642801307	-0.050735675049	0.868183549715	0.961344810970
0.000000000000	0.000000000000	0.000000000000	1.000000000000
3	6	38
0.572946924884	0.134987463689	-0.808399780995	1.212695895547
-0.070283050119	0.990802388515	0.115632693382	-0.195979683561
0.816573397884	-0.009434593765	0.577164512343	1.024618629087
0.000000000000	0.000000000000	0.000000000000	1.000000000000
4	5	38
0.939666889123	0.082261456770	-0.332052993085	0.383787165527
-0.068417925362	0.996237825984	0.053190051399	-0.110520515619
0.335179243056	-0.027262553233	0.941759856978	0.405956263666
0.000000000000	0.000000000000	0.000000000000	1.000000000000
4	6	38
0.740305639126	0.177174082797	-0.648503589090	0.800536571073
-0.149523125367	0.983878637619	0.098110455186	-0.176962099479
0.655431457635	0.024334560221	0.754862526240	0.326826179659
0.000000000000	0.000000000000	0.000000000000	1.000000000000
4	7	38
0.467696352140	0.092864782401	-0.878997300556	1.251690031933
-0.147771016347	0.988684320404	0.025827143002	-0.190222172259
0.871449280752	0.117811063901	0.476126773349	0.345784860810
0.000000000000	0.000000000000	0.000000000000	1.000000000000
5	6	38
0.934959667173	0.080607715012	-0.345474770483	0.342571077152
-0.077948876687	0.996723195737	0.021606566214	-0.023843802896
0.346084373214	0.006728102327	0.938179268187	-0.222941949399
0.000000000000	0.000000000000	0.000000000000	1.000000000000
5	7	38
0.793189389920	0.063559403468	-0.605649068314	0.642409576603
-0.090451911053	0.995803024138	-0.013956679540	-0.113020939016
0.602220095568	0.065852405786	0.795609462705	-0.423224406676
0.000000000000	0.000000000000	0.000000000000	1.000000000000
5	8	38
0.703426204763	0.056897520688	-0.708487294587	0.763093670031
-0.112449170567	0.993145682359	-0.031887891914	-0.145694966175
0.701816755636	0.102099587420	0.705002777128	-0.718973290022
0.000000000000	0.000000000000	0.000000000000	1.000000000000
6	7	38
0.952102850846	0.008616836992	-0.305656525420	0.248820417484
-0.032871325211	0.996694455310	-0.074294271196	-0.035150794668
0.304005982491	0.080783122458	0.949238879174	-0.297625551657
0.000000000000	0.000000000000	0.000000000000	1.000000000000
6	8	38
0.888565556750	0.005909035218	-0.458711602928	0.368689498626
-0.054287900139	0.994245328633	-0.092352858047	-0.093061771283
0.455526152110	0.106964058420	0.883772943097	-0.581210591188
0.000000000000	0.000000000000	0.000000000000	1.000000000000
7	8	38
0.989151931306	0.006506988081	-0.146751885504	-0.013644491643
-0.010004896487	0.999682864351	-0.023110014485	-0.084685299793
0.146554968661	0.024327552884	0.988903337709	-0.284975983982
0.000000000000	0.000000000000	0.000000000000	1.000000000000
9	10	38
0.987082949257	0.016000151719	-0.159409053791	0.220736615046
-0.013232864105	0.999743019627	0.018406140653	0.001145546669
0.159662589836	-0.016058949255	0.987041016147	-0.040877748641
0.000000000000	0.000000000000	0.000000000000	1.000000000000
9	11	38
0.999516509669	-0.025303353183	-0.018068957247	0.026697320130
0.026469793318	0.997365669958	0.067535697455	0.044915637093
0.016312478045	-0.067981326162	0.997553227830	0.271779301056
0.000000000000	0.000000000000	0.000000000000	1.000000000000
10	11	38
0.989340508261	-0.045003861374	0.138491917368	-0.160579088568
0.038927061011	0.998169758173	0.046279777343	0.053991144375
-0.140321212352	-0.040395375121	0.989281643938	0.361378369260
0.000000000000	0.000000000000	0.000000000000	1.000000000000
14	15	38
0.995958323933	0.028277123358	-0.085249171742	0.171974858224
-0.025340224515	0.999054088363	0.035338386294	-0.048629397431
0.086167801467	-0.033035326832	0.995732784020	0.132881671507
0.000000000000	0.000000000000	0.000000000000	1.000000000000
14	16	38
0.990443915912	0.002673516941	-0.137890179999	0.202080327506
0.007048300011	0.997524364233	0.069967594138	-0.041523882076
0.137735873686	-0.070270869282	0.987973093779	0.168981525774
0.000000000000	0.000000000000	0.000000000000	1.000000000000
14	17	38
0.924101347752	0.106011053863	-0.367148955524	0.269287739278
-0.105992859747	0.994160173975	0.020274668075	-0.005350745257
0.367154208428	0.020179319656	0.929941171415	0.692554906274
0.000000000000	0.000000000000	0.000000000000	1.000000000000
15	16	38
0.998419511475	-0.036028640722	-0.043132541692	0.004837954543
0.037296705573	0.998884384831	0.028964486790	0.010670140547
0.042040871286	-0.030527410459	0.998649409128	0.060142794541
0.000000000000	0.000000000000	0.000000000000	1.000000000000
15	17	38
0.940108469110	0.091359123688	-0.328404593187	0.281418223678
-0.097682327242	0.995213787370	-0.002771348653	-0.030830739739
0.326579590991	0.034684693279	0.944533081898	0.612409266369
0.000000000000	0.000000000000	0.000000000000	1.000000000000
16	17	38
0.964932541050	0.081655130390	-0.249474709949	0.201706044202
-0.093088669533	0.995064739841	-0.034360778932	-0.038251675214
0.245437753468	0.056379102559	0.967771515373	0.521270289826
0.000000000000	0.000000000000	0.000000000000	1.000000000000
17	18	38
0.977002294658	0.031622909738	-0.210870832056	0.151375771671
-0.018762339870	0.997855258335	0.062712502865	-0.048397248501
0.212401720414	-0.057313828983	0.975500196911	0.578358033430
0.000000000000	0.000000000000	0.000000000000	1.000000000000
18	19	38
0.889040380138	0.028249523340	-0.456956416866	0.307114777152
-0.036173497239	0.999308522140	-0.008599748622	0.026115743404
0.456397502821	0.024175235468	0.889447512453	0.547815397528
0.000000000000	0.000000000000	0.000000000000	1.000000000000
19	20	38
0.920119551333	0.060836467090	-0.386883620132	0.316237553081
-0.063829263150	0.997947696561	0.005120555965	-0.065584396844
0.386401134082	0.019982972741	0.922114333681	0.149860359851
0.000000000000	0.000000000000	0.000000000000	1.000000000000
19	21	38
-0.669011986013	-0.023033583499	0.742894620120	-2.838696643491
0.186130603007	0.962478279520	0.197461287536	-0.546368204271
-0.719568176892	0.270379391749	-0.639622250490	5.074182966311
0.000000000000	0.000000000000	0.000000000000	1.000000000000
20	21	38
0.898934836796	0.040189567813	-0.436234980067	0.481409091281
-0.022915386503	0.998733541272	0.044790608389	0.068497338043
0.437482621662	-0.030267345068	0.898717332406	-0.221895211240
0.000000000000	0.000000000000	0.000000000000	1.000000000000
21	22	38
0.928007987748	0.042654086837	-0.370110528832	0.085033548029
-0.024252409418	0.998233724605	0.054233308018	0.003094880136
0.371770083942	-0.041352870968	0.927403334450	-0.066007609963
0.000000000000	0.000000000000	0.000000000000	1.000000000000
22	23	38
0.996088159932	0.050820033577	-0.072289015981	-0.083178246290
-0.042592768419	0.992893864904	0.111119886227	0.048936934884
0.077422436817	-0.107606213687	0.991174388820	-0.041777943670
0.000000000000	0.000000000000	0.000000000000	1.000000000000
22	24	38
0.954305213367	0.081791157592	-0.287422626597	0.111700397431
-0.037552452843	0.987012975734	0.156189625196	-0.044118275300
0.296464792219	-0.138259148967	0.944983086992	0.429829687735
0.000000000000	0.000000000000	0.000000000000	1.000000000000
23	24	38
0.946050319158	0.062582081357	-0.317918663676	0.398937228210
-0.056298095943	0.997994926888	0.028924907923	-0.130447915183
0.319091394453	-0.009466202942	0.947676671121	0.497454036392
0.000000000000	0.000000000000	0.000000000000	1.000000000000
23	25	38
0.941484558022	0.046715866479	-0.333803017998	0.495269408105
-0.037347877512	0.998708994564	0.034430803407	-0.211338474610
0.334980541302	-0.019949235498	0.942013834799	0.787622133674
0.000000000000	0.000000000000	0.000000000000	1.000000000000
24	25	38
0.985589553381	0.090065485186	-0.143183241496	0.346505298193
-0.093375080155	0.995493415474	-0.016551560484	-0.071372261176
0.141047249790	0.029682791757	0.989557782649	0.270756711256
0.000000000000	0.000000000000	0.000000000000	1.000000000000
25	26	38
0.926723363888	0.102379719277	-0.361527592176	0.369374063301
-0.107143302314	0.994219622401	0.006903274759	-0.093606734338
0.360144581513	0.032337834097	0.932335854128	0.430467462104
0.000000000000	0.000000000000	0.000000000000	1.000000000000
26	27	38
0.937306963514	0.095831487743	-0.335070115209	0.333049631354
-0.098286535304	0.995111225706	0.009664649644	-0.126254311129
0.334358210797	0.023874137297	0.942143626228	0.394531868226
0.000000000000	0.000000000000	0.000000000000	1.000000000000
26	28	38
0.962660149646	0.046461555281	-0.266696007028	0.344373885063
-0.035345057152	0.998300461032	0.046334829634	-0.373789856545
0.268395535020	-0.035178308419	0.962666257536	0.904806494538
0.000000000000	0.000000000000	0.000000000000	1.000000000000
27	28	38
0.998924754805	-0.004696813689	0.046122382616	0.249298448017
0.005421826523	0.999863506031	-0.015606828772	-0.151217449311
-0.046042784822	0.015840115162	0.998813872910	0.475218030005
0.000000000000	0.000000000000	0.000000000000	1.000000000000
29	30	38
0.957157424335	-0.048093421308	0.285546297240	0.068138903835
0.000374178291	0.986315742684	0.164866963714	0.021845539134
-0.289567824579	-0.157696793121	0.944077431363	0.386758582643
0.000000000000	0.000000000000	0.000000000000	1.000000000000
30	31	38
0.954822548806	-0.002449432188	0.297166452639	-0.072810638029
0.004776711743	0.999963345498	-0.007105679856	0.002967338042
-0.297138155270	0.008204141835	0.954799250492	0.665086369652
0.000000000000	0.000000000000	0.000000000000	1.000000000000
31	32	38
0.816455246794	-0.026904178387	0.576781583589	-0.480869525775
0.014071538454	0.999544305010	0.026705320220	-0.038965675100
-0.577237231810	-0.013687494578	0.816461775409	0.293760055475
0.000000000000	0.000000000000	0.000000000000	1.000000000000
31	33	38
0.658925216599	-0.069887600694	0.748954793161	-0.973617198323
0.068764329566	0.997101955257	0.032544704660	0.089681582035
-0.749058759984	0.030056847659	0.661821395846	0.170979284930
0.000000000000	0.000000000000	0.000000000000	1.000000000000
31	34	38
0.464725671167	-0.015081175116	0.885326272465	-1.350932453728
0.090463605297	0.995431711301	-0.030529399809	0.043212501433
-0.880821427235	0.094277602288	0.463966967608	0.288485469433
0.000000000000	0.000000000000	0.000000000000	1.000000000000
31	35	38
0.436125866242	0.083677141041	0.895986810651	-1.408096818894
0.090401039878	0.986556592496	-0.136138685873	0.007156976509
-0.895333390857	0.140371741705	0.422698347936	0.300471118577
0.000000000000	0.000000000000	0.000000000000	1.000000000000
31	36	38
0.542096546418	0.139263459834	0.828695977496	-1.433976730012
0.098849770933	0.968756348782	-0.227463974030	0.105767634695
-0.834481909420	0.205223842305	0.511393309891	0.297790912743
0.000000000000	0.000000000000	0.000000000000	1.000000000000
31	37	38
0.437774551255	0.018663747320	0.898891042791	-1.529633725349
-0.018953828259	0.999753908339	-0.011527148645	0.042205752084
-0.898884972990	-0.011991134123	0.438020568050	0.434449852665
0.000000000000	0.000000000000	0.000000000000	1.000000000000
32	33	38
0.962767878554	-0.054976535756	0.264680170283	-0.432490853811
0.049166537057	0.998383000201	0.028531325643	0.050505458812
-0.265820735945	-0.014455636461	0.963914088971	-0.383117185656
0.000000000000	0.000000000000	0.000000000000	1.000000000000
32	34	38
0.865943989971	-0.013337977555	0.499963103226	-0.855832609058
0.059795574912	0.995235155032	-0.077016072414	0.082655196706
-0.496553617904	0.096587186231	0.862615453144	-0.463755279594
0.000000000000	0.000000000000	0.000000000000	1.000000000000
32	35	38
0.861812253142	0.073357628787	0.501894708712	-0.869078813186
0.040517041253	0.976368581360	-0.212279915915	0.130736422916
-0.505606576008	0.203280721249	0.838474172927	-0.500241930628
0.000000000000	0.000000000000	0.000000000000	1.000000000000
32	36	38
0.936018717777	0.032635049568	0.350433893210	-0.747096714969
0.059926616725	0.966373613133	-0.250061673290	0.106072208920
-0.346810842648	0.255062724404	0.902588082151	-0.545854130875
0.000000000000	0.000000000000	0.000000000000	1.000000000000
32	37	38
0.888208734773	0.017518213232	0.459106039689	-0.879970482056
-0.001086831085	0.999350125227	-0.036029793326	0.094922000441
-0.459438855858	0.031503006429	0.887650549661	-0.511152189325
0.000000000000	0.000000000000	0.000000000000	1.000000000000
33	34	38
0.973071971173	0.006493320458	0.230410016508	-0.348786079173
0.020803543461	0.993049578055	-0.115843636439	0.067946318016
-0.229560779528	0.117517540450	0.966173626316	-0.185818770400
0.000000000000	0.000000000000	0.000000000000	1.000000000000
33	35	38
0.971521096751	0.021550713536	0.235971026429	-0.341001053651
0.039408098196	0.967291282660	-0.250588460004	0.143962232758
-0.233653076942	0.252751144877	0.938894615172	-0.216204793038
0.000000000000	0.000000000000	0.000000000000	1.000000000000
33	36	38
0.994531079032	0.026243473840	0.101090122762	-0.296388718240
0.002313397831	0.962142758183	-0.272536164693	0.046210625665
-0.104415425248	0.271279547619	0.956820163884	-0.250472325731
0.000000000000	0.000000000000	0.000000000000	1.000000000000
33	37	38
0.980765746800	0.045671346606	0.189770066141	-0.371166476644
-0.032280082648	0.996804394894	-0.073068423985	0.091564029591
-0.192500769266	0.065537213998	0.979105881615	-0.249358959294
0.000000000000	0.000000000000	0.000000000000	1.000000000000
34	35	38
0.999959358016	-0.006532466884	-0.006213629562	0.051488391027
0.005651666550	0.991166475009	-0.132503122539	0.061364482976
0.007024313570	0.132462619987	0.991163111362	-0.038279161067
0.000000000000	0.000000000000	0.000000000000	1.000000000000
34	36	38
0.991528461748	-0.002438661880	-0.129866710407	0.060973904067
-0.019289044444	0.985973078637	-0.165786069886	-0.017341315757
0.128449376442	0.166886611602	0.977573330528	-0.051588605058
0.000000000000	0.000000000000	0.000000000000	1.000000000000
34	37	38
0.996377212757	0.065842937806	-0.053825249096	0.027215649618
-0.063423741069	0.996949715858	0.045482888213	0.000030861945
0.056655793772	-0.041904314724	0.997513984583	-0.043832243526
0.000000000000	0.000000000000	0.000000000000	1.000000000000
35	36	38
0.990664287887	-0.003769292651	-0.136272011576	0.061754157844
-0.001750225702	0.999183621984	-0.040361197564	-0.070095972800
0.136312895267	0.040222903820	0.989848934228	-0.001677872021
0.000000000000	0.000000000000	0.000000000000	1.000000000000
35	37	38
0.996951726131	0.050981012133	-0.059060919109	0.001709854560
-0.039628496489	0.982951099393	0.179545867309	-0.049200410462
0.067207425409	-0.176658066908	0.981975096103	-0.012274864612
0.000000000000	0.000000000000	0.000000000000	1.000000000000
36	37	38
0.995102748325	0.063642249300	0.075631900543	-0.037611536277
-0.077683328897	0.976657786109	0.200262001500	0.038142839893
-0.061121360319	-0.205156605882	0.976818788914	-0.001033757577
0.000000000000	0.000000000000	0.000000000000	1.000000000000
