0	1	66
0.979986025926	-0.061332591239	0.189382423264	-0.481821835450
0.058663040910	0.998083933849	0.019675076190	-0.025398402616
-0.190226277418	-0.008171550882	0.981706264183	0.113441310417
0.000000000000	0.000000000000	0.000000000000	1.000000000000
0	2	66
0.858960713002	-0.054437495636	0.509139521731	-0.630570681116
0.110102146539	0.990709650183	-0.079824221655	0.025599707952
-0.500064006750	0.124623224578	0.856974352620	0.094992378849
0.000000000000	0.000000000000	0.000000000000	1.000000000000
0	5	66
0.369471595153	-0.010613181159	0.929181414343	-0.968236520141
0.259414141043	0.961357845510	-0.092170474141	0.024538575667
-0.892297620641	0.275097170582	0.357947625967	0.088216994698
0.000000000000	0.000000000000	0.000000000000	1.000000000000
0	6	66
0.706563200441	-0.143481775494	0.692951242068	-0.824766628055
0.216378673173	0.976133998685	-0.018511791009	0.006441539646
-0.673757162172	0.163019620633	0.720746758376	0.210439379064
0.000000000000	0.000000000000	0.000000000000	1.000000000000
0	7	66
0.686710120434	-0.012458185997	0.726824603391	-0.759047417207
0.041029893756	0.998923478664	-0.021643280532	-0.103274347494
-0.725772525184	0.044684196037	0.686482020386	0.471127447868
0.000000000000	0.000000000000	0.000000000000	1.000000000000
0	34	66
0.621364224959	0.393028300154	-0.677816535074	0.755210464510
-0.261530691793	0.919512484915	0.293425437439	-0.196012393741
0.738585267380	-0.005054242191	0.674141125763	0.556168051612
0.000000000000	0.000000000000	0.000000000000	1.000000000000
0	35	66
0.877168310343	0.266071547749	-0.399727015361	1.012935329794
-0.196557422593	0.958466355774	0.206657747187	-0.218136902203
0.438110642366	-0.102704315039	0.893034651466	0.570080509263
0.000000000000	0.000000000000	0.000000000000	1.000000000000
0	36	66
0.983767041741	0.118078207964	-0.135129361677	0.976919626206
-0.095102011788	0.981629907098	0.165403545440	-0.249450428291
0.152177576985	-0.149867482444	0.976924624917	0.448461459670
0.000000000000	0.000000000000	0.000000000000	1.000000000000
0	37	66
0.990661212593	0.128265073788	-0.046243190967	1.044114288422
-0.120121687868	0.981505160872	0.149058375432	-0.154143213172
0.064506914113	-0.142111540801	0.987746509993	0.398215453735
0.000000000000	0.000000000000	0.000000000000	1.000000000000
0	38	66
0.989015130324	-0.023350015882	0.145958380195	0.841617443590
-0.002906899791	0.984180710148	0.177143669676	-0.213894590490
-0.147785729772	-0.175622055935	0.973301737153	0.394526339722
0.000000000000	0.000000000000	0.000000000000	1.000000000000
0	45	66
0.849764300080	-0.106436325022	0.516306055577	0.412264809028
0.276124224955	0.924169676854	-0.263942836193	-0.049961688343
-0.449061295040	0.366853808894	0.814716046360	0.012138175938
0.000000000000	0.000000000000	0.000000000000	1.000000000000
0	46	66
0.833128302436	-0.135471934947	0.536231840273	0.161719788274
0.199807551932	0.977781102931	-0.063411804434	-0.020360725105
-0.515726840363	0.159973340255	0.841685426116	0.229426361941
0.000000000000	0.000000000000	0.000000000000	1.000000000000
0	47	66
0.701276879586	-0.388427283156	0.597775027797	-0.331127630331
0.260874873924	0.920189092882	0.291884109701	-0.040271563486
-0.663441812304	-0.048747092641	0.746638254208	0.410482524909
0.000000000000	0.000000000000	0.000000000000	1.000000000000
0	48	66
0.643283342263	-0.453891850710	0.616578242745	-0.726671805406
0.208977552318	0.878836228581	0.428923380058	0.025781690413
-0.736556124266	-0.147068253517	0.660193914402	0.354984547172
0.000000000000	0.000000000000	0.000000000000	1.000000000000
0	49	66
0.667059289617	-0.390021774533	0.634755795190	-0.769333735339
0.234087201679	0.918591424612	0.318422638390	-0.131421306877
-0.707272992660	-0.063818571117	0.704054048944	0.636721964930
0.000000000000	0.000000000000	0.000000000000	1.000000000000
1	2	66
0.941299489874	-0.003776995548	0.337551484470	-0.164927625805
0.038650608245	0.994567419748	-0.096652874033	-0.005647281951
-0.335352651466	0.104025871211	0.936331788029	-0.034336143723
0.000000000000	0.000000000000	0.000000000000	1.000000000000
1	3	66
0.675861894410	-0.165606077131	0.718181959466	-0.269775057628
0.213777101077	0.976587310040	0.024012016244	-0.041946212360
-0.705343923728	0.137302050553	0.695440936510	0.006337916794
0.000000000000	0.000000000000	0.000000000000	1.000000000000
1	5	66
0.614207761623	-0.023081981105	0.788806723925	-0.270085288676
0.223086367702	0.963878398396	-0.145502253080	0.038338272707
-0.756955281445	0.265340640035	0.597170868880	-0.190124437710
0.000000000000	0.000000000000	0.000000000000	1.000000000000
1	6	66
0.842584525914	-0.118647703367	0.525332313089	-0.308058211881
0.176664462399	0.982348698616	-0.061487413768	0.028759464191
-0.508764173675	0.144615894052	0.848672645236	0.018106921095
0.000000000000	0.000000000000	0.000000000000	1.000000000000
1	7	66
0.813914212954	0.042633442340	0.579418711767	-0.336821221883
-0.019618593892	0.998752019354	-0.045929452539	-0.125658237502
-0.580653739095	0.026015253815	0.813734871960	0.302876701572
0.000000000000	0.000000000000	0.000000000000	1.000000000000
1	34	66
0.442419085753	0.454958082930	-0.772837948951	1.110730546920
-0.307928364751	0.886437487760	0.345555643095	-0.283684698984
0.842285862842	0.085098314143	0.532271361419	0.673297919736
0.000000000000	0.000000000000	0.000000000000	1.000000000000
1	35	66
0.760987618677	0.325288102044	-0.561324767750	1.410952700970
-0.243492074085	0.945172238447	0.217625939461	-0.281052487296
0.601339716033	-0.028932513498	0.798469445617	0.747942831836
0.000000000000	0.000000000000	0.000000000000	1.000000000000
1	36	66
0.934716763625	0.164076165984	-0.315251619430	1.358206429390
-0.126644899279	0.982594428170	0.135901652736	-0.247873602076
0.332062706856	-0.087104543427	0.939226893370	0.591871114945
0.000000000000	0.000000000000	0.000000000000	1.000000000000
1	37	66
0.952521281082	0.220365967455	-0.210100093941	1.389139756862
-0.189458354287	0.969161841968	0.157578095127	-0.267814084308
0.238345843424	-0.110291271007	0.964897452822	0.547936313242
0.000000000000	0.000000000000	0.000000000000	1.000000000000
1	38	66
0.996395639289	0.079983449355	-0.028255580607	1.222438044823
-0.074477209674	0.984310000211	0.159959272076	-0.278521949890
0.040606344891	-0.157278324359	0.986719136047	0.526676079146
0.000000000000	0.000000000000	0.000000000000	1.000000000000
1	45	66
0.941944727525	-0.103101411909	0.319546912284	0.920441677808
0.199223914440	0.937679929911	-0.284721233766	-0.152453094295
-0.270277565112	0.331853051673	0.903782932951	0.094760093707
0.000000000000	0.000000000000	0.000000000000	1.000000000000
1	46	66
0.907604786257	-0.096711677632	0.408534457999	0.489638519499
0.126535462607	0.990869451265	-0.046545754403	-0.179983071377
-0.400302796225	0.093939246110	0.911555313393	0.258305969212
0.000000000000	0.000000000000	0.000000000000	1.000000000000
1	47	66
0.845300392109	-0.299596256445	0.442390472574	0.130128358038
0.204012755949	0.946244502484	0.250998280728	-0.051296289116
-0.493807697905	-0.121915645602	0.860982306930	0.309766459958
0.000000000000	0.000000000000	0.000000000000	1.000000000000
1	48	66
0.791131193848	-0.364609119905	0.491092276261	-0.244061089424
0.170970095241	0.902721551437	0.394794917779	0.033873966752
-0.587265409040	-0.228372481382	0.776508434657	0.174481943050
0.000000000000	0.000000000000	0.000000000000	1.000000000000
1	49	66
0.835178884173	-0.285271932618	0.470208630176	-0.289920153137
0.179296064571	0.949477235505	0.257576979731	-0.063835620887
-0.519931873096	-0.130816297602	0.844131472948	0.424755760587
0.000000000000	0.000000000000	0.000000000000	1.000000000000
2	3	66
0.868988878061	-0.233183698176	0.436444375277	-0.069858413109
0.219756237152	0.972116451283	0.081833986692	0.076907137802
-0.443357108930	0.024798549354	0.896001956421	-0.017578410386
0.000000000000	0.000000000000	0.000000000000	1.000000000000
2	5	66
0.824402535136	-0.075593989114	0.560933159004	-0.122894182473
0.141872843712	0.987001648221	-0.075497302114	0.002684511158
-0.547934810245	0.141821349659	0.824411395180	-0.176814381639
0.000000000000	0.000000000000	0.000000000000	1.000000000000
2	6	66
0.968936455366	-0.137636805659	0.205470813478	-0.162360405769
0.141250617558	0.989969467315	-0.002952426690	0.112708797003
-0.203003469189	0.031883593145	0.978658790379	-0.011650602510
0.000000000000	0.000000000000	0.000000000000	1.000000000000
2	7	66
0.965656374317	0.048957071834	0.255168516588	-0.253790977848
-0.054367679073	0.998420155774	0.014189715157	-0.036769846244
-0.254070703177	-0.027575308910	0.966792470040	0.261264221791
0.000000000000	0.000000000000	0.000000000000	1.000000000000
2	8	66
0.986737200988	-0.080116255415	0.141177483346	-0.530417053451
0.072311027917	0.995600793821	0.059583341499	-0.169682679429
-0.145330008695	-0.048584410677	0.988189629379	0.765271935842
0.000000000000	0.000000000000	0.000000000000	1.000000000000
2	35	66
0.520217918580	0.337564073809	-0.784489523998	1.154167019119
-0.144154484037	0.940097118108	0.308928621622	-0.221608593594
0.841779544727	-0.047622521966	0.537716740934	1.265907860970
0.000000000000	0.000000000000	0.000000000000	1.000000000000
2	36	66
0.765497053901	0.228900860659	-0.601347367550	1.195096588080
-0.061106976252	0.956220891266	0.286194941533	-0.272016136716
0.640531184192	-0.182334865277	0.745971714599	1.147874885639
0.000000000000	0.000000000000	0.000000000000	1.000000000000
2	37	66
0.791641702760	0.273914239690	-0.546145039112	1.291423131139
-0.147830358316	0.953187085421	0.263781283160	-0.205344233025
0.592831847670	-0.128083447333	0.795075487553	1.151500172398
0.000000000000	0.000000000000	0.000000000000	1.000000000000
2	38	66
0.914289336608	0.163121010522	-0.370764810751	1.137484229523
-0.067757082690	0.964021641687	0.257043288386	-0.210544799572
0.399354462489	-0.209889995678	0.892447311052	1.047078200049
0.000000000000	0.000000000000	0.000000000000	1.000000000000
2	45	66
0.981088197698	-0.190764435525	0.032785339361	0.874932488437
0.193554746646	0.965494033732	-0.174234987529	-0.156495982701
0.001583789498	0.177285647944	0.984158163429	0.450250477536
0.000000000000	0.000000000000	0.000000000000	1.000000000000
2	46	66
0.997939714209	-0.046493076522	0.044212222745	0.536998734509
0.044948987820	0.998365407114	0.035300175254	-0.143753468807
-0.045781167510	-0.033240152143	0.998398305781	0.525150388341
0.000000000000	0.000000000000	0.000000000000	1.000000000000
2	47	66
0.965610797307	-0.205946623320	0.158687669550	0.108031698945
0.143435834464	0.931048596053	0.335521494363	-0.005431347999
-0.216845450761	-0.301221679384	0.928570702937	0.429968834410
0.000000000000	0.000000000000	0.000000000000	1.000000000000
2	48	66
0.954736145545	-0.229896839112	0.188749399354	-0.105044614284
0.118949185169	0.876683618788	0.466129728613	0.078133298368
-0.272635257693	-0.422579313165	0.864347580749	0.172062734918
0.000000000000	0.000000000000	0.000000000000	1.000000000000
2	49	66
0.955057292591	-0.247828141528	0.162624660297	-0.295471824064
0.182930514114	0.924466741273	0.334511092920	0.019254847148
-0.233242352234	-0.289728246030	0.928254032351	0.383646358495
0.000000000000	0.000000000000	0.000000000000	1.000000000000
3	4	66
0.895527957861	-0.082350075346	0.437319267560	-0.359114546331
0.134811364158	0.986752644344	-0.090250290711	0.162235292199
-0.424093825447	0.139777265569	0.894766306500	-0.017664154247
0.000000000000	0.000000000000	0.000000000000	1.000000000000
3	5	66
0.994406214072	0.051454268959	0.092242829641	0.090956261300
-0.034247526701	0.983207757046	-0.179247352559	-0.048701662381
-0.099916907124	0.175085592470	0.979470084781	-0.133493262456
0.000000000000	0.000000000000	0.000000000000	1.000000000000
3	6	66
0.961171941173	0.030827901095	-0.274222792661	0.032312815014
-0.045794582233	0.997780399750	-0.048343873586	0.110914833688
0.272123787529	0.059024693047	0.960450274544	-0.021852747820
0.000000000000	0.000000000000	0.000000000000	1.000000000000
3	7	66
0.947365090970	0.214834499774	-0.237372117399	-0.166520106335
-0.237585453552	0.968734562108	-0.071459781965	0.063424782978
0.214598547693	0.124094665015	0.968786858624	0.168702406549
0.000000000000	0.000000000000	0.000000000000	1.000000000000
3	38	66
0.590893618508	0.385257986405	-0.708816630391	0.620107747421
-0.227634917556	0.922527185606	0.311650342734	-0.443524874171
0.773968394649	-0.022800783506	0.632813596848	1.520443226343
0.000000000000	0.000000000000	0.000000000000	1.000000000000
3	39	66
0.885549455397	0.151791197746	-0.439046232569	0.584051016338
-0.165638700456	0.986162680936	0.006854753115	-0.171098380315
0.434011500951	0.066652824516	0.898438321771	1.513048965392
0.000000000000	0.000000000000	0.000000000000	1.000000000000
3	43	66
0.875779046593	-0.165340733054	0.453512407263	0.966882537081
0.199906825239	0.979386314330	-0.028977724646	-0.166112162003
-0.439372646817	0.116038309605	0.890778753638	0.768385668002
0.000000000000	0.000000000000	0.000000000000	1.000000000000
3	45	66
0.907639305317	-0.087168340846	-0.410600257912	0.582739583386
0.008169292407	0.981682714940	-0.190347865367	-0.331252658565
0.419671483550	0.169412890721	0.891725921095	0.756869843804
0.000000000000	0.000000000000	0.000000000000	1.000000000000
3	46	66
0.906874656264	0.106776445601	-0.407648314716	0.336604614674
-0.113169552787	0.993539519498	0.008477942993	-0.232409685031
0.405919955346	0.038444945833	0.913099652827	0.733420932902
0.000000000000	0.000000000000	0.000000000000	1.000000000000
3	47	66
0.963386888312	0.128023930987	-0.235574991293	0.026052049884
-0.054814457460	0.954122498747	0.294356302190	-0.061567496347
0.262452050252	-0.270666086683	0.926206667455	0.483226947847
0.000000000000	0.000000000000	0.000000000000	1.000000000000
3	48	66
0.977474443183	0.133573791365	-0.163406717074	-0.009539735952
-0.056309765874	0.911229753953	0.408031304899	0.098639220164
0.203403350985	-0.389638778577	0.898225305276	0.152451200717
0.000000000000	0.000000000000	0.000000000000	1.000000000000
4	5	66
0.948102604894	0.044724072514	-0.314803443327	0.180766298347
-0.102568524277	0.980150813305	-0.169658719212	0.120177639831
0.300967022148	0.193142798247	0.933870821401	0.061653179514
0.000000000000	0.000000000000	0.000000000000	1.000000000000
4	39	66
0.991299221880	-0.124240600556	-0.043475577902	1.317940636866
0.115206253457	0.659178926034	0.743108782506	-1.271009970367
-0.063666096667	-0.741651816317	0.667756850574	0.475838885066
0.000000000000	0.000000000000	0.000000000000	1.000000000000
4	40	66
0.990362493394	0.025803977040	-0.136074562088	0.019185929537
0.002106040290	0.979571487050	0.201085221616	-0.314451620931
0.138483559575	-0.199433839974	0.970076516158	1.432762654887
0.000000000000	0.000000000000	0.000000000000	1.000000000000
4	41	66
0.927016405978	-0.154370058202	0.341775464565	0.017250448817
0.085750340882	0.974458882969	0.207549426504	-0.303247490573
-0.365085554476	-0.163094360829	0.916576656575	1.307812311930
0.000000000000	0.000000000000	0.000000000000	1.000000000000
4	42	66
0.929008391291	-0.103751355145	0.355216926985	-0.093566499698
0.167430915971	0.973870192144	-0.153439685970	-0.363618538106
-0.330015601584	0.202021051276	0.922104764955	1.226858827048
0.000000000000	0.000000000000	0.000000000000	1.000000000000
4	43	66
0.985540906252	-0.098739816334	0.137693757211	-0.043517830342
0.090359581168	0.993729573979	0.065853472888	-0.285684927975
-0.143332718511	-0.052459341119	0.988283233357	1.195711058743
0.000000000000	0.000000000000	0.000000000000	1.000000000000
4	45	66
0.661764081911	0.181898938804	-0.727310852356	1.262565062935
-0.340346426820	0.937283351472	-0.075261070981	-0.171419245315
0.668006444313	0.297342723328	0.682169110441	0.964505480420
0.000000000000	0.000000000000	0.000000000000	1.000000000000
4	46	66
0.731290978680	0.190502088919	-0.654921719459	1.060344436727
-0.166659641261	0.981005705375	0.099259105356	-0.171261347591
0.661391010278	0.036561730520	0.749149632173	0.885401497064
0.000000000000	0.000000000000	0.000000000000	1.000000000000
4	47	66
0.869742488653	0.223944641841	-0.439769031222	-0.023130579540
-0.070648378630	0.938433852822	0.338157818889	0.095649112885
0.488422777958	-0.263041253930	0.832017120438	0.565820160520
0.000000000000	0.000000000000	0.000000000000	1.000000000000
4	48	66
0.102456148625	-0.602445299151	-0.791556946239	2.351851813520
0.515089924342	0.712884431359	-0.475897213027	2.329648960935
0.850990662376	-0.358964411963	0.383352896812	1.771891717618
0.000000000000	0.000000000000	0.000000000000	1.000000000000
5	6	66
0.937701411904	-0.004291205281	-0.347415669868	-0.142205015676
0.054448463585	0.989383911766	0.134739897399	0.105469421601
0.343149277903	-0.145262041481	0.927980340513	0.106262394692
0.000000000000	0.000000000000	0.000000000000	1.000000000000
5	7	66
0.928146744698	0.180453897815	-0.325545712720	-0.325156664282
-0.144012476765	0.980601215121	0.132972416081	0.035373659308
0.343225912254	-0.076535270731	0.936129438428	0.304811146247
0.000000000000	0.000000000000	0.000000000000	1.000000000000
5	38	66
0.522298413967	0.319793004636	-0.790529443445	0.415574690094
-0.055370579417	0.937783028141	0.342778486878	-0.000066168526
0.850963257551	-0.135260586709	0.507509712203	1.737004540353
0.000000000000	0.000000000000	0.000000000000	1.000000000000
5	39	66
0.912533838277	0.093391548736	-0.398195947524	0.147553044591
-0.032399595870	0.987027992309	0.157245059021	0.175189795948
0.407715906223	-0.130590049481	0.903722290745	1.520739502740
0.000000000000	0.000000000000	0.000000000000	1.000000000000
5	43	66
0.941627890896	-0.201759080054	0.269499886276	0.462201730871
0.196595744270	0.979390315237	0.046311162324	0.260626901251
-0.273289276082	0.009374648619	0.961886213407	0.939137210417
0.000000000000	0.000000000000	0.000000000000	1.000000000000
5	45	66
0.848760733519	-0.152762048701	-0.506230158834	0.442390035137
0.135820165960	0.988222677844	-0.070489868157	-0.024596277207
0.511036299841	-0.008927231985	0.859512771734	1.012960443280
0.000000000000	0.000000000000	0.000000000000	1.000000000000
5	46	66
0.860988766807	0.025764322947	-0.507971006157	0.221409716405
0.050807663655	0.989364240326	0.136297400117	0.033255705361
0.506079958847	-0.143159350473	0.850522472146	0.942216665764
0.000000000000	0.000000000000	0.000000000000	1.000000000000
5	47	66
0.926491080628	0.084547367008	-0.366696087038	-0.072509331805
0.092817080908	0.892989407312	0.440403119789	0.115744821565
0.364690645628	-0.442065222744	0.819499281166	0.647424588505
0.000000000000	0.000000000000	0.000000000000	1.000000000000
5	48	66
0.954365669070	0.139720252589	-0.263940183975	-0.142205789802
0.033906964126	0.827395605073	0.560595068199	0.150125407688
0.296709432752	-0.543962097689	0.784900470629	0.285563239069
0.000000000000	0.000000000000	0.000000000000	1.000000000000
5	49	66
0.940327755686	0.111387583452	-0.321522189186	-0.464460363841
0.048406588345	0.891502956592	0.450421225735	0.088680879450
0.336809314139	-0.439107372564	0.832913081461	0.364016013944
0.000000000000	0.000000000000	0.000000000000	1.000000000000
6	7	66
0.978020827265	0.200222009056	0.058192856317	-0.183622775406
-0.200468358792	0.979698816008	-0.001633106034	-0.093591391086
-0.057338456205	-0.010068614684	0.998304024052	0.241524913903
0.000000000000	0.000000000000	0.000000000000	1.000000000000
6	35	66
0.278417657821	0.498908358854	-0.820715576359	0.971752495853
-0.211734435387	0.865362436600	0.454220631624	-0.511339129447
0.936830900795	0.047310704783	0.346568262437	1.559371896942
0.000000000000	0.000000000000	0.000000000000	1.000000000000
6	36	66
0.584428029822	0.351209249993	-0.731502522674	1.085273391319
-0.171447193137	0.934574312172	0.311731799780	-0.389058429591
0.793126558579	-0.056770747293	0.606405264100	1.402244345070
0.000000000000	0.000000000000	0.000000000000	1.000000000000
6	37	66
0.642026470170	0.410728555940	-0.647382471910	1.115141507800
-0.226022610440	0.908265016270	0.352091521895	-0.443761471927
0.732608893729	-0.079729000725	0.675964122770	1.410981647008
0.000000000000	0.000000000000	0.000000000000	1.000000000000
6	38	66
0.785549594326	0.346780654608	-0.512498792626	0.987136476281
-0.204182309804	0.927090350079	0.314345458299	-0.434039845111
0.584141608873	-0.142290759995	0.799081923462	1.295279536079
0.000000000000	0.000000000000	0.000000000000	1.000000000000
6	39	66
-0.938669899675	0.085365191367	-0.334083228473	0.131393383922
0.128061086043	-0.813270403516	-0.567619246508	1.725146492668
-0.320154927630	-0.575590162241	0.752460488960	0.296241668400
0.000000000000	0.000000000000	0.000000000000	1.000000000000
6	44	66
0.999390600066	-0.012531818415	0.032578858598	0.937495858797
0.010261823196	0.997568472203	0.068933578550	-0.416602381226
-0.033363505287	-0.068557251945	0.997089153346	0.742168818985
0.000000000000	0.000000000000	0.000000000000	1.000000000000
6	45	66
0.976208964597	-0.092202618037	-0.196251712522	0.861390950418
0.057164174728	0.982504574963	-0.177248462066	-0.331299120344
0.209160977643	0.161812970445	0.964400460404	0.655105378810
0.000000000000	0.000000000000	0.000000000000	1.000000000000
6	46	66
0.985503973670	0.052295899689	-0.161391005811	0.571725082514
-0.047712933447	0.998343699367	0.032145511603	-0.258607725400
0.162804772236	-0.023979091101	0.986366873596	0.668714828169
0.000000000000	0.000000000000	0.000000000000	1.000000000000
6	47	66
0.999980845931	-0.006112019050	0.000975189688	0.180633014602
0.005442926261	0.943414434605	0.331571378638	-0.118233668867
-0.002946578610	-0.331559719811	0.943429631649	0.478167145633
0.000000000000	0.000000000000	0.000000000000	1.000000000000
6	48	66
0.997128354831	-0.006518837291	0.075448981123	0.016239183205
-0.027896530584	0.894611316802	0.445973514271	0.000589807985
-0.070404741130	-0.446797601393	0.891860457592	0.181864661614
0.000000000000	0.000000000000	0.000000000000	1.000000000000
6	49	66
0.999661259288	-0.006215247481	0.025273254178	-0.239651125894
-0.002621311670	0.942085301731	0.335363106181	-0.073580244223
-0.025893925989	-0.335315754120	0.941749886985	0.360415149545
0.000000000000	0.000000000000	0.000000000000	1.000000000000
7	37	66
0.654365943906	0.184777639969	-0.733254686466	1.263292978290
-0.105045364922	0.982495901017	0.153841723185	0.010285169109
0.748846234393	-0.023643778283	0.662321892273	1.184860114719
0.000000000000	0.000000000000	0.000000000000	1.000000000000
7	38	66
0.777363504593	0.142411429565	-0.612719321106	1.156106750991
-0.038037078440	0.982895782706	0.180191734004	-0.067839708033
0.627900599132	-0.116768424966	0.769484225011	1.094155003312
0.000000000000	0.000000000000	0.000000000000	1.000000000000
7	39	66
0.982766641207	-0.155328864206	-0.100213137236	0.875281657100
0.170904550933	0.970087688167	0.172399279981	-0.105960014017
0.070436946275	-0.186555142550	0.979916228760	1.056055556145
0.000000000000	0.000000000000	0.000000000000	1.000000000000
7	44	66
0.919225821744	-0.351328914700	0.177741054162	0.698039785628
0.353734265537	0.935152137881	0.019040703791	0.183834082975
-0.172904476587	0.045370394661	0.983893068003	0.305001447663
0.000000000000	0.000000000000	0.000000000000	1.000000000000
7	45	66
0.932404091691	-0.287460922885	-0.219063524146	1.064129024590
0.236962056826	0.943896191468	-0.230019484732	-0.003327638312
0.272894839494	0.162561365475	0.948210002601	0.446020466459
0.000000000000	0.000000000000	0.000000000000	1.000000000000
7	46	66
0.966900213138	-0.149595605166	-0.206700587198	0.707072962339
0.153403224355	0.988160702185	0.002424337960	-0.022503420491
0.203890727083	-0.034052629442	0.978401241740	0.436809908281
0.000000000000	0.000000000000	0.000000000000	1.000000000000
7	47	66
0.973531908507	-0.195141167960	-0.118977088914	0.329313635997
0.224187972331	0.916583872124	0.331079685913	0.019438772470
0.044445204254	-0.348989870812	0.936071949099	0.250157292690
0.000000000000	0.000000000000	0.000000000000	1.000000000000
7	48	66
0.981638572372	-0.181033842863	-0.060103751705	0.139325003327
0.188131011106	0.866803935314	0.461798289715	0.097448347002
-0.031502950509	-0.464626393419	0.884946257491	-0.055551304188
0.000000000000	0.000000000000	0.000000000000	1.000000000000
7	49	66
0.979036277182	-0.186225133523	-0.082511621032	-0.099222022194
0.203232516139	0.920131534885	0.334745429983	-0.009611700469
0.013583532111	-0.344496963927	0.938689154886	0.114156474461
0.000000000000	0.000000000000	0.000000000000	1.000000000000
8	37	66
0.689779059747	0.350135740653	-0.633726922145	1.740769519746
-0.229010889441	0.935861862429	0.267799527573	-0.202054719055
0.686847043563	-0.039592140227	0.725722812912	0.661673573367
0.000000000000	0.000000000000	0.000000000000	1.000000000000
8	38	66
0.830259944558	0.282187774969	-0.480664627490	1.596815837063
-0.174639776473	0.950650018268	0.256447833370	-0.215152104269
0.529310280399	-0.128975200813	0.838567841405	0.510619835175
0.000000000000	0.000000000000	0.000000000000	1.000000000000
8	39	66
0.996509446494	0.032486416675	-0.076899647460	1.498169596150
-0.017843613385	0.982774137045	0.183947277820	-0.255195731873
0.081550772585	-0.181933032425	0.979923386395	0.606598819939
0.000000000000	0.000000000000	0.000000000000	1.000000000000
8	44	66
0.981731166671	-0.130497110881	0.138471731547	1.383803353574
0.133944964240	0.990862181853	-0.015839290627	0.041195578063
-0.135139420380	0.034097516396	0.990239716652	-0.132926720297
0.000000000000	0.000000000000	0.000000000000	1.000000000000
8	45	66
0.982776329358	-0.110169331441	-0.148369150648	1.426291265692
0.079080173752	0.976359901988	-0.201165772210	-0.158150246194
0.167023988018	0.185967900992	0.968255610481	-0.098435815176
0.000000000000	0.000000000000	0.000000000000	1.000000000000
8	46	66
0.995572656974	-0.024175612590	-0.090832947992	1.087368141015
0.020849258343	0.999083124463	-0.037392764546	0.029830829056
0.091653658473	0.035333414352	0.995163884352	-0.084841596908
0.000000000000	0.000000000000	0.000000000000	1.000000000000
8	47	66
0.992931276624	-0.117208748638	0.018697303161	0.743657082723
0.107305138606	0.953799338257	0.280628632841	0.145695985683
-0.050725606269	-0.276638629956	0.959634295596	-0.207218417625
0.000000000000	0.000000000000	0.000000000000	1.000000000000
8	48	66
0.988377794474	-0.109352988372	0.105599523315	0.494443659004
0.058188302384	0.913896154391	0.401756070839	0.264151724278
-0.140440225206	-0.390942122218	0.909637730209	-0.515669334141
0.000000000000	0.000000000000	0.000000000000	1.000000000000
8	49	66
0.992694761228	-0.102271326334	0.064013177087	0.265408734752
0.078957052454	0.951835028616	0.296269914381	0.126572458994
-0.091229901341	-0.289051300135	0.952956688938	-0.319608494160
0.000000000000	0.000000000000	0.000000000000	1.000000000000
8	50	66
0.996762170683	-0.013664812465	0.079236658159	0.019033298891
0.018423587464	0.998049846535	-0.059641221113	-0.014462626090
-0.078267148414	0.060907936521	0.995070086350	0.039044943793
0.000000000000	0.000000000000	0.000000000000	1.000000000000
8	51	66
0.999032849942	0.025634823876	-0.035724229061	-0.253126001716
-0.026771593625	0.999138374562	-0.031714196399	-0.087548757844
0.034880460318	0.032639918555	0.998858342912	0.251743948581
0.000000000000	0.000000000000	0.000000000000	1.000000000000
9	10	66
0.998505820783	-0.053611188170	0.010581416045	-0.448500450752
0.050063834627	0.975087941301	0.216095162351	-0.070198541097
-0.021902929598	-0.215242531187	0.976314966823	0.534842627015
0.000000000000	0.000000000000	0.000000000000	1.000000000000
9	51	66
0.997856986756	-0.013778482102	-0.063965517381	0.300034504693
0.023005015424	0.989041856889	0.145832008098	0.037833901753
0.061255230374	-0.146991015887	0.987239301284	-0.076650618229
0.000000000000	0.000000000000	0.000000000000	1.000000000000
9	52	66
0.988768126682	-0.118157765021	0.091522315441	-0.284234849319
0.101852694365	0.980861031188	0.165944768365	-0.026808460033
-0.109378335647	-0.154759103327	0.981878811070	0.244090709809
0.000000000000	0.000000000000	0.000000000000	1.000000000000
9	53	66
0.983140055219	-0.105776839494	0.149153920671	-0.533844852827
0.086549127679	0.987730175831	0.129993646963	-0.016899120283
-0.161074145420	-0.114892819529	0.980231992794	0.566601069652
0.000000000000	0.000000000000	0.000000000000	1.000000000000
10	11	66
0.983269636746	-0.020564773405	-0.180991468163	0.143617934476
0.005433132148	0.996475687091	-0.083705950281	-0.090159486702
0.182074991496	0.081322168762	0.979916018003	0.402283455362
0.000000000000	0.000000000000	0.000000000000	1.000000000000
10	51	66
0.998400868314	0.030702873546	-0.047466195409	0.689739690505
-0.035008396001	0.995077345766	-0.092711855515	0.298096387398
0.044386015366	0.094225312415	0.994560944407	-0.588918899385
0.000000000000	0.000000000000	0.000000000000	1.000000000000
10	52	66
0.994301368410	-0.067240907104	0.082725142432	0.164636314009
0.072576021671	0.995354093965	-0.063268860467	0.133124021474
-0.078086553624	0.068912176270	0.994562015213	-0.292657994455
0.000000000000	0.000000000000	0.000000000000	1.000000000000
10	53	66
0.986150170990	-0.046165937838	0.159300177151	-0.142285604185
0.060148090100	0.994640661797	-0.084096142343	0.035526313718
-0.154564056346	0.092513026559	0.983641851693	0.042829407533
0.000000000000	0.000000000000	0.000000000000	1.000000000000
10	54	66
0.999161990082	0.004939917292	-0.040631450776	-0.122008961986
-0.013470464609	0.977077248562	-0.212458459295	-0.190371594664
0.038650538912	0.212827741519	0.976324991118	0.353905599534
0.000000000000	0.000000000000	0.000000000000	1.000000000000
11	12	66
0.944477846879	0.060225190436	-0.323008549718	0.100752150648
-0.131970203071	0.969811647446	-0.205059098749	-0.158533304230
0.300907730468	0.236301279969	0.923913547270	0.179121265718
0.000000000000	0.000000000000	0.000000000000	1.000000000000
11	52	66
0.960174636399	-0.055111700180	0.273911241318	-0.128610262827
0.059259068153	0.998218902843	-0.006883665384	0.241521555141
-0.273044008282	0.022841245825	0.961730340080	-0.708948976827
0.000000000000	0.000000000000	0.000000000000	1.000000000000
11	53	66
0.942079225284	-0.024631583352	0.334484705763	-0.333197350256
0.023506735372	0.999696208486	0.007411081569	0.056520244564
-0.334565638822	0.000880817481	0.942372037722	-0.313754629158
0.000000000000	0.000000000000	0.000000000000	1.000000000000
11	54	66
0.989227362105	0.061697648881	0.132750239866	-0.263577726735
-0.044276320151	0.990472489072	-0.130398833837	-0.090221143877
-0.139530761970	0.123116402298	0.982534232457	0.005274458243
0.000000000000	0.000000000000	0.000000000000	1.000000000000
11	55	66
0.994206949884	0.033856844359	-0.102011052795	-0.176127481118
-0.040852443653	0.996896967378	-0.067286806135	-0.093847685927
0.099416390248	0.071064411081	0.992505028112	-0.027200552994
0.000000000000	0.000000000000	0.000000000000	1.000000000000
12	52	66
0.800427862858	-0.214285940495	0.559818517080	-0.534381822374
0.075651237974	0.962564385444	0.260281951100	0.114501695126
-0.594636129539	-0.165985962002	0.786674350583	-0.780199253382
0.000000000000	0.000000000000	0.000000000000	1.000000000000
12	54	66
0.899881926787	-0.069883795161	0.430498284567	-0.372517491926
0.023673799623	0.993450587061	0.111783193185	0.013149420870
-0.435490607307	-0.090400145139	0.895642643417	-0.078501768454
0.000000000000	0.000000000000	0.000000000000	1.000000000000
12	55	66
0.975914941137	-0.069793736698	0.206685417925	-0.311110386626
0.034409127957	0.984828158919	0.170086769955	-0.013108498008
-0.215420610848	-0.158878355097	0.963510056358	-0.096926757129
0.000000000000	0.000000000000	0.000000000000	1.000000000000
12	56	66
0.960731915832	0.064244531550	-0.269938559802	-0.251871643761
0.057052839834	0.906306000736	0.418753395803	0.067455521411
0.271549552327	-0.417710513628	0.867051767449	-0.062205290398
0.000000000000	0.000000000000	0.000000000000	1.000000000000
13	14	66
0.959411333837	0.011882409630	-0.281760005760	0.253022026165
-0.045406212566	0.992585170460	-0.112751741641	-0.044490343200
0.278331040965	0.120968953554	0.952836997556	0.109560006694
0.000000000000	0.000000000000	0.000000000000	1.000000000000
13	15	66
0.800735525494	0.245916539044	-0.546212114508	0.349521013350
-0.139578215377	0.963343823961	0.229099538690	-0.082477854305
0.582529432736	-0.107208827343	0.805708214763	0.274198995385
0.000000000000	0.000000000000	0.000000000000	1.000000000000
13	54	66
-0.639685426525	0.035015319192	-0.767838838894	1.754977157746
0.228044536347	-0.945337620842	-0.233093269020	1.563613669816
-0.734028776367	-0.324207819218	0.596733646968	0.324473438179
0.000000000000	0.000000000000	0.000000000000	1.000000000000
13	55	66
0.746820349906	-0.113812210961	0.655214579816	-0.538986572759
0.139373162288	0.990152842982	0.013132751753	-0.072706463678
-0.650257246481	0.081511521706	0.755328660404	0.019742464163
0.000000000000	0.000000000000	0.000000000000	1.000000000000
13	56	66
0.966030549561	-0.115988954653	0.230936224343	-0.532966939789
0.069404477393	0.977233339408	0.200494435999	0.082572256055
-0.248933717751	-0.177655742230	0.952087412699	0.035936176075
0.000000000000	0.000000000000	0.000000000000	1.000000000000
13	57	66
0.973048347571	0.071429607607	-0.219259491120	-0.358000976788
-0.020394486284	0.973747422903	0.226715727991	0.016151330790
0.229697579914	-0.216133679805	0.948960090960	0.240119267362
0.000000000000	0.000000000000	0.000000000000	1.000000000000
14	15	66
0.918707699185	0.126074542522	-0.374274462374	0.255068587773
-0.021955174729	0.962516717548	0.270332274697	0.035544713666
0.394327444848	-0.240139080884	0.887039507616	0.135058972775
0.000000000000	0.000000000000	0.000000000000	1.000000000000
14	18	66
0.396396438875	0.270745924770	-0.877249398670	0.737536660856
-0.086200102854	0.962281421060	0.258038774121	-0.003107133775
0.914023744503	-0.026666662759	0.404783255067	0.518716708450
0.000000000000	0.000000000000	0.000000000000	1.000000000000
14	56	66
0.853658041541	-0.221511142622	0.471381758034	-0.758202311864
0.071673875356	0.946403553143	0.314933596478	0.107892310456
-0.515878671496	-0.235059839814	0.823781565709	0.141356761743
0.000000000000	0.000000000000	0.000000000000	1.000000000000
14	57	66
0.995773555791	-0.086352165013	0.031278254172	-0.525824700364
0.072580245438	0.948571833755	0.308129168012	0.086888963150
-0.056277291678	-0.304556693910	0.950830209152	0.273988881464
0.000000000000	0.000000000000	0.000000000000	1.000000000000
15	18	66
0.777407800559	0.192546479788	-0.598801273171	0.484066776127
-0.223647872376	0.974399420049	0.022965177749	-0.008087112331
0.587893477436	0.116067322397	0.800568320544	0.062161287625
0.000000000000	0.000000000000	0.000000000000	1.000000000000
15	56	66
0.614800465499	-0.328570544450	0.716981021326	-0.851579359580
0.313072851283	0.936066342321	0.160515396656	-0.050456803809
-0.723882433418	0.125782352078	0.678360540195	0.324299154496
0.000000000000	0.000000000000	0.000000000000	1.000000000000
15	57	66
0.893787018960	-0.209317745900	0.396649525388	-0.700354563055
0.184993063560	0.977729450597	0.099109474172	-0.125283814617
-0.408561294268	-0.015205350609	0.912604222069	0.423819910376
0.000000000000	0.000000000000	0.000000000000	1.000000000000
15	62	66
0.150590112494	0.516321632487	-0.843050763504	0.705466533121
-0.338699767267	0.828110623256	0.446671314619	-1.139196640209
0.928765355551	0.218276813877	0.299583288672	2.433911760541
0.000000000000	0.000000000000	0.000000000000	1.000000000000
16	17	66
0.995983824432	-0.039825794275	-0.080188076295	0.076961662574
0.037244311135	0.998746670735	-0.033435744096	-0.242820995023
0.081419179298	0.030314910615	0.996218813031	-0.145972612578
0.000000000000	0.000000000000	0.000000000000	1.000000000000
16	61	66
0.065966792637	-0.450854059672	0.890156727294	-1.922580030526
-0.012322315263	0.891663771186	0.452530529026	-0.364469651892
-0.997745730542	-0.040820779398	0.053264633235	1.433204548331
0.000000000000	0.000000000000	0.000000000000	1.000000000000
17	18	66
0.929058312097	0.152024601090	-0.337252388260	0.198763222576
-0.018530583991	0.929637687701	0.368008677973	0.023413577015
0.369468902860	-0.335652037488	0.866504725636	0.215102559296
0.000000000000	0.000000000000	0.000000000000	1.000000000000
17	19	66
0.861945455785	0.215519701685	-0.458913161107	-0.176560258943
-0.040672754222	0.931628638135	0.361128519602	0.011895671757
0.505366954120	-0.292607824215	0.811778850976	0.020792682251
0.000000000000	0.000000000000	0.000000000000	1.000000000000
17	64	66
0.152336124504	0.534919006173	-0.831056774237	0.695864432351
0.102294458958	0.827820886506	0.551587185792	0.020983758089
0.983020624828	-0.169039157293	0.071387775311	2.393134449395
0.000000000000	0.000000000000	0.000000000000	1.000000000000
18	19	66
0.980749170572	0.052301267472	-0.188137295195	-0.265416602081
-0.052815878637	0.998601663998	0.002280268567	-0.028067156417
0.187993476978	0.007700265044	0.982140091093	-0.060611558307
0.000000000000	0.000000000000	0.000000000000	1.000000000000
18	20	66
0.928112598399	0.095949103645	-0.359723191083	-0.408133836877
-0.065041777389	0.993148061879	0.097090135339	-0.065862828949
0.366574101496	-0.066713542072	0.927993928545	-0.182316092181
0.000000000000	0.000000000000	0.000000000000	1.000000000000
18	62	66
0.715825791110	0.311658016286	-0.624870160646	1.910126341563
-0.196536108219	0.948618280036	0.247985719242	-0.676361571373
0.670049994364	-0.054705024145	0.740297484384	1.773448011890
0.000000000000	0.000000000000	0.000000000000	1.000000000000
18	63	66
0.515926629724	0.360115054645	-0.777262413963	1.977317337122
-0.234937956729	0.932038117831	0.275878783886	-0.588836958644
0.823786300705	0.040275232196	0.565467980032	1.847855075639
0.000000000000	0.000000000000	0.000000000000	1.000000000000
18	64	66
0.501969422806	0.339778677988	-0.795347187430	1.346370994428
-0.236142157894	0.938501036085	0.251898166988	-0.478678254155
0.832023785617	0.061369823626	0.551334893613	1.710145303805
0.000000000000	0.000000000000	0.000000000000	1.000000000000
19	20	66
0.989470785662	0.034341432508	-0.140599538883	-0.283676418487
-0.025608144425	0.997655790881	0.063459797207	0.028095366555
0.142449244505	-0.059191122103	0.988030679587	-0.078726032331
0.000000000000	0.000000000000	0.000000000000	1.000000000000
19	21	66
0.992887534233	0.021523930251	-0.117094256010	-0.622028144017
-0.005529803963	0.990797945032	0.135236287245	0.097758023240
0.118927564644	-0.133626915500	0.983869951681	-0.301955789596
0.000000000000	0.000000000000	0.000000000000	1.000000000000
19	64	66
0.663172669403	0.303044339112	-0.684372807093	1.935372583152
-0.143292380013	0.948859162211	0.281306921562	-0.446741086400
0.734621878511	-0.088489653750	0.672681408092	1.466623280983
0.000000000000	0.000000000000	0.000000000000	1.000000000000
19	65	66
0.749680223946	0.224160412688	-0.622681034886	1.146507879098
-0.158158497734	0.974310352765	0.160328494314	-0.366356672062
0.642623880211	-0.021712804477	0.765874077577	1.495669717883
0.000000000000	0.000000000000	0.000000000000	1.000000000000
20	21	66
0.997961857878	-0.049694651955	0.040032134432	-0.415886219067
0.046804006464	0.996436600978	0.070167550980	0.061118496271
-0.043376435988	-0.068150875260	0.996731630381	-0.161648012009
0.000000000000	0.000000000000	0.000000000000	1.000000000000
20	22	66
0.992893634663	-0.048066212992	0.108866291451	-1.070808255502
0.051680831275	0.998193931291	-0.030626250368	0.057452828055
-0.107197583575	0.036034909484	0.993584502382	-0.046075588358
0.000000000000	0.000000000000	0.000000000000	1.000000000000
20	23	66
0.998414555184	-0.036568474666	0.042791619005	-1.329311199703
0.047395236278	0.956267616925	-0.288627677810	-0.052583332585
-0.030365565606	0.290198193448	0.956484678887	0.007676630130
0.000000000000	0.000000000000	0.000000000000	1.000000000000
20	34	66
0.429720689947	-0.382048497952	0.818155898252	-2.226191301610
0.284738922477	0.917185325076	0.278737915419	-0.247064646737
-0.856891985409	0.113181379558	0.502917588342	1.012763183626
0.000000000000	0.000000000000	0.000000000000	1.000000000000
20	64	66
0.740196099540	0.279595112889	-0.611503317305	2.491172310256
-0.204830347691	0.959982722348	0.190991364876	-0.452019522456
0.640432871495	-0.016116626229	0.767845030894	1.199734576088
0.000000000000	0.000000000000	0.000000000000	1.000000000000
20	65	66
0.839397144510	0.125074216716	-0.528931823679	1.710470802637
-0.088850156414	0.991647900839	0.093488450985	-0.410099201582
