0	1	60
0.825191637001	-0.077591018404	0.559498343238	-0.042274403986
0.026920828566	0.994797256845	0.098253176859	-0.026308670497
-0.564210981117	-0.066015540871	0.822987191365	0.104609864477
0.000000000000	0.000000000000	0.000000000000	1.000000000000
0	51	60
-0.323268590039	0.370151252517	-0.870910712389	1.486781637245
-0.107123551262	0.900095617279	0.422317918778	-0.450089414493
0.940224421859	0.229817166495	-0.251320724424	2.156887094082
0.000000000000	0.000000000000	0.000000000000	1.000000000000
0	52	60
0.204575375979	0.409597929394	-0.889032311999	1.000400884837
-0.109982382779	0.912107991470	0.394921368597	-0.376606552475
0.972652451301	0.016986704578	0.231643391545	1.800440434192
0.000000000000	0.000000000000	0.000000000000	1.000000000000
0	53	60
0.578828956151	0.446213296247	-0.682532588067	0.540770058501
-0.110059862038	0.872092757303	0.476802946118	-0.220247600383
0.807987540924	-0.200867909113	0.553902714202	1.698413718092
0.000000000000	0.000000000000	0.000000000000	1.000000000000
0	54	60
0.721031052318	0.415463271078	-0.554530875586	0.411507989566
-0.130751961760	0.867504535499	0.479937293179	-0.297692937606
0.680454367381	-0.273543691708	0.679820345855	1.568651133036
0.000000000000	0.000000000000	0.000000000000	1.000000000000
0	55	60
0.785492141118	0.202131800012	-0.584931476043	0.404666404431
-0.164289950827	0.979351854404	0.117808137805	-0.366776450477
0.596666496713	0.003560997031	0.802481408508	1.417552588806
0.000000000000	0.000000000000	0.000000000000	1.000000000000
0	56	60
0.702092190109	0.017731355545	-0.711865265074	0.591619331404
-0.112554374050	0.989886213469	-0.086352749037	-0.505876038437
0.703134460448	0.140751140012	0.696987121198	1.487196218684
0.000000000000	0.000000000000	0.000000000000	1.000000000000
0	57	60
0.684592637982	0.003706061838	-0.728916445916	0.584848169766
-0.081926944741	0.994042074619	-0.071891095499	-0.411227281089
0.724307183277	0.108934012100	0.680817512452	0.938449425470
0.000000000000	0.000000000000	0.000000000000	1.000000000000
0	58	60
0.903961832142	0.051871734894	-0.424455332338	0.341414227679
-0.094980013605	0.992176091055	-0.081027164301	-0.379538434147
0.416931412881	0.113560237135	0.901816095163	0.625441367877
0.000000000000	0.000000000000	0.000000000000	1.000000000000
0	59	60
0.521575144660	0.236992757834	-0.819630283242	0.566704846575
-0.163521608176	0.970606470270	0.176589250887	-0.274825325556
0.837388829716	0.041922697948	0.544997647026	1.000179716102
0.000000000000	0.000000000000	0.000000000000	1.000000000000
1	3	60
0.465241560882	-0.181477765343	0.866381042449	-0.613741082399
0.136063721510	0.981787940067	0.132586215074	-0.043685693501
-0.874663909006	0.056198411229	0.481461093816	0.702542964225
0.000000000000	0.000000000000	0.000000000000	1.000000000000
1	4	60
0.189093085601	-0.325255037733	0.926527368947	-1.093364771762
0.129058754614	0.943596848720	0.304907895837	-0.154397335925
-0.973441134756	0.061920493504	0.220404649790	0.820350634514
0.000000000000	0.000000000000	0.000000000000	1.000000000000
1	5	60
0.252944572922	-0.268377948000	0.929511871929	-0.992743700040
0.113488990379	0.962352707824	0.246976749527	-0.237678805144
-0.960801380147	0.043017935460	0.273879837040	1.027504168874
0.000000000000	0.000000000000	0.000000000000	1.000000000000
1	6	60
0.246515210820	0.032073329841	0.968608048876	-0.931133152258
0.130302593143	0.989280408773	-0.065920459931	-0.165863923692
-0.960339255188	0.142462536585	0.239693430479	1.230093869879
0.000000000000	0.000000000000	0.000000000000	1.000000000000
1	7	60
0.491814607278	-0.174382387739	0.853058717155	-0.778122966020
0.169995544687	0.980115535866	0.102347697291	-0.156678651065
-0.853943737523	0.094680088723	0.511679366347	0.978054282469
0.000000000000	0.000000000000	0.000000000000	1.000000000000
1	8	60
0.807093404593	-0.165697331660	0.566696241864	-0.265843659037
0.092534438687	0.983450448881	0.155764541065	-0.211909088986
-0.583127442262	-0.073277615116	0.809069080613	1.485193106183
0.000000000000	0.000000000000	0.000000000000	1.000000000000
1	37	60
-0.956141876539	0.188070623539	-0.224548775305	1.312374805994
-0.025802527158	0.709566739261	0.704165656736	-0.760955273651
0.291765216435	0.679076198299	-0.673593776235	3.576904266019
0.000000000000	0.000000000000	0.000000000000	1.000000000000
1	38	60
-0.594056829684	-0.408861981952	0.692768621417	-0.218619326283
0.266650637386	0.712421737867	0.649116865439	-0.867680579473
-0.758942633331	0.570339501639	-0.314195690905	3.132960202542
0.000000000000	0.000000000000	0.000000000000	1.000000000000
1	46	60
-0.853566189206	-0.101595346391	0.510982530265	-0.188513502297
0.088706194212	0.938139308109	0.334702628745	-0.828184108425
-0.513377026904	0.331018162903	-0.791751857639	3.516639823246
0.000000000000	0.000000000000	0.000000000000	1.000000000000
2	3	60
0.841972496877	-0.136488183656	0.521970583678	-0.549807909873
0.129785652461	0.990300851496	0.049597459018	-0.011106102148
-0.523677380568	0.025984596360	0.851520288563	0.123849526122
0.000000000000	0.000000000000	0.000000000000	1.000000000000
2	4	60
0.642242792154	-0.207078523194	0.737999106475	-1.105283077659
0.124420382588	0.978210532580	0.166203857795	0.014802608313
-0.756335748410	-0.014921098520	0.654013452841	0.048055210018
0.000000000000	0.000000000000	0.000000000000	1.000000000000
2	6	60
0.701348853698	0.017426230492	0.712605158491	-1.087635390539
0.124798645676	0.981258489761	-0.146823275773	-0.177089557367
-0.701808437862	0.191906494841	0.686029747011	0.459726304297
0.000000000000	0.000000000000	0.000000000000	1.000000000000
2	9	60
0.981289345418	0.022975983930	0.191163084125	1.186466835429
-0.062653589379	0.976922093872	0.204200269937	-0.199371787366
-0.182059738294	-0.212356602598	0.960082769883	0.161459845028
0.000000000000	0.000000000000	0.000000000000	1.000000000000
2	36	60
-0.907189426173	0.089955678734	-0.410993091065	0.136731361699
-0.165738101512	0.821470859390	0.545634042999	-1.254106751940
0.386701728399	0.563110649017	-0.730320594134	4.501904353693
0.000000000000	0.000000000000	0.000000000000	1.000000000000
2	37	60
0.808185592339	-0.347983082902	0.475125059694	-1.931787789904
0.218327511892	0.926309185483	0.307057633744	-0.563452607391
-0.546963569067	-0.144426683489	0.824604018430	2.021261411152
0.000000000000	0.000000000000	0.000000000000	1.000000000000
2	38	60
-0.092149599084	-0.486798137820	0.868640330864	-1.629526017261
0.390196005923	0.784930911291	0.481280107070	-0.746670503074
-0.916108906381	0.383289756600	0.117615620284	2.325100453604
0.000000000000	0.000000000000	0.000000000000	1.000000000000
2	39	60
-0.457197563609	-0.273463880906	0.846278851012	-1.518494916321
0.253142464639	0.872180690815	0.418592564634	-0.839009721498
-0.852578020141	0.405608614812	-0.329533566065	2.519585832235
0.000000000000	0.000000000000	0.000000000000	1.000000000000
2	40	60
-0.499756987281	-0.383845028533	0.776470184704	-1.153935421038
0.234700026242	0.802898449967	0.547968955985	-0.797713464019
-0.833761867289	0.456088887293	-0.311165672179	2.578715273735
0.000000000000	0.000000000000	0.000000000000	1.000000000000
2	41	60
-0.619805910219	-0.417845932828	0.664263057890	-0.964672276931
0.144037682256	0.771505732942	0.619703195189	-0.875779826058
-0.771423217014	0.479774614226	-0.417998253340	2.423362420372
0.000000000000	0.000000000000	0.000000000000	1.000000000000
2	45	60
-0.642315261785	-0.044150523459	0.765167848094	-1.262188097513
0.174623526549	0.963652385315	0.202189772870	-0.967852940231
-0.746282606292	0.263485884927	-0.611258914037	2.492980178824
0.000000000000	0.000000000000	0.000000000000	1.000000000000
2	46	60
-0.465498366731	-0.230400656313	0.854533093649	-1.639386051549
0.225251505595	0.902885642552	0.366141059841	-1.044473428759
-0.855904801831	0.362922931274	-0.368393697228	2.637487235467
0.000000000000	0.000000000000	0.000000000000	1.000000000000
2	47	60
-0.622381142512	-0.408702896578	0.667535508998	-1.013281222345
0.164109885198	0.765751992641	0.621845504403	-0.863628492249
-0.765316705048	0.496574091243	-0.409517414624	2.409246291353
0.000000000000	0.000000000000	0.000000000000	1.000000000000
2	49	60
-0.735061449648	-0.461128807343	0.497036103598	-0.551755487746
0.280777212121	0.460237145566	0.842226766967	-0.751640659159
-0.617129502127	0.758644839750	-0.208828122447	1.864690087826
0.000000000000	0.000000000000	0.000000000000	1.000000000000
3	8	60
0.855229018057	0.202438466960	-0.477076507248	-0.428783407623
-0.176154786700	0.979294148103	0.099762029919	-0.154040328284
0.487393904144	-0.001280072513	0.873181277638	0.668101710849
0.000000000000	0.000000000000	0.000000000000	1.000000000000
3	45	60
-0.173796186990	-0.003111743515	0.984776727203	-2.041121478121
0.232055834863	0.971705690750	0.044024312265	-0.742963791318
-0.957050142309	0.236174443191	-0.168156645690	1.774310718613
0.000000000000	0.000000000000	0.000000000000	1.000000000000
3	48	60
-0.306072872240	-0.691447754201	0.654384749280	-1.148979604610
0.092456407150	0.662534481855	0.743303352024	-0.654652288542
-0.947507894244	0.288007054712	-0.138855056734	1.529380078763
0.000000000000	0.000000000000	0.000000000000	1.000000000000
3	49	60
-0.269150369706	-0.698573607265	0.662987928789	-1.044570414953
0.335132881779	0.577435971960	0.744482135337	-0.656176420903
-0.902908649885	0.422566697126	0.078697880803	1.468405623902
0.000000000000	0.000000000000	0.000000000000	1.000000000000
4	8	60
0.741420583694	0.223741848440	-0.632641370234	-0.515048334103
-0.251138470824	0.966780363131	0.047594095602	-0.337106456341
0.622274044571	0.123593344158	0.772981046813	0.864897818670
0.000000000000	0.000000000000	0.000000000000	1.000000000000
4	30	60
0.815067043766	-0.249905347736	0.522697839425	-1.688644080203
0.353281191286	0.929433152166	-0.106519554725	-0.434633266289
-0.459192894163	0.271479893968	0.845837190670	-0.268330582765
0.000000000000	0.000000000000	0.000000000000	1.000000000000
4	41	60
0.132997419773	-0.555429200977	0.820859360083	-1.851907221036
0.306571034389	0.810654205862	0.498852642964	-0.979073073126
-0.942510417559	0.185305588747	0.278093422381	1.597958715984
0.000000000000	0.000000000000	0.000000000000	1.000000000000
4	45	60
0.100454853342	-0.064878571615	0.992824049560	-2.222588313785
0.342836071133	0.939016469940	0.026673910708	-0.914058665467
-0.934008699515	0.337696372689	0.116571476367	1.500197032195
0.000000000000	0.000000000000	0.000000000000	1.000000000000
4	47	60
0.176375833455	-0.531237567331	0.828660492861	-1.890360969634
0.298959124439	0.831001062583	0.469106252251	-0.903754092962
-0.937824614354	0.164996609183	0.305386823014	1.514320254409
0.000000000000	0.000000000000	0.000000000000	1.000000000000
4	48	60
-0.066150673346	-0.734990871740	0.674842579329	-1.331548968414
0.225999529053	0.647711359917	0.727594809700	-0.855164952915
-0.971878748242	0.200644991697	0.123261048279	1.553619769045
0.000000000000	0.000000000000	0.000000000000	1.000000000000
4	49	60
-0.021418749227	-0.807011458906	0.590147220934	-1.150397962358
0.412953729866	0.530434476517	0.740343489950	-0.920145509611
-0.910500112121	0.259560727607	0.321897148966	1.519283052147
0.000000000000	0.000000000000	0.000000000000	1.000000000000
5	8	60
0.708055688522	0.187932666535	-0.680689690535	-0.095204364482
-0.207491037648	0.976754139856	0.053840686935	-0.159094245979
0.674984897051	0.103114805546	0.730590669000	0.852778062656
0.000000000000	0.000000000000	0.000000000000	1.000000000000
5	37	60
0.971053560202	-0.008549435572	-0.238708798267	-1.878153311224
0.076684406679	0.957616718516	0.277650359608	-0.364322480676
0.226217782217	-0.287918612753	0.930552732218	0.532008876375
0.000000000000	0.000000000000	0.000000000000	1.000000000000
5	41	60
0.075804489170	-0.557748559293	0.826541120592	-1.570101191439
0.237684968262	0.815139101092	0.528255716233	-0.832471485808
-0.968379850722	0.156412245295	0.194359651774	1.596374807231
0.000000000000	0.000000000000	0.000000000000	1.000000000000
5	45	60
0.012195971684	-0.048082475969	0.998768909097	-1.999388518740
0.269740948614	0.961971591461	0.043017181019	-0.754562655161
-0.962855689559	0.268884236664	0.024701990970	1.564856896682
0.000000000000	0.000000000000	0.000000000000	1.000000000000
5	47	60
0.098468270489	-0.539622710985	0.836128775665	-1.628089744924
0.236050505142	0.828897945009	0.507157131255	-0.770420398804
-0.966738929975	0.147429734278	0.208998360571	1.554174359552
0.000000000000	0.000000000000	0.000000000000	1.000000000000
5	48	60
-0.111838639634	-0.743171726394	0.659687732017	-1.044630889829
0.194665900444	0.634605628614	0.747917698237	-0.703397778105
-0.974472834865	0.212064804294	0.073696763095	1.469837108248
0.000000000000	0.000000000000	0.000000000000	1.000000000000
5	49	60
-0.061495759237	-0.805143737956	0.589882897554	-0.876861804441
0.380006784770	0.527604893375	0.759755171101	-0.744851408693
-0.922937221660	0.270881224371	0.273514619643	1.440677263796
0.000000000000	0.000000000000	0.000000000000	1.000000000000
6	8	60
0.778789092306	0.147990894889	-0.609578743670	-0.087405370351
0.021359917106	0.964951926242	0.261555986326	0.060858646460
0.626922087381	-0.216717500612	0.748332961510	0.693921894827
0.000000000000	0.000000000000	0.000000000000	1.000000000000
6	40	60
0.233096140536	-0.473964421419	0.849131271652	-1.710921066522
0.020731086481	0.875407779895	0.482940411390	-0.182383626569
-0.972232694020	-0.094968132177	0.213879972298	1.545136774799
0.000000000000	0.000000000000	0.000000000000	1.000000000000
6	41	60
-0.029717646230	-0.538292860351	0.842233731216	-1.517189233172
0.014124600997	0.842295603888	0.538830781710	-0.290459071303
-0.999458531981	0.027908997948	-0.017427870906	1.787887885494
0.000000000000	0.000000000000	0.000000000000	1.000000000000
6	45	60
-0.159359314589	-0.046483731346	0.986125687513	-1.948134250560
0.009019998704	0.998780612468	0.048537900473	-0.307253748700
-0.987179440870	0.016629818974	-0.158745710632	1.952718917003
0.000000000000	0.000000000000	0.000000000000	1.000000000000
6	47	60
0.030571684189	-0.486700828602	0.873033605060	-1.579692167205
-0.022236163645	0.872894540667	0.487401963373	-0.194711061169
-0.999285207112	-0.034313617007	0.015863496956	1.669116683950
0.000000000000	0.000000000000	0.000000000000	1.000000000000
7	8	60
0.872009882636	0.190882300126	-0.450735745292	-0.055785485082
-0.145538223790	0.980293157996	0.133581247946	-0.096619464073
0.467351463036	-0.050884888575	0.882605992566	0.705432734135
0.000000000000	0.000000000000	0.000000000000	1.000000000000
7	37	60
0.994238600346	-0.106985545254	-0.006610498376	-1.802113228715
0.101739606074	0.922476539323	0.372405809506	-0.341835874809
-0.033744008921	-0.370932780305	0.928046450539	0.889713877852
0.000000000000	0.000000000000	0.000000000000	1.000000000000
7	40	60
0.071188506476	-0.481572112535	0.873510444685	-1.459270739847
0.212502865499	0.862950085412	0.458431763997	-0.551787251585
-0.974563865891	0.152988399939	0.163767581602	1.723608322908
0.000000000000	0.000000000000	0.000000000000	1.000000000000
7	41	60
-0.138288022790	-0.510281385363	0.848816429215	-1.240533463661
0.169473909077	0.832217668753	0.527913199264	-0.645263054898
-0.975784308592	0.216856310878	-0.028606354836	1.814708117175
0.000000000000	0.000000000000	0.000000000000	1.000000000000
7	45	60
-0.126346915443	0.000354439780	0.991986054000	-1.617733820821
0.165458821084	0.985998978510	0.020721797785	-0.579581647063
-0.978089891310	0.166750978259	-0.124636574753	1.703553785503
0.000000000000	0.000000000000	0.000000000000	1.000000000000
7	47	60
-0.059701227493	-0.493728703720	0.867564251545	-1.279453130278
0.178540573014	0.849818161651	0.495915674199	-0.562453190451
-0.982119660339	0.184502193080	0.037415418279	1.652281539876
0.000000000000	0.000000000000	0.000000000000	1.000000000000
7	49	60
-0.242361555192	-0.765059788342	0.596610758223	-0.525387252269
0.320481079314	0.517292927782	0.793536328512	-0.622057681856
-0.915725261400	0.383525158405	0.119815268240	1.448610946411
0.000000000000	0.000000000000	0.000000000000	1.000000000000
8	10	60
-0.160499819650	-0.183283782358	0.969869508242	-1.932409260723
-0.268212669575	-0.937535929964	-0.221558894892	1.498710291339
0.949895663624	-0.295691452617	0.101315315118	2.061934786130
0.000000000000	0.000000000000	0.000000000000	1.000000000000
8	32	60
0.265985949336	-0.937785430265	-0.223181454289	-0.090979464937
-0.938534523321	-0.304770139276	0.162074398780	-1.393988232827
-0.220010052702	0.166353986993	-0.961208576596	4.716257821094
0.000000000000	0.000000000000	0.000000000000	1.000000000000
8	33	60
-0.925953510108	0.021016414751	0.377052260874	-0.322152071768
0.316588497430	-0.501102549971	0.805399253605	-1.602664689369
0.205868454150	0.865132674637	0.457344109902	0.014768957775
0.000000000000	0.000000000000	0.000000000000	1.000000000000
8	39	60
-0.371904545581	-0.424466866406	0.825539150071	-0.813596524276
0.277444971760	0.797850316800	0.535218796034	-0.882682259976
-0.885839317608	0.428091989304	-0.178957961748	1.356388488517
0.000000000000	0.000000000000	0.000000000000	1.000000000000
8	40	60
-0.396516123705	-0.547232682800	0.737096570686	-0.520133702745
0.204855022935	0.729924205319	0.652108176660	-0.839662843465
-0.894879535591	0.409569341339	-0.177323352706	1.466011287302
0.000000000000	0.000000000000	0.000000000000	1.000000000000
8	46	60
-0.478283557074	-0.246997396889	0.842755673349	-1.061983633547
0.277413046874	0.868005242999	0.411836010507	-0.952942569207
-0.833238765575	0.430765811150	-0.346632334740	1.666853161337
0.000000000000	0.000000000000	0.000000000000	1.000000000000
9	12	60
0.912414589695	0.078578329410	0.401652913171	-2.184586060319
-0.068653571139	-0.938102737424	0.339484817345	-1.475738596835
0.403467847148	-0.337325807173	-0.850543941330	3.608031703363
0.000000000000	0.000000000000	0.000000000000	1.000000000000
9	32	60
0.633665525668	-0.061920407109	0.771125064282	-2.084504658246
0.282331619573	0.946548366362	-0.155996944604	-0.306579669938
-0.720247775539	0.316562874197	0.617277156965	-0.389425112855
0.000000000000	0.000000000000	0.000000000000	1.000000000000
9	33	60
-0.239090434857	-0.591995315433	-0.769660516374	2.041051567206
-0.775006824549	-0.361187284036	0.518563561922	-1.025476722777
-0.584978790951	0.720475740297	-0.372443984757	3.199936970696
0.000000000000	0.000000000000	0.000000000000	1.000000000000
10	32	60
0.172904948947	-0.099527233861	0.979897039668	-2.298698721521
0.299027231264	0.953227111136	0.044054393176	-0.471641709916
-0.938449036225	0.285398676092	0.194579038163	0.343005144325
0.000000000000	0.000000000000	0.000000000000	1.000000000000
10	33	60
0.621650361104	-0.231924422242	0.748172367110	-2.142026341018
0.382595308391	0.923373396459	-0.031660712387	-0.440763554370
-0.683499567327	0.305929130812	0.662748601194	0.327344408407
0.000000000000	0.000000000000	0.000000000000	1.000000000000
10	35	60
0.443070896776	-0.480902586191	0.756585013746	-1.807335434348
0.304003333005	0.874536979481	0.377845266005	-0.533546933888
-0.843368338244	0.062592125030	0.533677872815	0.646595105475
0.000000000000	0.000000000000	0.000000000000	1.000000000000
10	36	60
-0.000673259933	-0.465628686776	0.884979927892	-1.337177484604
0.318472581803	0.838801188359	0.441574207860	-0.674861979447
-0.947931833710	0.282139136702	0.147725238807	1.006398614432
0.000000000000	0.000000000000	0.000000000000	1.000000000000
11	32	60
0.052584899084	-0.188194696866	-0.980722990686	3.135887946253
-0.857755148699	0.494382852494	-0.140860569505	0.133542053228
0.511361841820	0.848627333540	-0.135427897787	1.778329065744
0.000000000000	0.000000000000	0.000000000000	1.000000000000
11	33	60
-0.393251302685	-0.068812807061	-0.916852338450	3.028219758987
-0.865402771457	0.364501261710	0.343826807226	0.150604240272
0.310534146419	0.928656894551	-0.202891389940	1.586550339495
0.000000000000	0.000000000000	0.000000000000	1.000000000000
11	35	60
-0.218922230240	0.262298157270	-0.939825906112	2.631633275457
-0.895787804897	0.327825579160	0.300157622337	0.152695997413
0.386829763211	0.907595761526	0.163195183610	1.391407247369
0.000000000000	0.000000000000	0.000000000000	1.000000000000
11	36	60
-0.020776188114	-0.418539275977	0.907961025855	-1.378024836870
-0.142943659759	0.900070504935	0.411631141047	-0.219227487852
-0.989512738747	-0.121235145935	-0.078527569987	1.317599360607
0.000000000000	0.000000000000	0.000000000000	1.000000000000
12	13	60
0.757433471846	0.038422051475	-0.651780854036	0.015117730289
-0.000702544336	0.998314386163	0.058033549012	-0.061152633550
0.652911971218	-0.043498647565	0.756183724700	0.627282061214
0.000000000000	0.000000000000	0.000000000000	1.000000000000
12	14	60
-0.351554556572	0.654824392526	-0.669039915631	-0.857852729671
0.081900557248	-0.690405486466	-0.718771565228	0.487817580896
-0.932577981981	-0.307482160801	0.189084712002	1.044560671134
0.000000000000	0.000000000000	0.000000000000	1.000000000000
12	32	60
-0.065181542547	-0.160289081730	0.984915619121	-2.150546924597
0.030456589129	0.986235178135	0.162519443722	-0.424181047326
-0.997408523470	0.040590438374	-0.059402471520	0.939957413325
0.000000000000	0.000000000000	0.000000000000	1.000000000000
12	33	60
-0.434035715754	0.117543176227	-0.893194603193	2.353372356192
-0.374596493166	-0.925226900637	0.060271466270	0.221141988047
-0.819323174796	0.360747535072	0.445612781663	1.242094773753
0.000000000000	0.000000000000	0.000000000000	1.000000000000
12	35	60
-0.029665176423	-0.935765183353	-0.351373731135	1.752192979336
0.964763017140	0.065139956818	-0.254929611430	0.302599909827
0.261442724255	-0.346554912892	0.900859253316	-0.513158941659
0.000000000000	0.000000000000	0.000000000000	1.000000000000
13	17	60
0.998934077423	-0.038219135422	-0.025884486689	-0.477135128108
0.043769630136	0.962370860031	0.268191251238	-0.206131097214
0.014660437966	-0.269038334537	0.963017884625	1.434769382216
0.000000000000	0.000000000000	0.000000000000	1.000000000000
13	18	60
0.995132181085	0.002127606106	-0.098526217131	-0.767256778168
0.016027913747	0.982961554190	0.183111138289	-0.225305845341
0.097237071896	-0.183798956137	0.978142574256	1.748509565682
0.000000000000	0.000000000000	0.000000000000	1.000000000000
13	19	60
0.999598247894	-0.026395847835	0.010324825637	-1.104315483082
0.023042597320	0.968932931437	0.246247869200	-0.337657326918
-0.016503984856	-0.245911027800	0.969151889484	1.969828302593
0.000000000000	0.000000000000	0.000000000000	1.000000000000
13	23	60
-0.498413666468	0.101560210133	0.860969999940	-2.016880770904
-0.603409468516	0.672436330530	-0.428633170308	0.088198298084
-0.622479582303	-0.733154080054	-0.273869064547	2.414691299205
0.000000000000	0.000000000000	0.000000000000	1.000000000000
13	54	60
0.950645230615	-0.152970906156	0.269951009221	-2.019840485656
0.008312297815	0.882267471222	0.470675062999	-0.137833979316
-0.310168585151	-0.445201090625	0.839994903372	0.409476320564
0.000000000000	0.000000000000	0.000000000000	1.000000000000
13	55	60
0.935047478146	-0.102805308097	0.339289378318	-2.036564452379
0.039423893531	0.981248540854	0.188671825377	-0.325023670891
-0.352323672538	-0.163041006189	0.921566959081	0.346964619991
0.000000000000	0.000000000000	0.000000000000	1.000000000000
13	56	60
0.977406139981	-0.015414761161	0.210807074517	-1.812729183807
0.044890927169	0.989723470350	-0.135765448093	-0.185844941783
-0.206547917409	0.142161307592	0.968053779724	0.214279597828
0.000000000000	0.000000000000	0.000000000000	1.000000000000
13	57	60
0.986501501866	-0.048400596966	0.156435830386	-2.206285068635
0.055616447896	0.997565038297	-0.042080935007	-0.385443744301
-0.154018172755	0.050213310794	0.986791277769	-0.101902432542
0.000000000000	0.000000000000	0.000000000000	1.000000000000
13	58	60
0.931892800950	-0.022208053692	0.362053324648	-2.130441571725
0.013971220528	0.999580932340	0.025352804571	-0.508262749973
-0.362464636253	-0.018567769222	0.931812548430	-0.390729662944
0.000000000000	0.000000000000	0.000000000000	1.000000000000
14	17	60
0.918389621604	-0.124938434512	0.375434269229	-0.046712033306
0.048034148732	0.977025905989	0.207636941758	-0.180047232242
-0.392750841483	-0.172657946845	0.903291763444	1.069794122015
0.000000000000	0.000000000000	0.000000000000	1.000000000000
14	18	60
0.945353937208	-0.079754540155	0.316141023484	-0.196028112081
0.021521846792	0.982770629935	0.183572054102	-0.274801107559
-0.325334817558	-0.166736625435	0.930782549376	1.500371220878
0.000000000000	0.000000000000	0.000000000000	1.000000000000
14	19	60
0.895555492210	-0.136367022402	0.423537950572	-0.412082539805
0.081141538401	0.985968703538	0.145882714497	-0.318457036895
-0.437488755420	-0.096279545306	0.894054717585	1.823673560179
0.000000000000	0.000000000000	0.000000000000	1.000000000000
14	23	60
0.699478905482	-0.515551009618	0.494910514404	-0.399917210337
0.157298675697	0.786601075472	0.597089503082	-0.445140691022
-0.697127239039	-0.339802743586	0.631306350389	2.153386385752
0.000000000000	0.000000000000	0.000000000000	1.000000000000
14	24	60
0.963600850559	0.214586306682	-0.159455692236	-0.380705808689
-0.067917925155	0.773362886045	0.630315002147	-0.360472536857
0.258574082701	-0.596542172418	0.759787391500	1.985666150024
0.000000000000	0.000000000000	0.000000000000	1.000000000000
14	25	60
0.783126828571	0.356279375685	-0.509683604634	-0.571676089045
-0.075679807982	0.868119532416	0.490551775148	-0.495685021710
0.617239772727	-0.345591498591	0.706810850982	1.909925789173
0.000000000000	0.000000000000	0.000000000000	1.000000000000
14	54	60
0.732036538132	-0.312541275609	0.605343256244	-1.883617528236
0.028970971746	0.902034805272	0.430690019474	-0.118584275626
-0.680649094347	-0.297743448491	0.669377060591	0.829419995069
0.000000000000	0.000000000000	0.000000000000	1.000000000000
14	55	60
0.686693124397	-0.163734614039	0.708267978290	-1.959231048671
0.092943903092	0.986083098268	0.137846125040	-0.259657137457
-0.720981264517	-0.028828795953	0.692354617765	0.773766317724
0.000000000000	0.000000000000	0.000000000000	1.000000000000
14	56	60
0.756474387713	-0.036534584214	0.653002086437	-1.925944705090
0.107837408592	0.991740593405	-0.069438380599	-0.412876836598
-0.645071774334	0.122946409254	0.754166153052	0.659995585733
0.000000000000	0.000000000000	0.000000000000	1.000000000000
14	57	60
0.827648036178	-0.116373195079	0.549050095782	-2.223020228158
0.198627736295	0.975689322328	-0.092614084620	-0.380350810632
-0.524924518941	0.185708442896	0.830642295848	0.356209847373
0.000000000000	0.000000000000	0.000000000000	1.000000000000
14	58	60
0.338351899036	-0.068072277356	0.938554291170	-2.987580678349
-0.099255529331	0.989234872705	0.107530026141	-0.776260163730
-0.935770448516	-0.129539691524	0.327952947851	1.358390585066
0.000000000000	0.000000000000	0.000000000000	1.000000000000
15	17	60
0.901435643374	-0.224990491170	0.369855457899	-0.027612206087
0.222921910062	0.973606811716	0.048944848504	-0.367526588027
-0.371105918666	0.038328254120	0.927799192750	0.892459007196
0.000000000000	0.000000000000	0.000000000000	1.000000000000
15	18	60
0.933466670473	-0.133085728576	0.333058799562	-0.173106379178
0.144358598811	0.989482564449	-0.009211384257	-0.528393132632
-0.328329971318	0.056678421819	0.942861064226	1.297626449121
0.000000000000	0.000000000000	0.000000000000	1.000000000000
15	19	60
0.876642128855	-0.195081722402	0.439820076283	-0.366887065593
0.208051334208	0.977931870446	0.019076139538	-0.711790128376
-0.433835476017	0.074782206107	0.897883289408	1.608769913609
0.000000000000	0.000000000000	0.000000000000	1.000000000000
15	23	60
0.819587878225	-0.447717286068	0.357526141173	-0.253683497338
0.316313956126	0.873864784606	0.369196180080	-0.787249486299
-0.477725016119	-0.189498205747	0.857828210653	1.829007565453
0.000000000000	0.000000000000	0.000000000000	1.000000000000
15	24	60
0.978100595759	0.093500075995	-0.185948811141	-0.307491036755
-0.002324315504	0.898265867395	0.439446275477	-0.712591748898
0.208119730283	-0.429390460144	0.878811703725	1.739874952426
0.000000000000	0.000000000000	0.000000000000	1.000000000000
15	25	60
0.790554912341	0.147592914642	-0.594339349296	-0.401637247120
-0.053344767428	0.983430334673	0.173260245390	-0.777392055909
0.610063329796	-0.105266843745	0.785328991726	1.661531963346
0.000000000000	0.000000000000	0.000000000000	1.000000000000
15	54	60
0.691502219763	-0.382736373932	0.612647980599	-1.938197754773
0.211525495490	0.918211964342	0.334878714307	-0.394721595277
-0.690710970537	-0.101978706638	0.715904112694	0.753440034465
0.000000000000	0.000000000000	0.000000000000	1.000000000000
15	55	60
0.700406174253	-0.189329846564	0.688175413880	-1.878259217559
0.258337012450	0.966050653334	0.002850121309	-0.398651429253
-0.665351921217	0.175784937901	0.725538749165	0.564594153287
0.000000000000	0.000000000000	0.000000000000	1.000000000000
15	56	60
0.764918820913	-0.064548110707	0.640884341218	-1.834294792854
0.260597799141	0.940913100817	-0.216266788467	-0.559104931116
-0.589056860156	0.332439585662	0.736543235247	0.390668061425
0.000000000000	0.000000000000	0.000000000000	1.000000000000
15	57	60
0.823324459931	-0.130030578608	0.552475232302	-2.199195457058
0.304902167253	0.922347775476	-0.237295700507	-0.510090923834
-0.478718604281	0.363822250146	0.799038089339	0.148042926004
0.000000000000	0.000000000000	0.000000000000	1.000000000000
15	58	60
0.484169332291	-0.177896299043	0.856698876185	-2.640789043923
0.299702817355	0.953602641366	0.028639546956	-1.001295271291
-0.822045180594	0.242888676491	0.515021176161	0.424864399010
0.000000000000	0.000000000000	0.000000000000	1.000000000000
16	17	60
0.903880961527	-0.171583482525	0.391865175683	0.044731208641
0.158954562924	0.985162295587	0.064720153582	-0.159287273644
-0.397155705378	0.003789443076	0.917743420465	0.507830334476
0.000000000000	0.000000000000	0.000000000000	1.000000000000
16	19	60
0.881821152097	-0.190817341912	0.431254214751	-0.263384120279
0.201482459259	0.979260367158	0.021306147593	-0.456041476092
-0.426375743125	0.068101948137	0.901978852487	1.229160491221
0.000000000000	0.000000000000	0.000000000000	1.000000000000
16	20	60
0.514076767613	-0.443327401945	0.734292783354	-0.225378656539
0.318628899822	0.893517977105	0.316387813905	-0.411996302193
-0.796367189931	0.071319277023	0.600593755817	1.172415099778
0.000000000000	0.000000000000	0.000000000000	1.000000000000
16	21	60
0.441317319142	-0.560813274377	0.700519446630	-0.178793634879
0.315888541329	0.827774796298	0.463684500573	-0.429621360258
-0.839912765281	0.016654065448	0.542465841156	1.156633890995
0.000000000000	0.000000000000	0.000000000000	1.000000000000
16	22	60
0.440654449962	-0.571627919370	0.692145344220	-0.227582077986
0.294275474920	0.820420241997	0.490216861584	-0.475856788975
-0.848071695430	-0.012334841619	0.529737907926	1.354383117010
0.000000000000	0.000000000000	0.000000000000	1.000000000000
16	23	60
0.760222060342	-0.480999624758	0.436694149207	-0.234267215735
0.249740574450	0.836905055969	0.487051919991	-0.612535836901
-0.599743332137	-0.261207366428	0.756358808557	1.505698362633
0.000000000000	0.000000000000	0.000000000000	1.000000000000
16	25	60
0.803407288899	0.354512679704	-0.478390518376	-0.412235587861
-0.229379807875	0.925699992471	0.300773050118	-0.554338911942
0.549473959240	-0.131910135575	0.825032171645	1.258052393561
0.000000000000	0.000000000000	0.000000000000	1.000000000000
16	54	60
0.727818530581	-0.381016082403	0.570181489961	-1.748406230133
0.207452443239	0.914819520129	0.346509349637	-0.183940621311
-0.653638791947	-0.133910382503	0.744865316094	0.251002918275
0.000000000000	0.000000000000	0.000000000000	1.000000000000
16	58	60
0.594839013280	-0.686252772868	0.418597276641	-0.867052050970
0.358245765620	0.692488281739	0.626194818782	-2.551040573612
-0.719601639586	-0.222524406269	0.657766196243	-0.205246209666
0.000000000000	0.000000000000	0.000000000000	1.000000000000
17	23	60
0.906988700858	-0.390978406800	0.156548337363	-0.758284120828
0.260246832628	0.812553419963	0.521563539575	-0.510438515181
-0.331123968662	-0.432311028222	0.838727662746	0.832889724663
0.000000000000	0.000000000000	0.000000000000	1.000000000000
17	34	60
0.677692309792	0.642054073719	0.358468547672	-1.647535397483
0.202818659971	0.305370764291	-0.930383408861	0.971259414710
-0.706822272156	0.703217791824	0.076726871735	1.195506974123
0.000000000000	0.000000000000	0.000000000000	1.000000000000
18	24	60
-0.244868529681	-0.959196434581	-0.141356298265	0.174075264609
0.937462405163	-0.197031867594	-0.286954146264	0.361252316691
0.247393698541	-0.202782255238	0.947457500304	-0.072398322199
0.000000000000	0.000000000000	0.000000000000	1.000000000000
18	59	60
0.993995655504	0.020137973791	0.107550447938	-1.688612403926
-0.021982096685	0.999630508599	0.015988549133	0.165302133808
-0.107188731989	-0.018256732721	0.994071057543	-1.475814204711
0.000000000000	0.000000000000	0.000000000000	1.000000000000
19	21	60
0.838256605600	-0.342433041942	0.424341224671	0.138684898544
0.174325032662	0.905670285467	0.386486891122	-0.010375123132
-0.516659119881	-0.250001891610	0.818878750509	0.006893220400
0.000000000000	0.000000000000	0.000000000000	1.000000000000
19	24	60
0.764127876369	0.087802970298	-0.639061207524	0.041299401467
0.173769801817	0.926051717495	0.335010854304	0.031279130522
0.621218676902	-0.367040672040	0.692364427550	0.181904544563
0.000000000000	0.000000000000	0.000000000000	1.000000000000
19	59	60
0.966037011672	0.248419132714	-0.071136675356	-0.841598971776
-0.251763179140	0.966852388143	-0.042564787924	0.718120342057
0.058204756752	0.059028756070	0.996557982381	-1.831900825855
0.000000000000	0.000000000000	0.000000000000	1.000000000000
20	23	60
0.915025418003	0.137632856852	-0.379190824154	-0.231356823390
-0.041966954047	0.967374120543	0.249852127612	-0.176181976457
0.401207252148	-0.212707563614	0.890947940794	0.149024298995
0.000000000000	0.000000000000	0.000000000000	1.000000000000
21	23	60
0.938251078487	0.345944999369	0.002640289776	-0.540212517836
-0.344820956421	0.935765507407	-0.073766002734	0.075023095125
-0.027989671872	0.068300604375	0.997272082087	0.104524717658
0.000000000000	0.000000000000	0.000000000000	1.000000000000
21	34	60
-0.817116628831	-0.385603279679	0.428521324543	0.366986709581
-0.226280587719	-0.469146874702	-0.853638275606	2.537904276755
0.530205158886	-0.794488087172	0.296093175931	-0.443291824952
0.000000000000	0.000000000000	0.000000000000	1.000000000000
22	59	60
-0.969491793054	0.216143793626	0.115618007585	-1.228832342365
-0.148503262671	-0.893166851003	0.424499419606	-0.527064670089
0.195019086699	0.394379052115	0.898015990434	-1.188589436594
0.000000000000	0.000000000000	0.000000000000	1.000000000000
23	25	60
-0.465970380765	-0.559110257470	0.685760398566	-0.995167839661
0.414912692495	0.546468745771	0.727474650762	-0.634344745498
-0.781485164194	0.623512333389	-0.022656307215	1.041432037827
0.000000000000	0.000000000000	0.000000000000	1.000000000000
23	59	60
-0.595614198780	-0.613876647186	-0.518072570448	0.226006332053
-0.045839790127	-0.617927353629	0.784897763583	-0.367988215933
-0.801961619938	0.491244590481	0.339906328965	-0.825175559614
0.000000000000	0.000000000000	0.000000000000	1.000000000000
24	26	60
0.809063666481	-0.161081774908	-0.565215574248	2.275652563482
-0.289318194410	0.727950510070	-0.621597166397	2.185292923472
0.511576940415	0.666438831913	0.542354420425	0.346461605007
0.000000000000	0.000000000000	0.000000000000	1.000000000000
24	52	60
0.961543686686	-0.016348252178	0.274165047452	-0.502598101539
0.089284210015	0.962615161746	-0.255734980435	0.777214589255
-0.259734611547	0.270378965578	0.927056172267	-0.680016807478
0.000000000000	0.000000000000	0.000000000000	1.000000000000
24	54	60
-0.672824752224	-0.739786633413	0.004752874801	-0.613061220337
0.118609829166	-0.114210809227	-0.986350647326	1.754510568068
0.730231854427	-0.663077392225	0.164589825628	-0.670800159368
0.000000000000	0.000000000000	0.000000000000	1.000000000000
24	55	60
0.847451459275	-0.182868681174	0.498382453161	-1.899418666324
0.293607053825	-0.620698090590	-0.726999847512	1.340274305690
0.442290540389	0.762425685417	-0.472319967923	1.856137256654
0.000000000000	0.000000000000	0.000000000000	1.000000000000
24	56	60
0.437404311773	-0.894801893302	0.089482064042	0.414581354816
0.216372186280	0.201304034686	0.955332278646	-1.428142419851
-0.872846232189	-0.398505028026	0.281661494691	0.828581853978
0.000000000000	0.000000000000	0.000000000000	1.000000000000
24	57	60
0.351509846805	0.761937942706	0.543959004948	-0.646643375736
-0.568259958840	0.635406843289	-0.522818097124	0.729861109007
-0.743990219545	-0.125334412536	0.656330586104	-0.773302199183
0.000000000000	0.000000000000	0.000000000000	1.000000000000
25	27	60
0.799816097708	0.260264316593	-0.540885103654	-0.113595520610
-0.310553830323	0.950554029974	-0.001831549241	0.195280327650
0.513663828120	0.169438843271	0.841094495329	-0.248041221199
0.000000000000	0.000000000000	0.000000000000	1.000000000000
25	52	60
-0.314958620213	-0.913180311370	-0.258655729650	-0.438086574132
-0.943302262049	0.271093396679	0.191544283886	-0.090188708923
-0.104794608479	0.304319058233	-0.946788255541	2.466837095227
0.000000000000	0.000000000000	0.000000000000	1.000000000000
25	54	60
0.855770579262	-0.432940432032	0.283230114892	-0.995198702753
0.271745947180	0.842012650927	0.466013772190	-0.081237277730
-0.440239543727	-0.321834239930	0.838219461804	-1.385372200157
0.000000000000	0.000000000000	0.000000000000	1.000000000000
25	55	60
0.116121574975	0.987106934791	-0.110162058411	0.069049570628
0.708993869037	-0.004703964753	0.705198955178	-1.924486648853
0.695588580623	-0.159993037360	-0.700398996646	2.555046439449
0.000000000000	0.000000000000	0.000000000000	1.000000000000
25	56	60
0.967282961539	-0.186449863450	0.172046856222	-0.383797662519
-0.200543713354	-0.977294854923	0.068388490082	0.353662404101
0.155389482754	-0.100653936639	-0.982712009537	3.472665225890
0.000000000000	0.000000000000	0.000000000000	1.000000000000
25	57	60
-0.755669851169	0.440051362555	0.485095737301	-1.682995183331
-0.654927012414	-0.514264813117	-0.553716814265	1.956160510394
0.005803830100	-0.736129404591	0.676815938977	-0.996632132402
0.000000000000	0.000000000000	0.000000000000	1.000000000000
25	58	60
0.382679470854	0.920324066958	0.080994039070	-0.447171633961
-0.889792967083	0.390734875692	-0.235785352910	0.262899824866
-0.248646130707	0.018162287746	0.968424097691	-2.414864924623
0.000000000000	0.000000000000	0.000000000000	1.000000000000
25	59	60
0.288601125118	0.136622320572	0.947651693452	-1.095207278449
0.906500259713	-0.357558621986	-0.224519734061	1.903609543233
0.308166626552	0.923843154093	-0.227039989682	1.077892882015
0.000000000000	0.000000000000	0.000000000000	1.000000000000
26	42	60
0.995972175351	0.082721083315	-0.034592604742	-1.832451116159
-0.086518369970	0.987916064111	-0.128594019800	0.628873314518
0.023537153298	0.131068961413	0.991093804727	-0.709717785093
0.000000000000	0.000000000000	0.000000000000	1.000000000000
26	43	60
0.989820002213	-0.041964303186	-0.135997648789	-1.523801430060
-0.010742558706	0.930789758641	-0.365397075305	0.544692559762
0.141918852344	0.363138296613	0.920863516968	-0.867789112921
0.000000000000	0.000000000000	0.000000000000	1.000000000000
26	59	60
0.495991802099	-0.061926204248	0.866116203219	-1.571962708786
0.183492617587	0.982403546609	-0.034838640906	-0.388557533551
-0.848718205025	0.176205609549	0.498627106786	0.801194839850
0.000000000000	0.000000000000	0.000000000000	1.000000000000
27	29	60
0.833632358750	-0.015562584798	-0.552100440498	-0.197552501838
-0.097417230495	0.979788668985	-0.174711325712	-0.026426591062
0.543660715563	0.199429110422	0.815267475292	0.011007855473
0.000000000000	0.000000000000	0.000000000000	1.000000000000
27	42	60
0.984845136019	-0.101373107777	0.140725090441	-1.776704348718
0.105996736135	0.994033296692	-0.025739017012	0.130318855013
-0.137276181433	0.040265345989	0.989714075844	-0.338050344451
0.000000000000	0.000000000000	0.000000000000	1.000000000000
27	43	60
0.994077237028	-0.011094372136	0.108108102056	-1.643563175263
0.045969631745	0.944323442056	-0.325791389912	0.327001236515
-0.098474564129	0.328831494371	0.939240442341	-0.432637476748
