0	2	38
0.852677592358	-0.052434678176	-0.519799507518	0.294074784663
0.035093326944	0.998451997831	-0.043151667769	0.282537854905
0.521257500565	0.018552966117	0.853197752900	0.990075169523
0.000000000000	0.000000000000	0.000000000000	1.000000000000
0	6	38
-0.706489571482	-0.061515551427	-0.705044908017	-0.533516994882
0.088398059954	-0.996083828287	-0.001670335490	1.403048009366
-0.702181079483	-0.063504676653	0.709160692410	0.792701508432
0.000000000000	0.000000000000	0.000000000000	1.000000000000
0	7	38
-0.705210613204	-0.004590826354	-0.708983014844	0.143396834557
-0.001991126900	-0.999962269123	0.008455515626	1.449537605639
-0.708995082097	0.007374594512	0.705174864071	0.527175226116
0.000000000000	0.000000000000	0.000000000000	1.000000000000
0	11	38
-0.995870836123	0.011160226044	-0.090092880483	-0.119794032047
-0.008803080008	-0.999609558325	-0.026518610198	2.011685691368
-0.090353658152	-0.025616015675	0.995580251009	0.006663508519
0.000000000000	0.000000000000	0.000000000000	1.000000000000
0	24	38
0.950363644240	-0.039947128111	0.308566314855	-3.648264363930
0.000239485030	0.991817507045	0.127663524026	0.527037513341
-0.311141264307	-0.121252874917	0.942596867155	0.529279020168
0.000000000000	0.000000000000	0.000000000000	1.000000000000
0	26	38
0.999150835773	-0.016663335906	-0.037682099352	1.071635714399
0.025420504450	0.969062196993	0.245504086141	0.001116098835
0.032425380932	-0.246253510827	0.968662894446	0.109272650691
0.000000000000	0.000000000000	0.000000000000	1.000000000000
1	5	38
0.824983426130	0.123943578043	-0.551398527449	0.901547082664
-0.045475430750	0.987050192110	0.153830762381	-0.159475804801
0.563324357550	-0.101832743842	0.819936436849	2.612405144214
0.000000000000	0.000000000000	0.000000000000	1.000000000000
1	7	38
0.234185800318	0.074328083083	-0.969346350380	1.753662281658
-0.001907322639	0.997106307157	0.075995883756	-0.253328779603
0.972189988145	-0.015948300619	0.233649906180	2.793068724157
0.000000000000	0.000000000000	0.000000000000	1.000000000000
1	26	38
0.964770839159	-0.195826657261	0.175696181559	0.506743969908
0.153251976106	0.961117386685	0.229711124744	0.023194034688
-0.213848216565	-0.194692807565	0.957268849882	-0.563646506551
0.000000000000	0.000000000000	0.000000000000	1.000000000000
2	6	38
0.601069217280	0.116290976602	-0.790690966686	1.362388687809
-0.030530740395	0.991975810317	0.122686044994	-0.176824339651
0.798613592377	-0.049602424399	0.599796573485	1.677951104978
0.000000000000	0.000000000000	0.000000000000	1.000000000000
2	7	38
0.322344342761	0.055000077916	-0.945023341574	1.778448921126
-0.023091479108	0.998470481730	0.050234258295	-0.261986105449
0.946340799228	0.005629257774	0.323121344349	1.718241072690
0.000000000000	0.000000000000	0.000000000000	1.000000000000
2	9	38
-0.016658320928	-0.033594254904	-0.999296715886	2.381218440458
0.050560336641	0.998128469719	-0.034397823996	-0.084652454120
0.998582071090	-0.051097788351	-0.014928607539	1.269904378394
0.000000000000	0.000000000000	0.000000000000	1.000000000000
2	28	38
0.971438742096	0.144041076522	-0.188570778831	1.345397024125
-0.116106596365	0.981589666886	0.151660753467	-0.224691384766
0.206944506173	-0.125434820269	0.970278350387	-0.454982765792
0.000000000000	0.000000000000	0.000000000000	1.000000000000
2	30	38
0.298853584573	0.125262316929	0.946042222602	-3.102290444668
-0.368974462474	0.929416787365	-0.006502415330	1.618583874710
-0.880082030853	-0.347122150433	0.323978134524	1.997531554244
0.000000000000	0.000000000000	0.000000000000	1.000000000000
3	5	38
0.792115343097	-0.069860849958	-0.606360243480	0.845037182289
0.121024038293	0.991680833350	0.043844120714	-0.050523273548
0.598252844026	-0.108113766049	0.793980445733	1.083307186560
0.000000000000	0.000000000000	0.000000000000	1.000000000000
3	6	38
0.561624901504	0.088917212597	-0.822600267028	1.240327010857
-0.043475827587	0.996006639768	0.077978368499	-0.123108372342
0.826248947005	-0.008031366146	0.563247880361	1.063720610614
0.000000000000	0.000000000000	0.000000000000	1.000000000000
3	7	38
0.257321491976	0.108500447586	-0.960215237663	1.599982935234
-0.068059286842	0.993243726621	0.093993792358	-0.348604372920
0.963926129557	0.041164941404	0.262967420715	1.128115334118
0.000000000000	0.000000000000	0.000000000000	1.000000000000
3	8	38
0.176646393924	0.019244255079	-0.984086231059	1.841826375986
0.047727290970	0.998465277118	0.028092634009	-0.357975096638
0.983116553218	-0.051930232383	0.175456814499	0.894940193827
0.000000000000	0.000000000000	0.000000000000	1.000000000000
3	30	38
-0.473517655173	0.399262880480	0.785092467490	-2.111197489117
-0.156999361714	0.838820521908	-0.521278555523	1.174460958216
-0.866678850937	-0.370093615586	-0.334512309253	2.672178907847
0.000000000000	0.000000000000	0.000000000000	1.000000000000
4	7	38
0.509351943054	0.149109494076	-0.847541713949	1.138266931046
-0.188300332743	0.980319263607	0.059305363077	-0.228282640905
0.839704461579	0.129385084833	0.527404889081	0.240977461559
0.000000000000	0.000000000000	0.000000000000	1.000000000000
4	8	38
0.381201284568	-0.015652974253	-0.924359543165	1.415980322204
-0.052580969557	0.997871071651	-0.038581938809	-0.160033453589
0.922995570024	0.063311205634	0.379566685784	0.058142351921
0.000000000000	0.000000000000	0.000000000000	1.000000000000
5	9	38
0.365625135372	0.156771948799	-0.917464340699	1.143606020204
-0.101362287397	0.986556971412	0.128183574817	-0.249812953232
0.925226430166	0.046129147283	0.376600789554	-0.818347483611
0.000000000000	0.000000000000	0.000000000000	1.000000000000
6	9	38
0.692086217750	0.049821750167	-0.720093369231	0.562905015680
-0.014325522496	0.998366648768	0.055306546026	-0.243563481232
0.721672672758	-0.027961184496	0.691669520476	-0.870475778155
0.000000000000	0.000000000000	0.000000000000	1.000000000000
6	10	38
0.586412518519	0.032041687737	-0.809378581611	0.715323507773
-0.037190339409	0.999228607295	0.012612256671	-0.073693873056
0.809158350868	0.022705078962	0.587151805422	-0.803361258482
0.000000000000	0.000000000000	0.000000000000	1.000000000000
8	9	38
0.939695026639	-0.034217703787	-0.340297525201	0.087398253368
0.064880775735	0.994750140884	0.079136857091	-0.063244057857
0.335803129602	-0.096443278448	0.936981831303	-0.339495815102
0.000000000000	0.000000000000	0.000000000000	1.000000000000
8	10	38
0.895174742961	-0.020429524767	-0.445246913613	0.219543041107
0.063780643537	0.994539830054	0.082598764798	-0.040557246103
0.441128336286	-0.102338462731	0.891589944970	-0.342843215732
0.000000000000	0.000000000000	0.000000000000	1.000000000000
9	11	38
0.998513442014	-0.043129567968	-0.033327863469	0.075446779527
0.045688096915	0.995726230292	0.080261274035	0.006392108881
0.029723793782	-0.081664647653	0.996216533394	0.272508245601
0.000000000000	0.000000000000	0.000000000000	1.000000000000
9	27	38
0.226126830636	-0.237224452558	0.944770456553	-2.158999651163
0.162335326598	0.965506949049	0.203576946327	0.143887839224
-0.960475870704	0.107335410961	0.256836935328	1.292579071488
0.000000000000	0.000000000000	0.000000000000	1.000000000000
9	28	38
-0.964634849494	-0.061510038853	0.256312547999	-1.164695643700
0.020235270964	-0.986802708704	-0.160657859762	2.056882295426
0.262811987836	-0.149789616511	0.953148954694	0.737503777984
0.000000000000	0.000000000000	0.000000000000	1.000000000000
10	27	38
-0.029489871025	-0.260625230741	0.964989552590	-2.252504876144
0.166495860508	0.950641812277	0.261838257680	-0.197664782994
-0.985601073427	0.168388342388	0.015358717628	1.805197954903
0.000000000000	0.000000000000	0.000000000000	1.000000000000
10	28	38
-0.036111599252	-0.079100713615	0.996212341574	-1.759780933325
-0.043260004765	0.996051829077	0.077519841201	0.123916952040
-0.998410999733	-0.040296785204	-0.039390921734	1.545861772313
0.000000000000	0.000000000000	0.000000000000	1.000000000000
13	16	38
0.817103521458	0.211632011656	0.536240362957	-0.616554752364
-0.121817339934	0.972560443867	-0.198208775579	0.182839690922
-0.563473487320	0.096633713929	0.820463012219	0.187601820875
0.000000000000	0.000000000000	0.000000000000	1.000000000000
13	17	38
-0.981489402033	-0.071627344231	0.177617784177	-0.926212790037
0.028201116288	-0.971371309892	-0.235886573080	0.024893418025
0.189428748446	-0.226511151774	0.955410617161	0.406268033210
0.000000000000	0.000000000000	0.000000000000	1.000000000000
13	18	38
0.479802520073	0.763501463770	0.432267343842	-1.176777935568
-0.494655494036	0.642313248200	-0.585448232901	1.865716466961
-0.724641624495	0.067076120994	0.685853708922	0.372774949374
0.000000000000	0.000000000000	0.000000000000	1.000000000000
14	18	38
0.821359985505	0.202108392402	-0.533404135653	0.161583361964
-0.111772344036	0.974021862085	0.196947595286	-0.263942097840
0.559352051323	-0.102145043449	0.822612711292	1.372335249352
0.000000000000	0.000000000000	0.000000000000	1.000000000000
15	18	38
0.817011883509	0.123080966455	-0.563331747643	0.372287590997
-0.073447746936	0.991209228785	0.110044051366	-0.139582088042
0.571923955326	-0.048531850033	0.818869738638	1.318337960001
0.000000000000	0.000000000000	0.000000000000	1.000000000000
17	20	38
0.460683263117	0.049144847983	-0.886202976186	0.586030036422
-0.016399931495	0.998766746552	0.046861799260	-0.066977530362
0.887413079310	-0.007054778499	0.460921096035	1.383907148630
0.000000000000	0.000000000000	0.000000000000	1.000000000000
19	21	38
-0.691479335108	-0.019874546731	0.722122795313	-2.723060445859
0.198025894450	0.956115510667	0.215937202422	-0.626976610561
-0.694724459225	0.292315125600	-0.657198442709	5.114785271996
0.000000000000	0.000000000000	0.000000000000	1.000000000000
20	22	38
0.712993161079	0.144153473420	-0.686192777837	0.413377562889
-0.008188690762	0.980283448285	0.197426711370	-0.244188868767
0.701123168636	-0.135144874560	0.700115822762	-0.181942342922
0.000000000000	0.000000000000	0.000000000000	1.000000000000
21	23	38
0.902186987181	0.124110260992	-0.413104445968	-0.014110946795
-0.075390944569	0.988340799067	0.132282539957	0.125387283645
0.424705598784	-0.088199251793	0.901024997625	-0.176121104895
0.000000000000	0.000000000000	0.000000000000	1.000000000000
21	24	38
0.705169857082	0.202571149205	-0.679485395114	0.132373336275
-0.125183720226	0.978834913325	0.161898884016	0.059297837939
0.697900070823	-0.029105703304	0.715603486004	0.435960179072
0.000000000000	0.000000000000	0.000000000000	1.000000000000
21	25	38
0.562142781700	0.210784035582	-0.799728443490	0.202968613320
-0.062501270357	0.975038567626	0.213057229039	-0.065451288732
0.824675138577	-0.069784539735	0.561285162665	1.012126684540
0.000000000000	0.000000000000	0.000000000000	1.000000000000
22	25	38
0.896072343450	0.054116790695	-0.440597013458	0.389574524731
-0.000977586770	0.992779334509	0.119950978717	-0.020880919159
0.443906971817	-0.107054032787	0.889655008661	0.837335716937
0.000000000000	0.000000000000	0.000000000000	1.000000000000
22	26	38
0.906262564529	0.077988324750	-0.415458764905	0.276650998617
0.062603911544	0.947233247571	0.314372271290	-0.298552831393
0.418053721898	-0.310913164564	0.853559657967	1.083678244714
0.000000000000	0.000000000000	0.000000000000	1.000000000000
23	26	38
0.655763852863	0.178681462429	-0.733516669383	0.774182463357
-0.213994687377	0.975733468583	0.046373182561	-0.327112705518
0.724002792158	0.126558813485	0.678087622418	1.428100466330
0.000000000000	0.000000000000	0.000000000000	1.000000000000
23	27	38
0.492892305497	0.204392453177	-0.845742809763	0.632266961702
-0.182026405680	0.974731171883	0.129481775532	-0.450320126163
0.850836977815	0.090126952929	0.517642318149	1.739197891730
0.000000000000	0.000000000000	0.000000000000	1.000000000000
24	26	38
0.786028387544	0.232232643782	-0.572911313500	0.707210037049
-0.209837718001	0.971962935776	0.106095162854	-0.350930465900
0.581487322371	0.036824592858	0.812721627178	0.912991178989
0.000000000000	0.000000000000	0.000000000000	1.000000000000
24	27	38
0.640597738732	0.210581038824	-0.738437650191	0.695747992930
-0.188775558141	0.975337023089	0.114374297993	-0.392182520373
0.744310637960	0.066131062903	0.664551244630	1.251220182713
0.000000000000	0.000000000000	0.000000000000	1.000000000000
24	33	38
0.719886807449	-0.173525825377	0.672050423992	-0.681614431307
0.179869930502	0.981807582619	0.060833204847	-0.913964905997
-0.670380334259	0.077088641433	0.738002404332	2.632735924064
0.000000000000	0.000000000000	0.000000000000	1.000000000000
24	34	38
0.547508205163	0.061660875168	0.834525435054	-1.148853070835
0.061313328540	0.991644770626	-0.113495923426	-0.843893618186
-0.834551041592	0.113307481503	0.539153015027	2.746328104142
0.000000000000	0.000000000000	0.000000000000	1.000000000000
24	35	38
0.483433594990	0.129010754439	0.865822259170	-1.162409861157
0.076803767308	0.979015153799	-0.188760456556	-0.685515395276
-0.872005241132	0.157751557428	0.463380303387	2.899607885239
0.000000000000	0.000000000000	0.000000000000	1.000000000000
24	36	38
0.515675888757	0.154161046218	0.842800539620	-1.226968887430
0.197997538188	0.935610467354	-0.292284156685	-0.872377276295
-0.833591838148	0.317596324296	0.451948251648	3.048776387315
0.000000000000	0.000000000000	0.000000000000	1.000000000000
24	37	38
0.561108991508	-0.085838638103	0.823279070460	-1.159427141388
0.188461425435	0.981734063767	-0.026086762219	-0.839274826413
-0.806001855315	0.169793863991	0.567037082544	2.763532842893
0.000000000000	0.000000000000	0.000000000000	1.000000000000
25	27	38
0.775248864195	0.120691486296	-0.620018357551	0.444120384749
-0.105229642055	0.992536399840	0.061629679752	-0.216563582093
0.622828966087	0.017465970605	0.782163038550	0.823655827226
0.000000000000	0.000000000000	0.000000000000	1.000000000000
25	30	38
-0.310858626142	-0.181355237336	0.932993672242	-1.971423312626
-0.928142464287	0.269376663028	-0.256880866169	1.295136702039
-0.204740031604	-0.945804679258	-0.252061556276	2.264175392900
0.000000000000	0.000000000000	0.000000000000	1.000000000000
25	31	38
0.003113402861	0.267678929857	-0.963503138154	3.674729358512
-0.105759077836	0.958192333894	0.265861747383	-1.422292839530
0.994386908692	0.101071468658	0.031292715532	3.486625594283
0.000000000000	0.000000000000	0.000000000000	1.000000000000
25	32	38
0.727169401544	-0.073133324861	0.682551227567	-0.108912539726
0.010156466021	0.995346093851	0.095827969054	-0.887248671242
-0.686382916204	-0.062750858558	0.724527999524	2.735892205208
0.000000000000	0.000000000000	0.000000000000	1.000000000000
25	33	38
0.498722307004	-0.163735142959	0.851156192163	-0.657293164302
0.192356345899	0.978415890911	0.075507487074	-0.847115021807
-0.845147973250	0.126068026764	0.519453324119	2.649136044331
0.000000000000	0.000000000000	0.000000000000	1.000000000000
25	34	38
0.198059507688	-0.095621702610	0.975514695637	-1.027066563917
0.571702463910	0.819682814310	-0.035726414372	-0.754733508337
-0.796196410550	0.564780111119	0.217013137648	2.863883504986
0.000000000000	0.000000000000	0.000000000000	1.000000000000
25	35	38
0.277809372916	-0.060947346188	0.958700877914	-0.988745335579
0.288902154581	0.957085363228	-0.022872528793	-1.021367252874
-0.916164558035	0.283324952109	0.283495104215	2.764603735336
0.000000000000	0.000000000000	0.000000000000	1.000000000000
25	36	38
0.356915424210	0.076043053249	0.931036430014	-1.047941987543
0.293541805292	0.937063228647	-0.189065369816	-0.852924417259
-0.886817111082	0.340778461130	0.312130504633	2.881817916012
0.000000000000	0.000000000000	0.000000000000	1.000000000000
25	37	38
0.401097816830	-0.104991662671	0.909998512144	-0.991257401624
0.237533836366	0.971351282706	0.007373070318	-0.763231915887
-0.884702332943	0.213198115270	0.414545951289	2.631377321684
0.000000000000	0.000000000000	0.000000000000	1.000000000000
28	29	38
-0.124020423892	-0.926731952751	0.354664379672	-1.263998988083
-0.427301542826	0.372464387209	0.823822597262	-3.380895256470
-0.895562575120	-0.049377808895	-0.442187184383	3.021403805634
0.000000000000	0.000000000000	0.000000000000	1.000000000000
28	30	38
-0.992428875482	0.077755173016	0.095073972139	0.011998296419
-0.104799568601	-0.132439566059	-0.985635232610	2.460888654652
-0.064046682428	-0.988136576801	0.139585558202	3.048338999907
0.000000000000	0.000000000000	0.000000000000	1.000000000000
29	31	38
0.810854964790	0.019420664263	0.584924836091	0.146322578429
-0.040224142321	0.998935191341	0.022594288562	0.322133763133
-0.583863206968	-0.041848790910	0.810772738965	1.001451238813
0.000000000000	0.000000000000	0.000000000000	1.000000000000
30	32	38
0.632731686068	-0.059954525895	0.772046674930	-0.382306584605
0.065219382928	0.997581855193	0.024018207250	-0.024024234491
-0.771619754501	0.035155326961	0.635111846410	1.037342383142
0.000000000000	0.000000000000	0.000000000000	1.000000000000
30	33	38
0.395874799623	-0.097971901867	0.913063332671	-0.958126350300
0.109415370784	0.992241844229	0.059028799732	0.012948387993
-0.911762808881	0.076535148828	0.403523173231	1.101462552536
0.000000000000	0.000000000000	0.000000000000	1.000000000000
30	34	38
0.163643123686	-0.002417538472	0.986516641308	-1.279426951152
0.155135520170	0.987618067037	-0.023313602102	0.019054715841
-0.974245296859	0.156858882978	0.161991951587	1.344087166785
0.000000000000	0.000000000000	0.000000000000	1.000000000000
30	35	38
0.137105561112	0.134308618374	0.981408813972	-1.328113144264
0.135829425311	0.978857090874	-0.152935159025	0.060869311730
-0.981199486512	0.154272455989	0.115963688244	1.406804019286
0.000000000000	0.000000000000	0.000000000000	1.000000000000
30	36	38
0.295207325998	0.128142148037	0.946801048042	-1.303811106975
0.165124888453	0.969210529587	-0.182660123048	-0.046431251093
-0.941056005714	0.210263023937	0.264958590867	1.263612638794
0.000000000000	0.000000000000	0.000000000000	1.000000000000
30	37	38
0.172721320010	-0.048926238699	0.983754831643	-1.365185771664
0.069916108047	0.996855191140	0.037302355606	-0.043068957870
-0.982486174686	0.062337397001	0.175598876664	1.398450722232
0.000000000000	0.000000000000	0.000000000000	1.000000000000
31	35	38
0.456463416595	0.094525074501	0.884706821270	-1.374424919259
0.072936437233	0.987018808740	-0.143087900669	0.004908418909
-0.886747667284	0.129841755552	0.443643655517	0.251443452466
0.000000000000	0.000000000000	0.000000000000	1.000000000000
