0	8	57
0.805055988459	0.067583245380	-0.589336372873	-0.461987889580
-0.194656037659	0.968573839291	-0.154834572509	0.151970925899
0.560351570400	0.239368383011	0.792911656343	-0.339791371511
0.000000000000	0.000000000000	0.000000000000	1.000000000000
0	9	57
0.902152260961	0.092786703187	-0.421321641688	-0.161615923484
-0.030689536971	0.987926223305	0.151854962470	-0.053085608788
0.430324819600	-0.124066131631	0.894107456975	0.073105877555
0.000000000000	0.000000000000	0.000000000000	1.000000000000
0	10	57
0.550251701182	0.265997141036	-0.791497685598	0.759960854425
-0.258188720111	0.955650651004	0.141670102857	-0.237507416058
0.794079120840	0.126401559311	0.594525857848	0.501407509202
0.000000000000	0.000000000000	0.000000000000	1.000000000000
0	15	57
0.504161083988	-0.508840994808	0.697783951803	0.202369347205
0.435800223695	0.847465114058	0.303118863619	-0.078097559104
-0.745586860412	0.151273667427	0.649011949909	0.317624657039
0.000000000000	0.000000000000	0.000000000000	1.000000000000
0	23	57
-0.449191094683	-0.356852925660	0.819074691286	-1.164624011597
0.401776725771	0.738158281430	0.541938939536	-0.509663321539
-0.797999262585	0.572519293128	-0.188198926431	1.605037046791
0.000000000000	0.000000000000	0.000000000000	1.000000000000
0	29	57
0.481322678471	-0.383925007460	0.787991159745	-2.330702609799
0.389068391234	0.899140988149	0.200427718576	0.305362428913
-0.785464363375	0.210112046483	0.582150033746	-0.770429572545
0.000000000000	0.000000000000	0.000000000000	1.000000000000
1	26	57
0.997458532470	0.039823583956	-0.059080945863	-1.284093237568
-0.042503856618	0.998090246966	-0.044825005118	0.563969623070
0.057183023492	0.047222251875	0.997246288914	-0.803345289385
0.000000000000	0.000000000000	0.000000000000	1.000000000000
2	3	57
0.676107861416	-0.363356674207	0.640975886473	-0.257836631472
0.053796479238	0.891964990279	0.448892409090	0.197563867628
-0.734836103191	-0.269017440747	0.622611851816	-0.024805617010
0.000000000000	0.000000000000	0.000000000000	1.000000000000
2	12	57
0.976707985946	-0.008045804661	0.214421956003	-0.203729466632
-0.062591937013	0.945152477617	0.320576111828	0.105231242989
-0.205240735746	-0.326530334090	0.922634370327	-0.110772815189
0.000000000000	0.000000000000	0.000000000000	1.000000000000
2	23	57
0.853373389141	-0.191603871966	0.484811112655	-1.481773803018
0.027413001000	0.945210951876	0.325307214536	0.452571646673
-0.520578895156	-0.264318392664	0.811870310590	-0.381344439002
0.000000000000	0.000000000000	0.000000000000	1.000000000000
2	24	57
0.948495900385	0.223642765255	-0.224364525945	-1.137315984172
-0.102525545674	0.886838714715	0.450561434842	0.245238113595
0.299739953022	-0.404352578367	0.864091981753	-0.416784690270
0.000000000000	0.000000000000	0.000000000000	1.000000000000
2	25	57
0.896398585919	0.166569684315	-0.410760411224	-0.285625688109
0.042474231949	0.890159732556	0.453664622994	0.176366544955
0.441209150837	-0.424111059516	0.790863006098	-0.519155366765
0.000000000000	0.000000000000	0.000000000000	1.000000000000
3	11	57
-0.500575028724	-0.075304691461	0.862411644206	-1.323690770617
0.590770702273	0.698469351234	0.403894222195	-0.572514309831
-0.632783231411	0.711666894572	-0.305148510098	0.931490512521
0.000000000000	0.000000000000	0.000000000000	1.000000000000
3	15	57
0.424003929459	0.546461463362	-0.722219175087	-0.604864374232
-0.412689453737	0.826425694603	0.383024785196	-0.488490144817
0.806168768049	0.135648222842	0.575926624721	0.571130956052
0.000000000000	0.000000000000	0.000000000000	1.000000000000
3	23	57
-0.592485712143	0.804108495617	0.048684783889	0.282963885542
-0.660277594599	-0.519353427343	0.542499323112	-3.220014422693
0.461512923954	0.289277625792	0.838644308536	0.151845608917
0.000000000000	0.000000000000	0.000000000000	1.000000000000
3	27	57
0.791436170459	0.400904910037	-0.461415258955	1.359082871753
-0.328714778951	0.915571564786	0.231679312531	0.339143682157
0.515340064606	-0.031685373032	0.856399821899	-1.014864155932
0.000000000000	0.000000000000	0.000000000000	1.000000000000
3	28	57
0.913820686033	0.221384559750	-0.340471188917	1.590241297513
-0.320839016794	0.907528002625	-0.271026289784	0.382114123476
0.248986102185	0.356905871562	0.900346666437	-1.270812883058
0.000000000000	0.000000000000	0.000000000000	1.000000000000
4	11	57
-0.263061629241	-0.072871959292	0.962023002204	-1.781210145361
0.070798180828	0.992996817264	0.094577684975	0.394579830157
-0.962177840533	0.092989238370	-0.256060158429	1.169710519984
0.000000000000	0.000000000000	0.000000000000	1.000000000000
4	12	57
0.903079440733	-0.113244443874	0.414274328987	-1.889212028472
-0.072093139894	0.910949266674	0.406169930850	0.269729793698
-0.423379384130	-0.396670051149	0.814495406749	0.740104354598
0.000000000000	0.000000000000	0.000000000000	1.000000000000
4	16	57
0.646251651223	0.389311104503	-0.656350262590	-0.350385127192
0.056381374041	0.833374218194	0.549825929828	0.040920854028
0.761038726973	-0.392331844693	0.516619569593	0.603574515124
0.000000000000	0.000000000000	0.000000000000	1.000000000000
4	28	57
0.811487119216	0.157001617819	-0.562884666116	1.723383908408
0.063812162589	0.933665248147	0.352416248643	-0.264887421193
0.580875772650	-0.321900134210	0.747638709768	-0.268500545446
0.000000000000	0.000000000000	0.000000000000	1.000000000000
5	7	57
0.492941730163	0.388149555571	-0.778683744003	3.179572715013
0.401039073875	-0.895595797179	-0.192550848611	1.467272788426
-0.772124414774	-0.217366259078	-0.597139680079	2.610900574401
0.000000000000	0.000000000000	0.000000000000	1.000000000000
5	27	57
-0.252564666273	0.644724378363	-0.721485665342	1.183119207274
-0.433363039278	0.591314014472	0.680106030319	-0.698335617284
0.865105522776	0.484435973306	0.130054689377	0.987251663731
0.000000000000	0.000000000000	0.000000000000	1.000000000000
5	33	57
0.888980008257	0.326916594778	-0.320686895552	1.867565654664
-0.155056240495	0.873786706170	0.460927710606	-0.845596528403
0.430896863767	-0.360031015580	0.827469371407	1.027801625223
0.000000000000	0.000000000000	0.000000000000	1.000000000000
5	34	57
-0.995930940989	0.052428986445	-0.073299127967	-0.197586488267
-0.010576110431	-0.875729201576	-0.482686763227	0.515458072101
-0.089496964577	-0.479947462632	0.872720302528	0.074307427661
0.000000000000	0.000000000000	0.000000000000	1.000000000000
5	35	57
0.974915377334	-0.031408850248	-0.220348567418	1.847642668704
0.065239193931	0.986836157424	0.147980559449	-0.784655114649
0.212800034333	-0.158643885876	0.964130832855	1.035924955287
0.000000000000	0.000000000000	0.000000000000	1.000000000000
6	7	57
0.396164880903	-0.481932217481	0.781533572467	-0.674634216739
0.088883192879	0.867309067598	0.489770108608	0.157816756241
-0.913867148530	-0.124564517484	0.386433067712	0.528494726843
0.000000000000	0.000000000000	0.000000000000	1.000000000000
6	19	57
0.693524626423	-0.107119077997	0.712424800013	-0.258209729971
0.063521406230	0.994124973387	0.087638851197	-0.091741036642
-0.717627078290	-0.015525476407	0.696254505255	-0.210764901920
0.000000000000	0.000000000000	0.000000000000	1.000000000000
6	22	57
0.942217346091	0.172019195934	-0.287464552520	0.722239384171
-0.002444128153	0.861604526508	0.507574296176	0.128220293547
0.334993281967	-0.477542706081	0.812239167306	-0.398517380323
0.000000000000	0.000000000000	0.000000000000	1.000000000000
6	33	57
0.473499744876	0.711718626867	-0.518897473277	1.017441636055
0.122554980637	0.530157384151	0.838995485537	-0.047286286382
0.872226041989	-0.460857618144	0.163804723605	2.257064550945
0.000000000000	0.000000000000	0.000000000000	1.000000000000
6	34	57
0.796539198230	0.093620966716	-0.597294249323	0.988544576304
-0.090767231343	0.995258547313	0.034953307646	-0.150239292751
0.597734569351	0.026373065660	0.801260161252	1.695701407690
0.000000000000	0.000000000000	0.000000000000	1.000000000000
6	35	57
0.749445796634	0.428253857238	-0.504905567080	0.930763684748
0.099314365102	0.681272862453	0.725261293445	-0.104543287291
0.654574407376	-0.593688403665	0.468045323192	2.208860449988
0.000000000000	0.000000000000	0.000000000000	1.000000000000
6	36	57
-0.892384166167	0.449508270957	0.039910077883	0.633478825334
-0.398192843954	-0.825942777722	0.399075164541	-0.311818686952
0.212351027780	0.340236450532	0.916049233791	0.683078914856
0.000000000000	0.000000000000	0.000000000000	1.000000000000
6	37	57
0.501806703906	0.396559102201	0.768720306989	-1.083885903507
0.635242819597	0.434228426728	-0.638680071375	3.866878832261
-0.587074605196	0.808817996760	-0.034012586660	2.816985783795
0.000000000000	0.000000000000	0.000000000000	1.000000000000
7	8	57
0.759717894093	0.046990081887	0.648552737717	-0.332324894914
0.320955738806	0.840325013958	-0.436853848151	0.202989612839
-0.565522886472	0.540042408631	0.623328213509	-0.307426090742
0.000000000000	0.000000000000	0.000000000000	1.000000000000
7	9	57
0.535213608283	-0.302104795407	0.788846680985	0.015240046058
0.532265660463	0.845758387845	-0.037229236917	0.229851016543
-0.655926566165	0.439801593883	0.613461406951	-0.431210472977
0.000000000000	0.000000000000	0.000000000000	1.000000000000
7	10	57
0.913069739444	-0.001840776758	0.407799291873	0.765648583749
0.152087666722	0.929381662626	-0.336331780843	0.784109533416
-0.378382072174	0.369115614293	0.848870231981	-1.293128285028
0.000000000000	0.000000000000	0.000000000000	1.000000000000
7	11	57
0.766245666977	0.249891180504	-0.591964505478	0.957489584977
-0.416434404121	0.894736597831	-0.161334458708	0.719419376810
0.489336249326	0.370136216018	0.789651326022	-1.317951968352
0.000000000000	0.000000000000	0.000000000000	1.000000000000
7	13	57
0.718319234428	0.332945300636	-0.610872248703	1.221006973384
-0.390270747806	0.919724968118	0.042364211640	0.736981012393
0.575939424643	0.207974541243	0.790594946440	-1.146155869056
0.000000000000	0.000000000000	0.000000000000	1.000000000000
7	18	57
0.384995652621	0.534091362074	-0.752678393752	0.937873271273
-0.477705382843	0.813114539787	0.332629391951	-0.403576800711
0.789668230756	0.231497650410	0.568183881493	0.313756440720
0.000000000000	0.000000000000	0.000000000000	1.000000000000
7	20	57
0.973760355347	-0.101491433905	0.203691578616	1.301203796901
0.086137799109	0.992828235778	0.082899781700	-0.797693156180
-0.210644368355	-0.063178976607	0.975519024415	0.637771960542
0.000000000000	0.000000000000	0.000000000000	1.000000000000
7	21	57
0.999434649000	0.007859462093	-0.032689619659	1.459598006174
-0.019316548964	0.930032654484	-0.366968844085	-0.594186078476
0.027518236026	0.367392828521	0.929658677278	0.425987398673
0.000000000000	0.000000000000	0.000000000000	1.000000000000
7	22	57
0.140592576686	0.619254070038	-0.772501213023	1.324842046803
-0.565940637606	0.690477145945	0.450502503472	-0.446333791363
0.812369941644	0.373852521283	0.447537004328	0.350144964577
0.000000000000	0.000000000000	0.000000000000	1.000000000000
7	29	57
-0.751307587205	-0.039803735204	0.658750766278	-0.952662112610
0.559628303744	0.490633174363	0.667903623185	-0.785041877661
-0.349790038532	0.870456633543	-0.346341129619	1.191383257977
0.000000000000	0.000000000000	0.000000000000	1.000000000000
7	30	57
0.458658424799	-0.595136769173	0.659882319311	-0.877059839146
0.626361314127	0.743272092498	0.234985320133	-0.792688287555
-0.630320516504	0.305546759910	0.713678655967	1.284321098064
0.000000000000	0.000000000000	0.000000000000	1.000000000000
7	31	57
0.606478743438	0.066284606732	0.792331928341	-1.154081413991
0.471755332199	0.772159649036	-0.425695176086	-0.921318700627
-0.640023781042	0.631961887547	0.437028297012	1.338508699137
0.000000000000	0.000000000000	0.000000000000	1.000000000000
7	32	57
-0.904638825533	-0.072613144929	0.419947528296	-0.763481300062
0.412724133446	0.096376950811	0.905742939814	-1.191654819595
-0.106242105635	0.992692709017	-0.057217134272	1.641433097182
0.000000000000	0.000000000000	0.000000000000	1.000000000000
7	36	57
-0.511545179381	0.672688662641	-0.534613404813	1.681638762616
-0.539566938173	0.232740055378	0.809135085047	-2.251309120433
0.668721951698	0.702368870165	0.243903508667	2.626601107592
0.000000000000	0.000000000000	0.000000000000	1.000000000000
7	37	57
-0.205947637390	0.632535520722	-0.746648769957	2.014210652521
-0.601079089602	0.520327885348	0.606599389856	-2.324288650821
0.772197836501	0.573722674081	0.273043576280	2.745294872432
0.000000000000	0.000000000000	0.000000000000	1.000000000000
8	10	57
0.945582940552	0.113784909376	-0.304837492666	1.500753954496
-0.036453100110	0.968010194134	0.248248737249	-0.154000005942
0.323332760525	-0.223627499319	0.919481738546	-0.053811244649
0.000000000000	0.000000000000	0.000000000000	1.000000000000
8	19	57
0.305042501775	0.604941103773	-0.735523849428	1.615773052000
-0.119140738332	0.790507617458	0.600752187854	-0.696723230074
0.944856897409	-0.095624095848	0.313211551052	0.314693826229
0.000000000000	0.000000000000	0.000000000000	1.000000000000
8	20	57
0.870346780292	0.268875403625	-0.412556056022	0.423538747266
0.052360926575	0.782501524804	0.620443145702	-0.228824225370
0.489647644131	-0.561602511573	0.666969117419	2.233028658640
0.000000000000	0.000000000000	0.000000000000	1.000000000000
8	21	57
0.756972858166	0.045279468272	-0.651875648995	0.585846405289
0.044826436868	0.991647945591	0.120933628750	-0.157297423961
0.651906958513	-0.120764737229	0.748620862443	2.019712896495
0.000000000000	0.000000000000	0.000000000000	1.000000000000
8	26	57
0.253198014231	-0.433573250258	0.864815010421	-1.107566372340
0.178448741228	0.899536706606	0.398735200630	-0.083405944678
-0.950813763228	0.053366189001	0.305131508580	1.302561366188
0.000000000000	0.000000000000	0.000000000000	1.000000000000
8	31	57
0.994854635924	-0.066142265707	0.076742778608	-1.563269754323
0.075016045621	0.990033450414	-0.119190435693	-0.032434783569
-0.068094392433	0.124334097288	0.989901099086	0.784693619720
0.000000000000	0.000000000000	0.000000000000	1.000000000000
9	14	57
0.996355463816	0.036060595929	0.077300861226	0.970236804954
-0.028818198087	0.995263874641	-0.092840353795	0.051453608391
-0.080282633141	0.090274322236	0.992675800834	-0.296558066602
0.000000000000	0.000000000000	0.000000000000	1.000000000000
9	19	57
0.109921802502	0.299635370548	-0.947700291259	1.660854808475
-0.461366339625	0.859916629085	0.218367789943	-0.291588896796
0.880373953497	0.413233633361	0.232765260002	0.203161923406
0.000000000000	0.000000000000	0.000000000000	1.000000000000
9	20	57
0.695760235068	0.449883079432	-0.559931165537	-0.458470631922
-0.299806037214	0.890290783221	0.342780777409	-0.666502270354
0.652712827627	-0.070622490415	0.754306587867	1.789420912158
0.000000000000	0.000000000000	0.000000000000	1.000000000000
9	21	57
0.559112849638	0.354914907692	-0.749285145768	1.672090742879
-0.455941393370	0.886437755521	0.079658969349	-0.434246797836
0.692466798613	0.297091760041	0.657439137057	0.466883349977
0.000000000000	0.000000000000	0.000000000000	1.000000000000
9	24	57
0.085099042614	-0.315306095094	0.945166768006	-0.568703372167
0.441386162154	0.862380435076	0.247948061209	-0.524962319657
-0.893272863578	0.396083389698	0.212559496611	1.373302187685
0.000000000000	0.000000000000	0.000000000000	1.000000000000
9	25	57
0.221554088543	-0.382762404830	0.896887243358	-0.843113391375
0.453873465396	0.854523291868	0.252564488922	-0.280009178060
-0.863083230784	0.351116626070	0.363048828172	0.717194288777
0.000000000000	0.000000000000	0.000000000000	1.000000000000
9	29	57
-0.029041695663	-0.251320814261	0.967468050238	-2.513888682478
0.500859569539	0.833947422578	0.231670861303	0.143594113181
-0.865041196426	0.491293745833	0.101657187602	0.541046446703
0.000000000000	0.000000000000	0.000000000000	1.000000000000
9	31	57
-0.968252280098	-0.120629025147	0.218943281189	-0.474093615039
-0.230914616933	0.767066574122	-0.598571057228	0.917782825989
-0.095739029514	-0.630124994867	-0.770568964513	5.279553719101
0.000000000000	0.000000000000	0.000000000000	1.000000000000
10	13	57
0.559773264207	0.325139302943	-0.762193103066	-0.048663476281
-0.119469077390	0.941862298485	0.314042274606	0.005386510539
0.819988434203	-0.084733962339	0.566073425802	0.084008040141
0.000000000000	0.000000000000	0.000000000000	1.000000000000
10	14	57
0.774258225793	-0.262047174834	0.576068987148	-0.371496627009
0.258050449231	0.961863522285	0.090711245996	0.152420883540
-0.577870370796	0.078420932538	0.812352135404	-0.145937908693
0.000000000000	0.000000000000	0.000000000000	1.000000000000
10	19	57
0.757579149712	0.151290321520	-0.634968558699	0.378136859084
-0.216898746108	0.975840481495	-0.026273344127	0.037401970707
0.615653121375	0.157628021904	0.772091083261	-0.113409614978
0.000000000000	0.000000000000	0.000000000000	1.000000000000
10	20	57
0.976039860695	-0.006845713746	-0.217484083410	-0.264411697239
0.094964709472	0.912692131703	0.397460408950	-0.714534681907
0.195775111514	-0.408590514980	0.891474002302	2.418409896374
0.000000000000	0.000000000000	0.000000000000	1.000000000000
10	21	57
0.968217161510	0.119636300850	-0.219642171901	0.556980924361
-0.121693872989	0.992558843450	0.004188504058	-0.057152580798
0.218508877246	0.022673725060	0.975571510837	0.108204753547
0.000000000000	0.000000000000	0.000000000000	1.000000000000
10	23	57
-0.445853748312	0.462901283785	-0.766118030454	1.087564157917
0.158061699632	-0.801731220010	-0.576405716462	1.599314511990
-0.881039689359	-0.378086567245	0.284287905904	1.067793628404
0.000000000000	0.000000000000	0.000000000000	1.000000000000
10	24	57
-0.446686986882	-0.397374937464	0.801600832601	-0.585662296718
0.306117514625	0.773998012178	0.554273528489	-0.605794497764
-0.840691859715	0.492970826946	-0.224091411682	1.930379187168
0.000000000000	0.000000000000	0.000000000000	1.000000000000
10	25	57
-0.371825435596	-0.369520867686	0.851586856280	-1.217155765708
0.352482863558	0.792455090014	0.497765769423	-0.423944923539
-0.858779177870	0.485251747710	-0.164405185448	1.628638871123
0.000000000000	0.000000000000	0.000000000000	1.000000000000
10	29	57
-0.929060238253	0.243740531852	-0.278276170072	-1.028405802782
-0.023649865069	-0.789839287700	-0.612857718796	1.763762104475
-0.369171718282	-0.562800544366	0.739572707503	0.413047713386
0.000000000000	0.000000000000	0.000000000000	1.000000000000
11	17	57
-0.260047649367	0.554037375214	-0.790833615196	0.932200365101
-0.164578739160	0.781595266028	0.601683204635	-0.522137755327
0.951466793259	0.286620702303	-0.112069239027	1.740106008272
0.000000000000	0.000000000000	0.000000000000	1.000000000000
11	18	57
0.918463663626	0.194273840997	-0.344502791431	1.106623609657
-0.064060782900	0.932616854273	0.355136620499	-0.451408910512
0.390282864975	-0.304110963021	0.869020027086	1.495775945403
0.000000000000	0.000000000000	0.000000000000	1.000000000000
11	27	57
-0.869339134156	0.402160004696	-0.287257376665	0.674954047204
0.018711510264	0.607605016248	0.794018906333	-0.825561426415
0.493861670116	0.684896689183	-0.535739839789	3.079781362109
0.000000000000	0.000000000000	0.000000000000	1.000000000000
11	28	57
-0.752376957403	0.248565264372	-0.610036247543	0.631816115302
0.017962004615	0.933472324689	0.358199365480	-0.865904606238
0.658487874117	0.258543474850	-0.706787797895	3.568972219480
0.000000000000	0.000000000000	0.000000000000	1.000000000000
11	32	57
0.940494767066	-0.277910221717	0.195539003235	-1.554584413542
0.174563321285	0.888841432371	0.423660896193	0.051178348679
-0.291542861314	-0.364316918035	0.884463647218	1.036117937269
0.000000000000	0.000000000000	0.000000000000	1.000000000000
12	15	57
-0.306320132283	0.568307503296	-0.763671760808	0.810043254524
-0.223423839202	0.736904996408	0.638006907756	-0.285298013546
0.925337648988	0.366056837071	-0.098755391746	0.701968664749
0.000000000000	0.000000000000	0.000000000000	1.000000000000
12	23	57
0.561744230862	0.387388814734	-0.731008430398	1.936551254758
-0.248516033105	0.921801854215	0.297524995344	0.177910311145
0.789102781888	0.014534365617	0.614089205110	-0.747438196301
0.000000000000	0.000000000000	0.000000000000	1.000000000000
12	27	57
0.300067689921	0.702825548055	-0.644977232518	3.073194303219
-0.379664206663	0.708267085423	0.595157815949	-0.467957540171
0.875108262814	0.066287138330	0.479365772295	0.177876369567
0.000000000000	0.000000000000	0.000000000000	1.000000000000
12	28	57
0.573683325868	0.117761801333	-0.810567455409	3.671204546539
-0.318080746389	0.943972542407	-0.087979986125	0.023468014081
0.754792740027	0.308298552265	0.578999069320	0.219513793545
0.000000000000	0.000000000000	0.000000000000	1.000000000000
12	29	57
0.299106445733	0.354336944121	-0.885991345416	3.120286598774
-0.325504049593	0.910694472481	0.254327921178	0.253186647579
0.896985199331	0.212322650284	0.387732697044	-0.434582658134
0.000000000000	0.000000000000	0.000000000000	1.000000000000
13	25	57
-0.888806688638	0.372529596672	-0.266916409828	0.688215052842
-0.242304409558	-0.876361455905	-0.416268148809	0.606718444249
-0.388987459105	-0.305306891843	0.869181487638	-0.451532731893
0.000000000000	0.000000000000	0.000000000000	1.000000000000
13	26	57
0.643920331317	-0.277975324701	0.712808758205	-0.397571956621
0.415685985414	0.909267481127	-0.020923892942	-0.849751623363
-0.642317498163	0.309777931142	0.701046264473	1.882829351300
0.000000000000	0.000000000000	0.000000000000	1.000000000000
14	15	57
0.228378628212	-0.492471463485	0.839830375629	-0.437138982160
0.482441038188	0.806512874543	0.341742048727	-0.096242577236
-0.845632217248	0.327122058030	0.421778748045	0.325564871105
0.000000000000	0.000000000000	0.000000000000	1.000000000000
14	29	57
0.225120440629	-0.325546199926	0.918335700561	-3.190552624424
0.431959823045	0.878186797419	0.205423124585	0.259538831558
-0.873345005416	0.350439182389	0.338320677702	0.028990751250
0.000000000000	0.000000000000	0.000000000000	1.000000000000
15	24	57
0.995207026666	0.080126305416	-0.056060228819	-1.128836751919
-0.086716489648	0.988082340475	-0.127175228974	0.665442470619
0.045202040861	0.131427027745	0.990294760099	-0.728094658922
0.000000000000	0.000000000000	0.000000000000	1.000000000000
15	25	57
0.982933561980	0.094376539417	-0.157907192809	-0.541366797640
-0.109651515490	0.989797491272	-0.090980610141	0.788944274280
0.147709708157	0.106742658195	0.983253704309	-0.985927885380
0.000000000000	0.000000000000	0.000000000000	1.000000000000
17	18	57
-0.123561999526	0.527070588799	-0.840790715158	2.340725823064
-0.487749786659	0.705614807770	0.514011564724	-1.102385360211
0.864194756919	0.473607788660	0.169891390698	1.743179239560
0.000000000000	0.000000000000	0.000000000000	1.000000000000
17	22	57
0.421829433341	-0.502253096226	0.754852142144	-0.470933552456
0.497638267124	0.824193522704	0.270298339298	0.267176594690
-0.757902423971	0.261623516652	0.597609447109	-0.470615318689
0.000000000000	0.000000000000	0.000000000000	1.000000000000
17	27	57
0.638696875613	0.430786942719	-0.637564828912	1.598693948318
-0.324903219595	0.902086709864	0.284037789360	0.070613086279
0.697498529733	0.025732816994	0.716124027770	-0.081097863957
0.000000000000	0.000000000000	0.000000000000	1.000000000000
17	29	57
0.342189907433	0.310748313273	-0.886759016334	1.998750688043
-0.525773951365	0.845481764298	0.093393459649	0.578139200116
0.778760437694	0.434276492614	0.452698695211	0.220356310336
0.000000000000	0.000000000000	0.000000000000	1.000000000000
17	32	57
0.614606439174	0.500111988482	-0.610038461003	2.065888187461
-0.261508684278	0.858785366943	0.440568838630	0.299787595921
0.744225861532	-0.111246089825	0.658598644491	-0.549835873496
0.000000000000	0.000000000000	0.000000000000	1.000000000000
18	19	57
0.828928354818	0.000211870375	0.559354751199	0.176890573064
0.259052368445	0.886146394688	-0.384234872942	0.089019436621
-0.495751604113	0.463405354191	0.734496987554	-0.350192966419
0.000000000000	0.000000000000	0.000000000000	1.000000000000
18	27	57
-0.651525073322	0.526528477762	-0.546152763371	0.301640087145
-0.253852540144	0.527107494848	0.810997272953	-0.918076318515
0.714894374502	0.667027324013	-0.209763157692	1.622385180486
0.000000000000	0.000000000000	0.000000000000	1.000000000000
18	28	57
-0.415738170702	0.321363405800	-0.850815687934	0.407313854966
-0.403594130582	0.773148309815	0.489237640406	-1.147935500488
0.815029785456	0.546778979518	-0.191726879638	1.639084256492
0.000000000000	0.000000000000	0.000000000000	1.000000000000
18	32	57
-0.678041275213	0.632278929479	-0.374811131697	0.762289930526
-0.153547306161	0.376835852165	0.913464813386	-1.154188020493
0.718806826538	0.676918086522	-0.158425535384	1.910466160886
0.000000000000	0.000000000000	0.000000000000	1.000000000000
18	33	57
0.545426980994	0.686922780613	-0.480256704148	0.812620008155
-0.370060308682	0.711480214404	0.597370297597	-1.184797239228
0.752040408716	-0.148097933770	0.642263361613	1.928582261800
0.000000000000	0.000000000000	0.000000000000	1.000000000000
18	35	57
0.768507902008	0.445789626256	-0.458984981970	0.665183924408
-0.315655193785	0.888121948116	0.334067663671	-1.194143671825
0.556558535275	-0.111852645908	0.823244545937	1.851478617086
0.000000000000	0.000000000000	0.000000000000	1.000000000000
18	36	57
0.798823863007	-0.392398713541	0.455964566060	-1.437680281418
0.352782010548	0.919521499336	0.173277422915	0.014399443001
-0.487263059265	0.022437956009	0.872966923317	0.374919125221
0.000000000000	0.000000000000	0.000000000000	1.000000000000
19	20	57
0.746152770262	-0.401429119873	0.531140946593	0.269816204264
0.100263287126	0.856432598430	0.506429143713	0.009715368994
-0.658181826462	-0.324619571290	0.679278158968	0.275145787978
0.000000000000	0.000000000000	0.000000000000	1.000000000000
19	30	57
-0.152185417794	-0.627534411515	0.763570665345	-1.329611895605
0.238379732431	0.726456486439	0.644543308458	-0.074113226775
-0.959173968463	0.280109863581	0.039035401210	2.178775773645
0.000000000000	0.000000000000	0.000000000000	1.000000000000
19	35	57
0.151048778984	0.625986047951	-0.765065836473	-0.040579586447
0.987605268875	-0.128964587229	0.089464898879	-1.363296668434
-0.042662621324	-0.769096614874	-0.637707062632	3.832597198160
0.000000000000	0.000000000000	0.000000000000	1.000000000000
19	36	57
0.919920141523	0.089363936981	-0.381786615778	-0.750691531360
-0.158722126893	-0.805475221775	-0.570978943167	0.477679075443
-0.358544585309	0.585853013881	-0.726788845864	4.139064282773
0.000000000000	0.000000000000	0.000000000000	1.000000000000
19	37	57
0.201316668993	0.580125832603	-0.789256369713	1.210117155780
0.979054751252	-0.094176203635	0.180506611292	0.945560232875
0.030387379572	-0.809064188440	-0.586934192348	2.387693486064
0.000000000000	0.000000000000	0.000000000000	1.000000000000
22	27	57
-0.329063579102	-0.591338114183	0.736231210710	-1.505459969028
-0.598535588801	-0.472425088555	-0.646969616475	1.976367400330
0.730391887857	-0.653554718764	-0.198479015855	2.720675736373
0.000000000000	0.000000000000	0.000000000000	1.000000000000
22	33	57
0.752927725948	0.512480394560	-0.412872479938	1.104099632929
-0.271046468065	0.813169521612	0.515062269314	-1.307315900558
0.599694631999	-0.275897035708	0.751163879616	1.933743818482
0.000000000000	0.000000000000	0.000000000000	1.000000000000
22	35	57
0.922117335777	0.229660069552	-0.311377377971	1.002268780285
-0.157730212836	0.958002917024	0.239481921931	-1.334164728959
0.353299871239	-0.171716811718	0.919615429164	1.863492466985
0.000000000000	0.000000000000	0.000000000000	1.000000000000
23	24	57
0.623277649203	0.371055446790	-0.688362424462	0.480913302078
-0.358381450070	0.917911852150	0.170295531147	-0.054815845100
0.695045112384	0.140554925529	0.705093330461	0.072781667921
0.000000000000	0.000000000000	0.000000000000	1.000000000000
23	25	57
0.506544742531	0.456169133597	-0.731657122816	1.094906418162
-0.358598725530	0.883166366517	0.302364222587	-0.375253320144
0.784104188142	0.109210304486	0.610944949674	0.357992224663
0.000000000000	0.000000000000	0.000000000000	1.000000000000
23	26	57
0.205777875945	0.493853066166	-0.844845911874	1.820286562996
-0.362415055655	0.840394993900	0.402978388580	-0.078958734742
0.909016387754	0.223260841318	0.351914483259	-0.134357862383
0.000000000000	0.000000000000	0.000000000000	1.000000000000
23	29	57
0.678291243704	0.218837272580	-0.701449382953	2.677214026109
-0.285310998689	0.958158179061	0.023033408903	0.248787639977
0.677140031856	0.184507864409	0.712346983730	-0.312806376242
0.000000000000	0.000000000000	0.000000000000	1.000000000000
25	27	57
-0.533508592928	-0.321870553945	0.782155948501	-2.277780332771
0.565161331371	0.552338015918	0.612793101867	-0.295471600357
-0.629254519885	0.768974682727	-0.112768286896	1.271113367814
0.000000000000	0.000000000000	0.000000000000	1.000000000000
25	29	57
0.971763085194	-0.118968190987	0.203772117295	0.049565007510
0.138213911926	0.986924381709	-0.082928760625	0.780711662069
-0.191241786238	0.108751249749	0.975499741094	-1.504171987875
0.000000000000	0.000000000000	0.000000000000	1.000000000000
25	32	57
0.880360069453	-0.401566055351	0.252410085581	-0.314947327555
0.374053143134	0.915016108864	0.151095223720	1.266057961377
-0.291634007318	-0.038603415778	0.955750690330	-1.566458826815
0.000000000000	0.000000000000	0.000000000000	1.000000000000
26	27	57
0.582527101766	-0.433324884463	0.687671229741	-0.270194558492
0.425722129078	0.883368794247	0.196010821547	0.279622247120
-0.692403671655	0.178575244240	0.699062255899	-0.387697517393
0.000000000000	0.000000000000	0.000000000000	1.000000000000
26	32	57
0.612128153189	-0.519162766496	0.596463868107	-0.975690924272
0.456748139250	0.847872508449	0.269245885220	0.575370915135
-0.645507754690	0.107620775415	0.756133260302	-0.591781548192
0.000000000000	0.000000000000	0.000000000000	1.000000000000
28	33	57
0.565840262167	-0.639940011541	0.519905356136	-0.063409263624
0.267837966482	0.739024540910	0.618146868991	0.254038472206
-0.779799731612	-0.210521993057	0.589570071338	-0.421494266887
0.000000000000	0.000000000000	0.000000000000	1.000000000000
32	33	57
0.300095987012	-0.671814258144	0.677206025618	-0.006715120161
0.737537080260	0.613642371537	0.281925690734	0.112146768744
-0.604964010352	0.414859786444	0.679639539587	-0.089433613740
0.000000000000	0.000000000000	0.000000000000	1.000000000000
35	36	57
0.905608785803	0.370562348729	-0.206291717671	-0.337157534660
-0.311169507685	0.250038130942	-0.916872112436	2.712027033989
-0.288177487953	0.894519132707	0.341744431788	1.814211523065
0.000000000000	0.000000000000	0.000000000000	1.000000000000
35	37	57
0.970651480972	0.112377746632	-0.212619247833	0.655919070039
-0.119796182105	0.992548173793	-0.022293439699	0.899881395769
0.208529559632	0.047110134392	0.976880779828	-1.405261690742
0.000000000000	0.000000000000	0.000000000000	1.000000000000
36	38	57
0.947967518739	0.237284775370	-0.212258141876	0.367439938019
-0.238535680114	0.970926138467	0.020078918157	-0.674408521865
0.210851399635	0.031596978008	0.977007327635	0.599866919604
0.000000000000	0.000000000000	0.000000000000	1.000000000000
36	39	57
0.955365322729	0.176337981564	-0.237027459137	1.070143041493
-0.157112431108	0.982721966204	0.097842838943	-0.673280584982
0.250185499417	-0.056235695060	0.966563377375	0.370965685859
0.000000000000	0.000000000000	0.000000000000	1.000000000000
36	42	57
-0.049168019134	-0.710526878436	0.701950184068	0.378092689327
0.853958728131	0.334594663544	0.398498308374	-0.894628530505
-0.518012544774	0.619029858849	0.590309272593	1.024560787615
0.000000000000	0.000000000000	0.000000000000	1.000000000000
36	53	57
0.396502950888	-0.652244908694	0.646035594236	0.508857816823
0.715094977776	0.660731795477	0.228194362779	-0.106335298620
-0.575694869437	0.371497070685	0.728399165140	-0.023104708021
0.000000000000	0.000000000000	0.000000000000	1.000000000000
36	55	57
0.532579450650	-0.602531205318	0.594403293533	0.171042072646
0.611706378318	0.759387554646	0.221688629782	0.184744271014
-0.584956780857	0.245533477283	0.773006388112	-0.283942445864
0.000000000000	0.000000000000	0.000000000000	1.000000000000
36	56	57
0.020065138990	0.280259396532	-0.959714572596	2.407078181813
-0.597641180065	0.772895276437	0.213208610409	-1.165401431422
0.801512576376	0.569286889290	0.183002807614	0.488784085415
0.000000000000	0.000000000000	0.000000000000	1.000000000000
37	38	57
0.811728624197	0.355824831676	-0.463125609120	0.121034260109
-0.306959425994	0.934544291262	0.180007995550	-0.645252916405
0.496862708857	-0.003956871434	0.867820137883	1.051476045235
0.000000000000	0.000000000000	0.000000000000	1.000000000000
37	39	57
0.269727166009	0.666772037848	-0.694739019677	0.288538179909
-0.499778278345	0.713631295978	0.490868664609	-1.032865752698
0.823085006795	0.214814857366	0.525723928163	1.563766418234
0.000000000000	0.000000000000	0.000000000000	1.000000000000
37	41	57
0.915937499141	0.219452814915	-0.336004404276	-0.071813096045
-0.096100748084	0.932823413458	0.347282486633	-0.956547106062
0.389644894596	-0.285798777692	0.875497524145	1.632861818838
0.000000000000	0.000000000000	0.000000000000	1.000000000000
37	42	57
0.296272230149	-0.743309653995	0.599761222421	-0.018024331061
0.703019640804	0.594785763258	0.389863156082	-0.926580378696
-0.646518484103	0.306138292449	0.698779790498	1.476184756132
0.000000000000	0.000000000000	0.000000000000	1.000000000000
37	55	57
0.804356992821	-0.438463563926	0.400948289944	0.395284931659
0.333077729175	0.891586742243	0.306809888015	-0.155612442787
-0.492005136586	-0.113237732961	0.863196479029	0.086205964095
0.000000000000	0.000000000000	0.000000000000	1.000000000000
37	56	57
-0.361318807567	0.239930430593	-0.901045008739	2.038164419417
-0.480883348845	0.779957598454	0.400521347019	-1.496031915776
0.798874160367	0.578013436773	-0.166434800473	1.707239341426
0.000000000000	0.000000000000	0.000000000000	1.000000000000
38	55	57
0.178035126006	-0.796711815222	0.577541147793	-1.093156664012
0.743453364405	0.493407747067	0.451470807571	0.178047276229
-0.644655403191	0.348997247295	0.680161989909	-0.160063889386
0.000000000000	0.000000000000	0.000000000000	1.000000000000
40	41	57
0.506192797255	-0.687213898647	0.521062289475	-0.022150511567
0.140435719576	0.661803873825	0.736405758572	0.215855591583
-0.850909314013	-0.299587533280	0.431509732485	0.664379305608
0.000000000000	0.000000000000	0.000000000000	1.000000000000
41	42	57
-0.334426492234	-0.616857360331	0.712492749645	0.032448525043
0.902926119832	0.006849366203	0.429741210855	-0.042093323792
-0.269969152713	0.787045159561	0.554686013341	-0.071878658142
0.000000000000	0.000000000000	0.000000000000	1.000000000000
41	53	57
0.819731450504	0.516695928300	0.247114683362	-0.543513093915
-0.070424219345	-0.337251671821	0.938776724884	-1.155309962080
0.568401951426	-0.786947665053	-0.240067894738	1.683994663538
0.000000000000	0.000000000000	0.000000000000	1.000000000000
41	55	57
0.778656267366	0.575117074230	-0.250868029490	2.074668644496
-0.591085139353	0.806483607563	0.014231962913	-0.171505955150
0.210505998317	0.137202557051	0.967916671523	-0.605438481823
0.000000000000	0.000000000000	0.000000000000	1.000000000000
42	53	57
0.441793622113	-0.503317270647	0.742623808216	-0.643612274636
0.745071228471	0.666927325524	0.008763958780	0.020691121926
-0.499687162097	0.549435771986	0.669651455981	0.103507805985
0.000000000000	0.000000000000	0.000000000000	1.000000000000
42	55	57
-0.433914546368	0.812622396785	-0.389053989434	0.278618161705
-0.618327312835	0.045472698649	0.784604083522	-1.553874095689
0.655278185699	0.581013832814	0.482735357547	0.997521435188
0.000000000000	0.000000000000	0.000000000000	1.000000000000
43	45	57
0.883631077168	-0.262410719402	0.387732812394	-0.045160791195
0.375055222178	0.892445573262	-0.250747839637	-0.425697614628
-0.280231511041	0.366989799734	0.887011153882	0.269192466130
0.000000000000	0.000000000000	0.000000000000	1.000000000000
43	48	57
0.972590224996	0.070458387069	-0.221593930274	0.027664703097
-0.217118582852	0.616304343876	-0.756986444198	-0.691559024953
0.083233257913	0.784349776191	0.614709405627	0.286620546016
0.000000000000	0.000000000000	0.000000000000	1.000000000000
43	49	57
0.261638387907	0.718445767761	-0.644500607261	-0.390626739978
-0.689048553280	0.606627180016	0.396504168564	-1.017301100052
0.675838327706	0.340351499559	0.653760974326	0.779752407615
0.000000000000	0.000000000000	0.000000000000	1.000000000000
43	53	57
0.185230520709	-0.376240979094	0.907817371418	-0.729248418993
-0.544305375400	0.729868246310	0.413550482213	-1.514309705253
-0.818181711179	-0.570732046304	-0.069596112053	1.359018007182
0.000000000000	0.000000000000	0.000000000000	1.000000000000
43	55	57
-0.922374265268	0.378395837804	-0.077732262952	-0.674116684132
-0.152429248426	-0.171619315436	0.973299612038	-1.088776703751
0.354952164376	0.909595184960	0.215975833145	0.857296384183
0.000000000000	0.000000000000	0.000000000000	1.000000000000
44	45	57
0.633706844803	-0.519400537264	0.573270195231	0.063939165811
0.102070985423	0.790730653948	0.603594687552	0.103820504861
-0.766809721368	-0.323987831247	0.554107152470	0.250930979413
0.000000000000	0.000000000000	0.000000000000	1.000000000000
44	47	57
-0.176905335074	-0.554753023573	0.812990519784	0.052541822642
0.085285474167	0.814271416462	0.574185029611	0.103371153328
-0.980525823382	0.170912677030	-0.096736583109	0.385765525652
0.000000000000	0.000000000000	0.000000000000	1.000000000000
44	52	57
0.965313676845	-0.028455059093	0.259537694580	0.605258250637
-0.027217007131	0.977661051522	0.208418096289	0.006015919285
-0.259670444638	-0.208252678134	0.942975122806	0.104277968104
0.000000000000	0.000000000000	0.000000000000	1.000000000000
45	46	57
0.392321700245	-0.467660349678	0.792071638715	-0.141284878798
0.601911006351	0.781670118465	0.163385942888	-0.031709901412
-0.695547858850	0.412656786251	0.588156061612	0.021952900205
0.000000000000	0.000000000000	0.000000000000	1.000000000000
47	48	57
-0.055413330479	0.122743628470	-0.990890187899	-0.108088959333
-0.488949413793	0.861940808225	0.134113809385	-0.282590940013
0.870550305012	0.491926869348	0.012252414328	0.130756950457
0.000000000000	0.000000000000	0.000000000000	1.000000000000
47	56	57
0.425294912786	-0.067486830401	0.902535187614	-1.118591656439
0.615537986515	0.752636173923	-0.233777194910	0.241075342349
-0.663503748532	0.654968943863	0.361633043649	-0.322798143364
0.000000000000	0.000000000000	0.000000000000	1.000000000000
48	49	57
0.495371439936	0.516925958300	-0.698136584151	-0.267440581769
0.207200399511	0.710165568311	0.672854263587	0.207341484563
0.843608399044	-0.477966964570	0.244688475090	0.635596651465
0.000000000000	0.000000000000	0.000000000000	1.000000000000
49	54	57
-0.036813419140	-0.206264619673	0.977803497050	-2.123539635126
0.707423411963	0.685721291568	0.171284635907	-0.953645099104
-0.705830637177	0.698026659206	0.120672675696	1.575604927499
0.000000000000	0.000000000000	0.000000000000	1.000000000000
50	55	57
0.944890682824	0.216217760898	-0.245828146040	-0.001998555638
-0.140430682323	0.945973533713	0.292255533698	0.050733690975
0.295737757102	-0.241627716512	0.924205185896	0.167512408938
0.000000000000	0.000000000000	0.000000000000	1.000000000000
51	55	57
0.775376988208	0.521809738872	-0.355675586141	-0.043533356129
-0.162004106331	0.708739509922	0.686617052372	0.076364098113
0.610364805415	-0.474766156644	0.634075627048	0.251977213310
0.000000000000	0.000000000000	0.000000000000	1.000000000000
52	53	57
-0.606048576072	-0.436220303771	0.665144322699	-1.775618982023
0.401103488345	0.554511941523	0.729131331343	-0.293805898171
-0.686892360620	0.708680713217	-0.161091687045	2.242040350523
0.000000000000	0.000000000000	0.000000000000	1.000000000000
52	54	57
-0.321025004862	-0.292943212535	0.900626015882	-1.891125942268
0.277754567230	0.880021575024	0.385245931679	-0.382849016379
-0.905425505846	0.373826566368	-0.201142615180	2.250372773971
0.000000000000	0.000000000000	0.000000000000	1.000000000000
54	55	57
0.991399128414	-0.130606067146	0.008356040001	-0.198289810667
0.116019909961	0.906632575266	0.405655955162	0.100701484008
-0.060556986983	-0.401197493376	0.913987649061	0.132780341334
0.000000000000	0.000000000000	0.000000000000	1.000000000000
